,0,1,2,3,4,5,6,7,8,9,10,11,12,13,14,15,16,17,18,19,20,21,22,23,24,25,26,27,28,29,30,31,32,33,34,35,36,37,38,39,40,41,42,43,44,45,46,47,48,49,50,51,52,53,54,55,56,57,58,59,60,61,62,63,64,65,66,67,68,69,70,71,72,73,74,75,76,77,78,79
0,1.0,0.107,0.337,0.234,0.36,0.079,0.208,0.526,0.444,0.361,0.258,0.512,0.427,0.331,0.385,0.098,0.392,0.067,0.458,0.486,0.057,0.289,0.293,0.048,0.717,0.228,0.572,0.343,0.139,0.317,0.595,0.693,0.302,0.456,0.097,0.258,0.272,0.446,0.949,0.572,0.298,0.311,0.806,0.624,0.291,0.449,0.209,0.347,0.901,0.295,0.256,0.442,0.046,0.281,0.308,0.379,0.609,0.229,0.608,0.729,0.262,0.246,0.298,0.607,0.436,0.382,0.138,0.686,0.185,0.218,0.068,0.362,0.099,0.141,0.339,0.376,0.247,0.265,0.418,0.517
1,0.107,1.0,0.41,0.119,0.388,0.801,0.325,0.276,0.219,0.459,0.145,0.325,0.231,0.346,0.221,0.055,0.29,0.781,0.165,0.237,0.157,0.342,0.219,0.546,0.137,0.146,0.511,0.357,0.388,0.476,0.161,0.406,0.171,0.291,0.411,0.437,0.249,0.31,0.241,0.293,0.119,0.745,0.191,0.181,0.429,0.29,0.392,0.305,0.224,0.253,0.363,0.218,0.535,0.272,0.741,0.422,0.024,0.257,0.441,0.392,0.341,0.364,0.24,0.022,0.178,0.285,0.278,0.374,0.461,0.173,0.797,0.18,0.119,0.353,0.419,0.496,0.377,0.445,0.22,0.471
2,0.337,0.41,1.0,0.684,0.423,0.332,0.125,0.085,0.376,0.42,0.701,0.307,0.366,0.052,0.3,0.285,0.037,0.327,0.327,0.332,0.199,0.344,0.605,0.202,0.603,0.703,0.428,0.059,0.241,0.451,0.383,0.597,0.236,0.054,0.185,0.041,0.742,0.038,0.475,0.091,0.091,0.561,0.253,0.116,0.038,0.046,0.817,0.117,0.545,0.777,0.184,0.335,0.22,0.606,0.578,0.423,0.0,0.213,0.416,0.56,0.315,0.803,0.59,0.003,0.321,0.031,0.083,0.59,0.242,0.145,0.322,0.226,0.291,0.087,1.0,0.257,0.022,0.047,0.337,0.882
3,0.234,0.119,0.684,1.0,0.187,0.004,0.167,0.278,0.069,0.114,1.0,0.319,0.052,0.018,0.01,0.293,0.032,0.011,0.042,0.072,0.527,0.068,0.936,0.09,0.673,1.0,0.271,0.061,0.017,0.127,0.101,0.358,0.0,0.088,0.024,0.026,0.724,0.122,0.299,0.253,0.463,0.194,0.063,0.072,0.014,0.092,0.501,0.058,0.34,0.706,0.176,0.048,0.078,0.939,0.216,0.121,0.022,0.035,0.255,0.333,0.117,0.517,0.935,0.027,0.052,0.026,0.215,0.176,0.055,0.092,0.009,0.003,0.586,0.139,0.688,0.032,0.018,0.023,0.053,0.376
4,0.36,0.388,0.423,0.187,1.0,0.442,0.523,0.25,0.314,0.928,0.192,0.032,0.218,0.132,0.446,0.422,0.666,0.437,0.274,0.207,0.108,0.741,0.119,0.389,0.403,0.168,0.646,0.032,0.182,0.263,0.243,0.369,0.479,0.484,0.106,0.568,0.178,0.5,0.509,0.238,0.062,0.364,0.678,0.207,0.582,0.489,0.585,0.047,0.418,0.198,0.684,0.254,0.404,0.13,0.357,0.924,0.398,0.547,0.648,0.268,0.572,0.577,0.121,0.362,0.31,0.646,0.279,0.657,0.658,0.533,0.442,0.459,0.152,0.306,0.433,0.849,0.412,0.583,0.278,0.533
5,0.079,0.801,0.332,0.004,0.442,1.0,0.187,0.412,0.322,0.555,0.011,0.107,0.257,0.246,0.411,0.361,0.311,1.0,0.295,0.27,0.075,0.523,0.012,0.892,0.05,0.005,0.33,0.197,0.529,0.535,0.179,0.221,0.465,0.572,0.5,0.662,0.138,0.551,0.168,0.408,0.289,0.679,0.318,0.192,0.632,0.574,0.431,0.205,0.136,0.17,0.229,0.365,0.878,0.019,0.71,0.568,0.138,0.51,0.322,0.213,0.478,0.409,0.015,0.113,0.311,0.285,0.665,0.475,0.764,0.546,1.0,0.436,0.032,0.696,0.331,0.604,0.419,0.629,0.342,0.474
6,0.208,0.325,0.125,0.167,0.523,0.187,1.0,0.057,0.085,0.298,0.175,0.065,0.041,0.675,0.146,0.11,0.755,0.2,0.069,0.015,0.637,0.167,0.124,0.132,0.394,0.171,0.241,0.148,0.016,0.023,0.027,0.095,0.131,0.248,0.069,0.425,0.054,0.218,0.183,0.058,0.052,0.179,0.267,0.102,0.43,0.25,0.152,0.531,0.093,0.053,0.985,0.088,0.159,0.123,0.178,0.305,0.494,0.125,0.253,0.039,0.356,0.146,0.142,0.478,0.06,0.743,0.125,0.157,0.164,0.138,0.18,0.169,0.596,0.161,0.126,0.293,0.645,0.416,0.087,0.126
7,0.526,0.276,0.085,0.278,0.25,0.412,0.057,1.0,0.547,0.332,0.261,0.416,0.473,0.0,0.595,0.417,0.154,0.394,0.496,0.442,0.145,0.421,0.394,0.45,0.382,0.247,0.374,0.405,0.222,0.233,0.39,0.428,0.582,0.855,0.187,0.405,0.095,0.857,0.574,1.0,0.709,0.512,0.69,0.514,0.426,0.85,0.045,0.015,0.465,0.096,0.075,0.539,0.47,0.381,0.509,0.333,0.292,0.528,0.355,0.495,0.284,0.042,0.391,0.273,0.482,0.145,0.606,0.502,0.495,0.652,0.417,0.537,0.166,0.509,0.075,0.437,0.068,0.44,0.556,0.28
8,0.444,0.219,0.376,0.069,0.314,0.322,0.085,0.547,1.0,0.399,0.053,0.368,0.952,0.038,0.931,0.195,0.024,0.37,0.988,0.792,0.022,0.485,0.073,0.192,0.329,0.05,0.266,0.242,0.265,0.328,0.779,0.46,0.863,0.51,0.241,0.066,0.197,0.514,0.536,0.568,0.072,0.668,0.635,0.291,0.091,0.495,0.219,0.069,0.523,0.204,0.115,1.0,0.212,0.072,0.691,0.357,0.064,0.668,0.256,0.516,0.279,0.229,0.083,0.064,0.991,0.027,0.169,0.645,0.344,0.467,0.379,0.919,0.061,0.12,0.328,0.328,0.02,0.072,1.0,0.616
9,0.361,0.459,0.42,0.114,0.928,0.555,0.298,0.332,0.399,1.0,0.141,0.055,0.349,0.021,0.494,0.484,0.432,0.529,0.376,0.355,0.018,0.915,0.09,0.495,0.299,0.121,0.739,0.056,0.247,0.35,0.381,0.468,0.563,0.57,0.147,0.581,0.177,0.579,0.512,0.339,0.144,0.419,0.714,0.22,0.563,0.565,0.598,0.002,0.457,0.192,0.438,0.377,0.491,0.077,0.434,1.0,0.254,0.689,0.719,0.378,0.419,0.599,0.083,0.22,0.364,0.452,0.36,0.72,0.804,0.676,0.554,0.519,0.032,0.407,0.438,0.944,0.206,0.58,0.375,0.614
10,0.258,0.145,0.701,1.0,0.192,0.011,0.175,0.261,0.053,0.141,1.0,0.296,0.063,0.024,0.009,0.337,0.018,0.007,0.042,0.062,0.527,0.057,0.943,0.089,0.667,1.0,0.267,0.058,0.023,0.133,0.099,0.354,0.0,0.104,0.028,0.013,0.726,0.106,0.313,0.244,0.425,0.186,0.056,0.067,0.02,0.09,0.519,0.05,0.339,0.694,0.197,0.053,0.082,0.935,0.208,0.13,0.024,0.023,0.261,0.331,0.122,0.527,0.945,0.032,0.05,0.028,0.214,0.177,0.06,0.1,0.008,0.004,0.583,0.155,0.688,0.034,0.021,0.021,0.048,0.387
11,0.512,0.325,0.307,0.319,0.032,0.107,0.065,0.416,0.368,0.055,0.296,1.0,0.176,0.234,0.352,0.064,0.048,0.102,0.275,0.123,0.019,0.005,0.42,0.021,0.287,0.316,0.151,0.763,0.47,0.642,0.143,0.256,0.227,0.197,0.464,0.005,0.565,0.195,0.445,0.431,0.176,0.341,0.373,0.8,0.005,0.177,0.295,0.465,0.362,0.561,0.045,0.338,0.011,0.426,0.327,0.045,0.36,0.044,0.211,0.328,0.351,0.276,0.42,0.363,0.27,0.037,0.055,0.403,0.011,0.124,0.116,0.278,0.017,0.023,0.313,0.03,0.019,0.007,0.366,0.346
12,0.427,0.231,0.366,0.052,0.218,0.257,0.041,0.473,0.952,0.349,0.063,0.176,1.0,0.094,0.784,0.13,0.014,0.27,0.963,0.933,0.029,0.503,0.085,0.14,0.348,0.05,0.353,0.133,0.139,0.194,0.926,0.586,0.766,0.403,0.116,0.048,0.168,0.399,0.515,0.471,0.084,0.64,0.521,0.151,0.039,0.417,0.135,0.071,0.577,0.142,0.053,0.93,0.123,0.075,0.675,0.34,0.017,0.682,0.333,0.647,0.126,0.134,0.077,0.023,0.952,0.019,0.11,0.567,0.298,0.352,0.269,0.805,0.059,0.075,0.333,0.335,0.045,0.047,0.936,0.564
13,0.331,0.346,0.052,0.018,0.132,0.246,0.675,0.0,0.038,0.021,0.024,0.234,0.094,1.0,0.013,0.022,0.671,0.257,0.071,0.147,0.363,0.002,0.008,0.229,0.172,0.019,0.006,0.297,0.057,0.123,0.162,0.076,0.001,0.097,0.152,0.317,0.079,0.066,0.161,0.004,0.01,0.133,0.136,0.185,0.321,0.069,0.017,0.857,0.146,0.071,0.572,0.049,0.22,0.007,0.139,0.019,0.599,0.011,0.007,0.144,0.118,0.009,0.006,0.636,0.076,0.662,0.186,0.039,0.06,0.02,0.256,0.005,0.317,0.243,0.061,0.04,0.748,0.298,0.052,0.059
14,0.385,0.221,0.3,0.01,0.446,0.411,0.146,0.595,0.931,0.494,0.009,0.352,0.784,0.013,1.0,0.405,0.088,0.431,0.91,0.586,0.025,0.61,0.022,0.329,0.243,0.014,0.274,0.326,0.339,0.364,0.587,0.326,0.98,0.63,0.276,0.204,0.129,0.597,0.456,0.576,0.155,0.602,0.708,0.384,0.172,0.613,0.25,0.075,0.384,0.127,0.193,0.93,0.323,0.027,0.632,0.51,0.18,0.774,0.245,0.388,0.435,0.249,0.011,0.208,0.901,0.121,0.308,0.715,0.523,0.692,0.455,0.994,0.047,0.269,0.293,0.468,0.029,0.178,0.923,0.579
15,0.098,0.055,0.285,0.293,0.422,0.361,0.11,0.417,0.195,0.484,0.337,0.064,0.13,0.022,0.405,1.0,0.177,0.37,0.188,0.086,0.31,0.52,0.268,0.565,0.018,0.348,0.073,0.319,0.395,0.273,0.067,0.004,0.432,0.426,0.344,0.332,0.187,0.441,0.106,0.412,0.592,0.071,0.433,0.332,0.307,0.435,0.466,0.066,0.044,0.15,0.137,0.192,0.569,0.273,0.08,0.472,0.28,0.494,0.07,0.021,0.26,0.431,0.277,0.295,0.188,0.177,0.622,0.347,0.634,0.836,0.367,0.439,0.297,0.536,0.244,0.413,0.049,0.329,0.201,0.249
16,0.392,0.29,0.037,0.032,0.666,0.311,0.755,0.154,0.024,0.432,0.018,0.048,0.014,0.671,0.088,0.177,1.0,0.347,0.028,0.033,0.177,0.214,0.007,0.342,0.272,0.029,0.306,0.045,0.057,0.029,0.056,0.077,0.101,0.402,0.019,0.712,0.008,0.403,0.29,0.144,0.107,0.107,0.415,0.22,0.73,0.386,0.157,0.374,0.208,0.005,0.795,0.025,0.344,0.013,0.112,0.453,0.769,0.119,0.306,0.051,0.518,0.15,0.014,0.731,0.03,1.0,0.319,0.21,0.351,0.308,0.324,0.116,0.201,0.418,0.04,0.446,0.901,0.713,0.032,0.088
17,0.067,0.781,0.327,0.011,0.437,1.0,0.2,0.394,0.37,0.529,0.007,0.102,0.27,0.257,0.431,0.37,0.347,1.0,0.316,0.234,0.09,0.542,0.011,0.885,0.043,0.006,0.304,0.182,0.548,0.499,0.21,0.176,0.459,0.548,0.517,0.669,0.148,0.547,0.197,0.399,0.278,0.705,0.332,0.193,0.648,0.567,0.429,0.222,0.129,0.163,0.216,0.381,0.882,0.014,0.722,0.522,0.112,0.498,0.337,0.209,0.463,0.427,0.008,0.133,0.321,0.308,0.663,0.496,0.783,0.544,1.0,0.441,0.046,0.733,0.36,0.59,0.407,0.634,0.336,0.495
18,0.458,0.165,0.327,0.042,0.274,0.295,0.069,0.496,0.988,0.376,0.042,0.275,0.963,0.071,0.91,0.188,0.028,0.316,1.0,0.833,0.036,0.511,0.059,0.161,0.345,0.035,0.305,0.211,0.229,0.256,0.817,0.483,0.873,0.451,0.193,0.055,0.162,0.447,0.532,0.481,0.044,0.658,0.609,0.254,0.074,0.424,0.206,0.093,0.526,0.173,0.115,0.992,0.164,0.064,0.633,0.379,0.053,0.71,0.294,0.55,0.211,0.179,0.046,0.052,1.0,0.032,0.129,0.625,0.292,0.44,0.329,0.896,0.07,0.098,0.355,0.36,0.012,0.069,0.995,0.598
19,0.486,0.237,0.332,0.072,0.207,0.27,0.015,0.442,0.792,0.355,0.062,0.123,0.933,0.147,0.586,0.086,0.033,0.234,0.833,1.0,0.036,0.537,0.119,0.137,0.316,0.05,0.471,0.11,0.041,0.115,0.988,0.727,0.63,0.362,0.035,0.067,0.079,0.376,0.606,0.474,0.123,0.603,0.553,0.126,0.058,0.363,0.102,0.116,0.685,0.079,0.026,0.779,0.136,0.119,0.631,0.361,0.081,0.632,0.462,0.788,0.038,0.093,0.091,0.064,0.838,0.023,0.065,0.536,0.294,0.245,0.241,0.639,0.055,0.062,0.336,0.369,0.074,0.057,0.787,0.541
20,0.057,0.157,0.199,0.527,0.108,0.075,0.637,0.145,0.022,0.018,0.527,0.019,0.029,0.363,0.025,0.31,0.177,0.09,0.036,0.036,1.0,0.003,0.37,0.166,0.458,0.514,0.122,0.265,0.248,0.165,0.03,0.124,0.011,0.126,0.336,0.127,0.252,0.127,0.077,0.157,0.421,0.079,0.016,0.067,0.132,0.121,0.197,0.457,0.1,0.237,0.575,0.022,0.141,0.353,0.062,0.019,0.076,0.005,0.133,0.079,0.081,0.217,0.395,0.065,0.032,0.179,0.199,0.043,0.038,0.044,0.084,0.018,0.989,0.228,0.214,0.029,0.171,0.138,0.038,0.096
21,0.289,0.342,0.344,0.068,0.741,0.523,0.167,0.421,0.485,0.915,0.057,0.005,0.503,0.002,0.61,0.52,0.214,0.542,0.511,0.537,0.003,1.0,0.026,0.563,0.162,0.062,0.589,0.052,0.159,0.222,0.536,0.451,0.73,0.655,0.131,0.462,0.078,0.649,0.423,0.399,0.171,0.392,0.635,0.126,0.481,0.667,0.416,0.031,0.401,0.089,0.244,0.499,0.556,0.024,0.389,0.918,0.105,0.917,0.592,0.406,0.195,0.434,0.033,0.118,0.513,0.247,0.457,0.617,0.869,0.755,0.512,0.658,0.002,0.464,0.343,0.894,0.061,0.443,0.475,0.533
22,0.293,0.219,0.605,0.936,0.119,0.012,0.124,0.394,0.073,0.09,0.943,0.42,0.085,0.008,0.022,0.268,0.007,0.011,0.059,0.119,0.37,0.026,1.0,0.053,0.606,0.945,0.273,0.19,0.005,0.088,0.12,0.399,0.011,0.145,0.004,0.016,0.621,0.142,0.309,0.37,0.489,0.292,0.072,0.171,0.016,0.165,0.368,0.011,0.371,0.62,0.123,0.08,0.044,1.0,0.252,0.08,0.053,0.005,0.293,0.414,0.091,0.367,1.0,0.049,0.059,0.008,0.165,0.158,0.024,0.102,0.007,0.015,0.446,0.13,0.601,0.023,0.008,0.013,0.081,0.328
23,0.048,0.546,0.202,0.09,0.389,0.892,0.132,0.45,0.192,0.495,0.089,0.021,0.14,0.229,0.329,0.565,0.342,0.885,0.161,0.137,0.166,0.563,0.053,1.0,0.023,0.07,0.202,0.118,0.478,0.356,0.078,0.061,0.432,0.678,0.459,0.769,0.128,0.686,0.095,0.435,0.501,0.374,0.281,0.152,0.793,0.667,0.351,0.16,0.042,0.126,0.151,0.212,1.0,0.048,0.401,0.502,0.209,0.534,0.202,0.067,0.361,0.344,0.048,0.209,0.166,0.329,0.912,0.334,0.876,0.705,0.889,0.351,0.131,0.956,0.201,0.636,0.409,0.773,0.196,0.283
24,0.717,0.137,0.603,0.673,0.403,0.05,0.394,0.382,0.329,0.299,0.667,0.287,0.348,0.172,0.243,0.018,0.272,0.043,0.345,0.316,0.458,0.162,0.606,0.023,1.0,0.701,0.589,0.038,0.031,0.176,0.43,0.646,0.163,0.325,0.028,0.211,0.543,0.317,0.759,0.359,0.31,0.335,0.472,0.229,0.219,0.364,0.363,0.189,0.787,0.531,0.443,0.358,0.022,0.6,0.329,0.274,0.273,0.121,0.563,0.616,0.23,0.373,0.579,0.266,0.34,0.272,0.135,0.526,0.063,0.041,0.059,0.233,0.594,0.121,0.607,0.23,0.18,0.221,0.317,0.576
25,0.228,0.146,0.703,1.0,0.168,0.005,0.171,0.247,0.05,0.121,1.0,0.316,0.05,0.019,0.014,0.348,0.029,0.006,0.035,0.05,0.514,0.062,0.945,0.07,0.701,1.0,0.275,0.061,0.021,0.129,0.095,0.354,0.0,0.11,0.033,0.021,0.719,0.081,0.303,0.26,0.429,0.193,0.052,0.085,0.013,0.1,0.537,0.068,0.343,0.739,0.213,0.07,0.074,0.937,0.2,0.122,0.028,0.013,0.265,0.33,0.152,0.534,0.943,0.032,0.055,0.04,0.232,0.18,0.046,0.099,0.007,0.003,0.556,0.152,0.682,0.031,0.021,0.03,0.055,0.392
26,0.572,0.511,0.428,0.271,0.646,0.33,0.241,0.374,0.266,0.739,0.267,0.151,0.353,0.006,0.274,0.073,0.306,0.304,0.305,0.471,0.122,0.589,0.273,0.202,0.589,0.275,1.0,0.141,0.156,0.261,0.553,0.841,0.275,0.44,0.12,0.41,0.165,0.44,0.776,0.364,0.237,0.419,0.588,0.296,0.422,0.418,0.348,0.015,0.776,0.18,0.295,0.281,0.22,0.295,0.387,0.736,0.17,0.432,1.0,0.742,0.265,0.377,0.272,0.178,0.3,0.311,0.128,0.658,0.44,0.183,0.329,0.257,0.15,0.171,0.413,0.721,0.145,0.417,0.279,0.561
27,0.343,0.357,0.059,0.061,0.032,0.197,0.148,0.405,0.242,0.056,0.058,0.763,0.133,0.297,0.326,0.319,0.045,0.182,0.211,0.11,0.265,0.052,0.19,0.118,0.038,0.061,0.141,1.0,0.655,0.649,0.105,0.175,0.24,0.143,0.684,0.017,0.166,0.182,0.27,0.398,0.356,0.222,0.378,0.87,0.02,0.177,0.131,0.526,0.225,0.173,0.11,0.249,0.12,0.2,0.233,0.054,0.347,0.065,0.127,0.265,0.255,0.13,0.183,0.331,0.226,0.037,0.125,0.324,0.081,0.283,0.204,0.265,0.149,0.098,0.05,0.055,0.013,0.026,0.251,0.195
28,0.139,0.388,0.241,0.017,0.182,0.529,0.016,0.222,0.265,0.247,0.023,0.47,0.139,0.057,0.339,0.395,0.057,0.548,0.229,0.041,0.248,0.159,0.005,0.478,0.031,0.021,0.156,0.655,1.0,0.879,0.034,0.043,0.217,0.192,0.957,0.281,0.371,0.192,0.153,0.226,0.339,0.336,0.301,0.623,0.288,0.183,0.471,0.249,0.055,0.367,0.013,0.308,0.47,0.002,0.327,0.202,0.171,0.092,0.143,0.058,0.584,0.509,0.004,0.168,0.236,0.074,0.342,0.417,0.309,0.34,0.577,0.306,0.202,0.388,0.221,0.216,0.087,0.282,0.288,0.358
29,0.317,0.476,0.451,0.127,0.263,0.535,0.023,0.233,0.328,0.35,0.133,0.642,0.194,0.123,0.364,0.273,0.029,0.499,0.256,0.115,0.165,0.222,0.088,0.356,0.176,0.129,0.261,0.649,0.879,1.0,0.141,0.216,0.227,0.147,0.894,0.178,0.585,0.149,0.34,0.205,0.111,0.475,0.391,0.692,0.169,0.144,0.7,0.418,0.266,0.593,0.03,0.311,0.368,0.097,0.467,0.327,0.144,0.116,0.252,0.236,0.539,0.705,0.106,0.154,0.274,0.046,0.178,0.637,0.339,0.252,0.528,0.31,0.136,0.201,0.441,0.288,0.026,0.171,0.31,0.613
30,0.595,0.161,0.383,0.101,0.243,0.179,0.027,0.39,0.779,0.381,0.099,0.143,0.926,0.162,0.587,0.067,0.056,0.21,0.817,0.988,0.03,0.536,0.12,0.078,0.43,0.095,0.553,0.105,0.034,0.141,1.0,0.79,0.607,0.323,0.035,0.064,0.128,0.345,0.674,0.409,0.079,0.542,0.571,0.163,0.072,0.322,0.124,0.145,0.748,0.105,0.044,0.751,0.084,0.119,0.552,0.391,0.092,0.589,0.525,0.848,0.03,0.15,0.122,0.091,0.835,0.051,0.024,0.592,0.235,0.23,0.199,0.643,0.082,0.022,0.41,0.418,0.068,0.072,0.767,0.608
31,0.693,0.406,0.597,0.358,0.369,0.221,0.095,0.428,0.46,0.468,0.354,0.256,0.586,0.076,0.326,0.004,0.077,0.176,0.483,0.727,0.124,0.451,0.399,0.061,0.646,0.354,0.841,0.175,0.043,0.216,0.79,1.0,0.336,0.323,0.037,0.162,0.239,0.324,0.832,0.416,0.254,0.547,0.554,0.31,0.151,0.319,0.29,0.075,0.947,0.237,0.133,0.453,0.059,0.408,0.548,0.479,0.143,0.362,0.849,0.975,0.099,0.279,0.396,0.172,0.467,0.085,0.035,0.632,0.235,0.111,0.232,0.359,0.172,0.046,0.589,0.423,0.017,0.133,0.468,0.682
32,0.302,0.171,0.236,0.0,0.479,0.465,0.131,0.582,0.863,0.563,0.0,0.227,0.766,0.001,0.98,0.432,0.101,0.459,0.873,0.63,0.011,0.73,0.011,0.432,0.163,0.0,0.275,0.24,0.217,0.227,0.607,0.336,1.0,0.661,0.197,0.255,0.046,0.677,0.394,0.551,0.172,0.557,0.649,0.28,0.253,0.657,0.189,0.013,0.361,0.036,0.196,0.881,0.398,0.01,0.54,0.562,0.144,0.911,0.285,0.337,0.297,0.201,0.015,0.152,0.874,0.101,0.396,0.609,0.603,0.754,0.417,0.989,0.023,0.341,0.234,0.537,0.031,0.252,0.881,0.504
33,0.456,0.291,0.054,0.088,0.484,0.572,0.248,0.855,0.51,0.57,0.104,0.197,0.403,0.097,0.63,0.426,0.402,0.548,0.451,0.362,0.126,0.655,0.145,0.678,0.325,0.11,0.44,0.143,0.192,0.147,0.323,0.323,0.661,1.0,0.132,0.713,0.032,1.0,0.486,0.854,0.578,0.427,0.721,0.394,0.723,1.0,0.111,0.01,0.378,0.019,0.283,0.493,0.682,0.133,0.406,0.57,0.382,0.701,0.427,0.294,0.358,0.091,0.137,0.353,0.462,0.406,0.784,0.51,0.776,0.749,0.543,0.627,0.148,0.741,0.055,0.693,0.252,0.703,0.486,0.273
34,0.097,0.411,0.185,0.024,0.106,0.5,0.069,0.187,0.241,0.147,0.028,0.464,0.116,0.152,0.276,0.344,0.019,0.517,0.193,0.035,0.336,0.131,0.004,0.459,0.028,0.033,0.12,0.684,0.957,0.894,0.035,0.037,0.197,0.132,1.0,0.219,0.36,0.117,0.124,0.184,0.286,0.263,0.215,0.566,0.219,0.12,0.466,0.404,0.049,0.382,0.019,0.248,0.435,0.002,0.281,0.184,0.101,0.059,0.101,0.073,0.404,0.442,0.003,0.076,0.194,0.021,0.267,0.322,0.248,0.259,0.494,0.241,0.27,0.313,0.199,0.179,0.063,0.212,0.241,0.302
35,0.258,0.437,0.041,0.026,0.568,0.662,0.425,0.405,0.066,0.581,0.013,0.005,0.048,0.317,0.204,0.332,0.712,0.669,0.055,0.067,0.127,0.462,0.016,0.769,0.211,0.021,0.41,0.017,0.281,0.178,0.064,0.162,0.255,0.713,0.219,1.0,0.043,0.712,0.276,0.428,0.451,0.222,0.407,0.169,1.0,0.728,0.188,0.164,0.197,0.047,0.449,0.064,0.773,0.02,0.219,0.594,0.47,0.388,0.406,0.094,0.427,0.167,0.015,0.475,0.061,0.718,0.726,0.259,0.726,0.534,0.636,0.203,0.113,0.857,0.042,0.743,0.642,1.0,0.082,0.122
36,0.272,0.249,0.742,0.724,0.178,0.138,0.054,0.095,0.197,0.177,0.726,0.565,0.168,0.079,0.129,0.187,0.008,0.148,0.162,0.079,0.252,0.078,0.621,0.128,0.543,0.719,0.165,0.166,0.371,0.585,0.128,0.239,0.046,0.032,0.36,0.043,1.0,0.022,0.305,0.104,0.098,0.331,0.139,0.235,0.035,0.02,0.818,0.265,0.303,1.0,0.074,0.223,0.134,0.616,0.34,0.188,0.036,0.009,0.147,0.265,0.379,0.794,0.623,0.032,0.183,0.008,0.081,0.395,0.123,0.025,0.144,0.061,0.33,0.081,0.748,0.063,0.004,0.036,0.202,0.589
37,0.446,0.31,0.038,0.122,0.5,0.551,0.218,0.857,0.514,0.579,0.106,0.195,0.399,0.066,0.597,0.441,0.403,0.547,0.447,0.376,0.127,0.649,0.142,0.686,0.317,0.081,0.44,0.182,0.192,0.149,0.345,0.324,0.677,1.0,0.117,0.712,0.022,1.0,0.463,0.865,0.581,0.435,0.743,0.352,0.72,1.0,0.081,0.019,0.354,0.021,0.302,0.499,0.672,0.151,0.442,0.608,0.385,0.672,0.405,0.34,0.356,0.103,0.134,0.376,0.43,0.383,0.75,0.519,0.759,0.783,0.567,0.646,0.147,0.755,0.048,0.704,0.245,0.705,0.466,0.258
38,0.949,0.241,0.475,0.299,0.509,0.168,0.183,0.574,0.536,0.512,0.313,0.445,0.515,0.161,0.456,0.106,0.29,0.197,0.532,0.606,0.077,0.423,0.309,0.095,0.759,0.303,0.776,0.27,0.153,0.34,0.674,0.832,0.394,0.486,0.124,0.276,0.305,0.463,1.0,0.57,0.268,0.471,0.867,0.56,0.271,0.497,0.35,0.208,0.96,0.29,0.255,0.481,0.1,0.311,0.455,0.545,0.407,0.346,0.738,0.806,0.283,0.326,0.313,0.406,0.533,0.301,0.09,0.834,0.273,0.264,0.197,0.425,0.15,0.118,0.452,0.508,0.133,0.271,0.505,0.68
39,0.572,0.293,0.091,0.253,0.238,0.408,0.058,1.0,0.568,0.339,0.244,0.431,0.471,0.004,0.576,0.412,0.144,0.399,0.481,0.474,0.157,0.399,0.37,0.435,0.359,0.26,0.364,0.398,0.226,0.205,0.409,0.416,0.551,0.854,0.184,0.428,0.104,0.865,0.57,1.0,0.708,0.521,0.676,0.544,0.425,0.843,0.049,0.016,0.462,0.092,0.086,0.546,0.465,0.404,0.501,0.341,0.282,0.541,0.385,0.449,0.254,0.039,0.394,0.266,0.48,0.139,0.621,0.499,0.525,0.602,0.447,0.557,0.17,0.522,0.077,0.443,0.072,0.397,0.517,0.261
40,0.298,0.119,0.091,0.463,0.062,0.289,0.052,0.709,0.072,0.144,0.425,0.176,0.084,0.01,0.155,0.592,0.107,0.278,0.044,0.123,0.421,0.171,0.489,0.501,0.31,0.429,0.237,0.356,0.339,0.111,0.079,0.254,0.172,0.578,0.286,0.451,0.098,0.581,0.268,0.708,1.0,0.112,0.27,0.377,0.45,0.59,0.045,0.01,0.271,0.112,0.022,0.08,0.561,0.553,0.114,0.114,0.272,0.195,0.242,0.275,0.115,0.039,0.532,0.235,0.069,0.111,0.722,0.111,0.38,0.496,0.289,0.161,0.398,0.629,0.081,0.252,0.113,0.451,0.076,0.005
41,0.311,0.745,0.561,0.194,0.364,0.679,0.179,0.512,0.668,0.419,0.186,0.341,0.64,0.133,0.602,0.071,0.107,0.705,0.658,0.603,0.079,0.392,0.292,0.374,0.335,0.193,0.419,0.222,0.336,0.475,0.542,0.547,0.557,0.427,0.263,0.222,0.331,0.435,0.471,0.521,0.112,1.0,0.448,0.237,0.202,0.449,0.434,0.103,0.465,0.348,0.237,0.682,0.372,0.27,1.0,0.435,0.016,0.436,0.423,0.591,0.475,0.413,0.3,0.017,0.621,0.148,0.214,0.661,0.427,0.283,0.68,0.584,0.073,0.249,0.577,0.398,0.224,0.218,0.684,0.729
42,0.806,0.191,0.253,0.063,0.678,0.318,0.267,0.69,0.635,0.714,0.056,0.373,0.521,0.136,0.708,0.433,0.415,0.332,0.609,0.553,0.016,0.635,0.072,0.281,0.472,0.052,0.588,0.378,0.301,0.391,0.571,0.554,0.649,0.721,0.215,0.407,0.139,0.743,0.867,0.676,0.27,0.448,1.0,0.656,0.451,0.735,0.322,0.17,0.682,0.15,0.327,0.631,0.311,0.076,0.453,0.711,0.514,0.601,0.635,0.545,0.448,0.33,0.061,0.51,0.628,0.421,0.318,0.869,0.598,0.649,0.332,0.698,0.04,0.275,0.255,0.689,0.16,0.451,0.624,0.564
43,0.624,0.181,0.116,0.072,0.207,0.192,0.102,0.514,0.291,0.22,0.067,0.8,0.151,0.185,0.384,0.332,0.22,0.193,0.254,0.126,0.067,0.126,0.171,0.152,0.229,0.085,0.296,0.87,0.623,0.692,0.163,0.31,0.28,0.394,0.566,0.169,0.235,0.352,0.56,0.544,0.377,0.237,0.656,1.0,0.157,0.406,0.255,0.421,0.428,0.225,0.145,0.32,0.149,0.19,0.266,0.221,0.647,0.112,0.289,0.358,0.494,0.263,0.166,0.613,0.253,0.218,0.211,0.552,0.198,0.374,0.23,0.373,0.035,0.169,0.116,0.188,0.104,0.149,0.306,0.31
44,0.291,0.429,0.038,0.014,0.582,0.632,0.43,0.426,0.091,0.563,0.02,0.005,0.039,0.321,0.172,0.307,0.73,0.648,0.074,0.058,0.132,0.481,0.016,0.793,0.219,0.013,0.422,0.02,0.288,0.169,0.072,0.151,0.253,0.723,0.219,1.0,0.035,0.72,0.271,0.425,0.45,0.202,0.451,0.157,1.0,0.738,0.175,0.151,0.153,0.037,0.446,0.082,0.774,0.016,0.239,0.576,0.495,0.372,0.46,0.087,0.41,0.196,0.016,0.458,0.057,0.723,0.749,0.23,0.709,0.526,0.641,0.178,0.14,0.847,0.042,0.74,0.63,1.0,0.07,0.11
45,0.449,0.29,0.046,0.092,0.489,0.574,0.25,0.85,0.495,0.565,0.09,0.177,0.417,0.069,0.613,0.435,0.386,0.567,0.424,0.363,0.121,0.667,0.165,0.667,0.364,0.1,0.418,0.177,0.183,0.144,0.322,0.319,0.657,1.0,0.12,0.728,0.02,1.0,0.497,0.843,0.59,0.449,0.735,0.406,0.738,1.0,0.121,0.01,0.386,0.02,0.302,0.493,0.673,0.146,0.436,0.595,0.384,0.706,0.437,0.32,0.338,0.101,0.134,0.39,0.465,0.354,0.755,0.496,0.777,0.762,0.558,0.643,0.128,0.753,0.041,0.718,0.24,0.732,0.471,0.253
46,0.209,0.392,0.817,0.501,0.585,0.431,0.152,0.045,0.219,0.598,0.519,0.295,0.135,0.017,0.25,0.466,0.157,0.429,0.206,0.102,0.197,0.416,0.368,0.351,0.363,0.537,0.348,0.131,0.471,0.7,0.124,0.29,0.189,0.111,0.466,0.188,0.818,0.081,0.35,0.049,0.045,0.434,0.322,0.255,0.175,0.121,1.0,0.152,0.289,0.775,0.238,0.224,0.362,0.366,0.451,0.609,0.076,0.208,0.383,0.245,0.596,1.0,0.361,0.088,0.213,0.16,0.192,0.598,0.452,0.314,0.425,0.232,0.252,0.206,0.822,0.421,0.078,0.182,0.214,0.779
47,0.347,0.305,0.117,0.058,0.047,0.205,0.531,0.015,0.069,0.002,0.05,0.465,0.071,0.857,0.075,0.066,0.374,0.222,0.093,0.116,0.457,0.031,0.011,0.16,0.189,0.068,0.015,0.526,0.249,0.418,0.145,0.075,0.013,0.01,0.404,0.164,0.265,0.019,0.208,0.016,0.01,0.103,0.17,0.421,0.151,0.01,0.152,1.0,0.153,0.266,0.436,0.092,0.165,0.021,0.125,0.003,0.437,0.011,0.012,0.146,0.047,0.157,0.005,0.437,0.094,0.361,0.094,0.174,0.053,0.003,0.215,0.043,0.399,0.147,0.131,0.012,0.441,0.142,0.073,0.177
48,0.901,0.224,0.545,0.34,0.418,0.136,0.093,0.465,0.523,0.457,0.339,0.362,0.577,0.146,0.384,0.044,0.208,0.129,0.526,0.685,0.1,0.401,0.371,0.042,0.787,0.343,0.776,0.225,0.055,0.266,0.748,0.947,0.361,0.378,0.049,0.197,0.303,0.354,0.96,0.462,0.271,0.465,0.682,0.428,0.153,0.386,0.289,0.153,1.0,0.299,0.144,0.536,0.039,0.378,0.47,0.441,0.307,0.322,0.777,0.933,0.155,0.301,0.364,0.255,0.532,0.181,0.056,0.73,0.193,0.148,0.147,0.381,0.122,0.056,0.553,0.412,0.085,0.173,0.461,0.674
49,0.295,0.253,0.777,0.706,0.198,0.17,0.053,0.096,0.204,0.192,0.694,0.561,0.142,0.071,0.127,0.15,0.005,0.163,0.173,0.079,0.237,0.089,0.62,0.126,0.531,0.739,0.18,0.173,0.367,0.593,0.105,0.237,0.036,0.019,0.382,0.047,1.0,0.021,0.29,0.092,0.112,0.348,0.15,0.225,0.037,0.02,0.775,0.266,0.299,1.0,0.086,0.183,0.134,0.605,0.341,0.194,0.032,0.002,0.153,0.253,0.365,0.796,0.634,0.035,0.195,0.01,0.101,0.401,0.106,0.025,0.183,0.082,0.358,0.097,0.76,0.094,0.006,0.029,0.192,0.572
50,0.256,0.363,0.184,0.176,0.684,0.229,0.985,0.075,0.115,0.438,0.197,0.045,0.053,0.572,0.193,0.137,0.795,0.216,0.115,0.026,0.575,0.244,0.123,0.151,0.443,0.213,0.295,0.11,0.013,0.03,0.044,0.133,0.196,0.283,0.019,0.449,0.074,0.302,0.255,0.086,0.022,0.237,0.327,0.145,0.446,0.302,0.238,0.436,0.144,0.086,1.0,0.135,0.161,0.135,0.247,0.421,0.517,0.167,0.32,0.066,0.468,0.208,0.141,0.537,0.113,0.797,0.135,0.269,0.235,0.197,0.229,0.212,0.576,0.195,0.17,0.372,0.653,0.472,0.108,0.208
51,0.442,0.218,0.335,0.048,0.254,0.365,0.088,0.539,1.0,0.377,0.053,0.338,0.93,0.049,0.93,0.192,0.025,0.381,0.992,0.779,0.022,0.499,0.08,0.212,0.358,0.07,0.281,0.249,0.308,0.311,0.751,0.453,0.881,0.493,0.248,0.064,0.223,0.499,0.481,0.546,0.08,0.682,0.631,0.32,0.082,0.493,0.224,0.092,0.536,0.183,0.135,1.0,0.173,0.078,0.698,0.378,0.051,0.693,0.276,0.546,0.266,0.215,0.07,0.051,0.99,0.031,0.158,0.658,0.34,0.454,0.338,0.927,0.057,0.135,0.317,0.349,0.008,0.07,1.0,0.61
52,0.046,0.535,0.22,0.078,0.404,0.878,0.159,0.47,0.212,0.491,0.082,0.011,0.123,0.22,0.323,0.569,0.344,0.882,0.164,0.136,0.141,0.556,0.044,1.0,0.022,0.074,0.22,0.12,0.47,0.368,0.084,0.059,0.398,0.682,0.435,0.773,0.134,0.672,0.1,0.465,0.561,0.372,0.311,0.149,0.774,0.673,0.362,0.165,0.039,0.134,0.161,0.173,1.0,0.046,0.391,0.512,0.205,0.519,0.238,0.057,0.353,0.332,0.029,0.217,0.167,0.332,0.92,0.316,0.855,0.713,0.858,0.377,0.117,0.957,0.185,0.599,0.404,0.772,0.21,0.308
53,0.281,0.272,0.606,0.939,0.13,0.019,0.123,0.381,0.072,0.077,0.935,0.426,0.075,0.007,0.027,0.273,0.013,0.014,0.064,0.119,0.353,0.024,1.0,0.048,0.6,0.937,0.295,0.2,0.002,0.097,0.119,0.408,0.01,0.133,0.002,0.02,0.616,0.151,0.311,0.404,0.553,0.27,0.076,0.19,0.016,0.146,0.366,0.021,0.378,0.605,0.135,0.078,0.046,1.0,0.316,0.092,0.067,0.011,0.29,0.411,0.092,0.418,1.0,0.047,0.057,0.012,0.188,0.157,0.025,0.115,0.011,0.013,0.449,0.151,0.596,0.021,0.008,0.018,0.084,0.317
54,0.308,0.741,0.578,0.216,0.357,0.71,0.178,0.509,0.691,0.434,0.208,0.327,0.675,0.139,0.632,0.08,0.112,0.722,0.633,0.631,0.062,0.389,0.252,0.401,0.329,0.2,0.387,0.233,0.327,0.467,0.552,0.548,0.54,0.406,0.281,0.219,0.34,0.442,0.455,0.501,0.114,1.0,0.453,0.266,0.239,0.436,0.451,0.125,0.47,0.341,0.247,0.698,0.391,0.316,1.0,0.43,0.023,0.443,0.393,0.602,0.471,0.45,0.284,0.022,0.654,0.116,0.22,0.683,0.395,0.281,0.716,0.57,0.086,0.244,0.57,0.392,0.223,0.236,0.682,0.734
55,0.379,0.422,0.423,0.121,0.924,0.568,0.305,0.333,0.357,1.0,0.13,0.045,0.34,0.019,0.51,0.472,0.453,0.522,0.379,0.361,0.019,0.918,0.08,0.502,0.274,0.122,0.736,0.054,0.202,0.327,0.391,0.479,0.562,0.57,0.184,0.594,0.188,0.608,0.545,0.341,0.114,0.435,0.711,0.221,0.576,0.595,0.609,0.003,0.441,0.194,0.421,0.378,0.512,0.092,0.43,1.0,0.217,0.727,0.737,0.399,0.453,0.59,0.083,0.227,0.371,0.443,0.365,0.715,0.824,0.674,0.526,0.506,0.042,0.4,0.42,0.945,0.189,0.586,0.386,0.605
56,0.609,0.024,0.0,0.022,0.398,0.138,0.494,0.292,0.064,0.254,0.024,0.36,0.017,0.599,0.18,0.28,0.769,0.112,0.053,0.081,0.076,0.105,0.053,0.209,0.273,0.028,0.17,0.347,0.171,0.144,0.092,0.143,0.144,0.382,0.101,0.47,0.036,0.385,0.407,0.282,0.272,0.016,0.514,0.647,0.495,0.384,0.076,0.437,0.307,0.032,0.517,0.051,0.205,0.067,0.023,0.217,1.0,0.077,0.161,0.183,0.556,0.09,0.052,1.0,0.043,0.792,0.32,0.258,0.209,0.367,0.114,0.143,0.061,0.312,0.001,0.205,0.636,0.461,0.061,0.074
57,0.229,0.257,0.213,0.035,0.547,0.51,0.125,0.528,0.668,0.689,0.023,0.044,0.682,0.011,0.774,0.494,0.119,0.498,0.71,0.632,0.005,0.917,0.005,0.534,0.121,0.013,0.432,0.065,0.092,0.116,0.589,0.362,0.911,0.701,0.059,0.388,0.009,0.672,0.346,0.541,0.195,0.436,0.601,0.112,0.372,0.706,0.208,0.011,0.322,0.002,0.167,0.693,0.519,0.011,0.443,0.727,0.077,1.0,0.424,0.326,0.15,0.224,0.007,0.079,0.704,0.125,0.499,0.536,0.787,0.771,0.504,0.853,0.01,0.448,0.224,0.736,0.039,0.381,0.683,0.422
58,0.608,0.441,0.416,0.255,0.648,0.322,0.253,0.355,0.256,0.719,0.261,0.211,0.333,0.007,0.245,0.07,0.306,0.337,0.294,0.462,0.133,0.592,0.293,0.202,0.563,0.265,1.0,0.127,0.143,0.252,0.525,0.849,0.285,0.427,0.101,0.406,0.147,0.405,0.738,0.385,0.242,0.423,0.635,0.289,0.46,0.437,0.383,0.012,0.777,0.153,0.32,0.276,0.238,0.29,0.393,0.737,0.161,0.424,1.0,0.764,0.245,0.381,0.284,0.189,0.268,0.315,0.134,0.633,0.442,0.177,0.333,0.265,0.146,0.173,0.423,0.744,0.136,0.406,0.255,0.542
59,0.729,0.392,0.56,0.333,0.268,0.213,0.039,0.495,0.516,0.378,0.331,0.328,0.647,0.144,0.388,0.021,0.051,0.209,0.55,0.788,0.079,0.406,0.414,0.067,0.616,0.33,0.742,0.265,0.058,0.236,0.848,0.975,0.337,0.294,0.073,0.094,0.265,0.34,0.806,0.449,0.275,0.591,0.545,0.358,0.087,0.32,0.245,0.146,0.933,0.253,0.066,0.546,0.057,0.411,0.602,0.399,0.183,0.326,0.764,1.0,0.085,0.281,0.412,0.167,0.542,0.035,0.029,0.649,0.207,0.106,0.198,0.33,0.112,0.032,0.576,0.417,0.016,0.086,0.493,0.685
60,0.262,0.341,0.315,0.117,0.572,0.478,0.356,0.284,0.279,0.419,0.122,0.351,0.126,0.118,0.435,0.26,0.518,0.463,0.211,0.038,0.081,0.195,0.091,0.361,0.23,0.152,0.265,0.255,0.584,0.539,0.03,0.099,0.297,0.358,0.404,0.427,0.379,0.356,0.283,0.254,0.115,0.475,0.448,0.494,0.41,0.338,0.596,0.047,0.155,0.365,0.468,0.266,0.353,0.092,0.471,0.453,0.556,0.15,0.245,0.085,1.0,0.584,0.076,0.546,0.216,0.536,0.285,0.518,0.344,0.387,0.487,0.344,0.125,0.307,0.317,0.365,0.495,0.419,0.289,0.411
61,0.246,0.364,0.803,0.517,0.577,0.409,0.146,0.042,0.229,0.599,0.527,0.276,0.134,0.009,0.249,0.431,0.15,0.427,0.179,0.093,0.217,0.434,0.367,0.344,0.373,0.534,0.377,0.13,0.509,0.705,0.15,0.279,0.201,0.091,0.442,0.167,0.794,0.103,0.326,0.039,0.039,0.413,0.33,0.263,0.196,0.101,1.0,0.157,0.301,0.796,0.208,0.215,0.332,0.418,0.45,0.59,0.09,0.224,0.381,0.281,0.584,1.0,0.373,0.085,0.208,0.186,0.171,0.62,0.439,0.329,0.43,0.201,0.234,0.197,0.81,0.413,0.077,0.195,0.217,0.787
62,0.298,0.24,0.59,0.935,0.121,0.015,0.142,0.391,0.083,0.083,0.945,0.42,0.077,0.006,0.011,0.277,0.014,0.008,0.046,0.091,0.395,0.033,1.0,0.048,0.579,0.943,0.272,0.183,0.004,0.106,0.122,0.396,0.015,0.137,0.003,0.015,0.623,0.134,0.313,0.394,0.532,0.3,0.061,0.166,0.016,0.134,0.361,0.005,0.364,0.634,0.141,0.07,0.029,1.0,0.284,0.083,0.052,0.007,0.284,0.412,0.076,0.373,1.0,0.045,0.059,0.007,0.19,0.166,0.022,0.104,0.013,0.009,0.432,0.127,0.602,0.011,0.006,0.02,0.064,0.321
63,0.607,0.022,0.003,0.027,0.362,0.113,0.478,0.273,0.064,0.22,0.032,0.363,0.023,0.636,0.208,0.295,0.731,0.133,0.052,0.064,0.065,0.118,0.049,0.209,0.266,0.032,0.178,0.331,0.168,0.154,0.091,0.172,0.152,0.353,0.076,0.475,0.032,0.376,0.406,0.266,0.235,0.017,0.51,0.613,0.458,0.39,0.088,0.437,0.255,0.035,0.537,0.051,0.217,0.047,0.022,0.227,1.0,0.079,0.189,0.167,0.546,0.085,0.045,1.0,0.053,0.743,0.332,0.286,0.214,0.371,0.129,0.163,0.059,0.339,0.001,0.233,0.679,0.47,0.063,0.065
64,0.436,0.178,0.321,0.052,0.31,0.311,0.06,0.482,0.991,0.364,0.05,0.27,0.952,0.076,0.901,0.188,0.03,0.321,1.0,0.838,0.032,0.513,0.059,0.166,0.34,0.055,0.3,0.226,0.236,0.274,0.835,0.467,0.874,0.462,0.194,0.061,0.183,0.43,0.533,0.48,0.069,0.621,0.628,0.253,0.057,0.465,0.213,0.094,0.532,0.195,0.113,0.99,0.167,0.057,0.654,0.371,0.043,0.704,0.268,0.542,0.216,0.208,0.059,0.053,1.0,0.027,0.162,0.643,0.352,0.401,0.328,0.927,0.066,0.085,0.33,0.34,0.015,0.063,0.99,0.613
65,0.382,0.285,0.031,0.026,0.646,0.285,0.743,0.145,0.027,0.452,0.028,0.037,0.019,0.662,0.121,0.177,1.0,0.308,0.032,0.023,0.179,0.247,0.008,0.329,0.272,0.04,0.311,0.037,0.074,0.046,0.051,0.085,0.101,0.406,0.021,0.718,0.008,0.383,0.301,0.139,0.111,0.148,0.421,0.218,0.723,0.354,0.16,0.361,0.181,0.01,0.797,0.031,0.332,0.012,0.116,0.443,0.792,0.125,0.315,0.035,0.536,0.186,0.007,0.743,0.027,1.0,0.347,0.201,0.358,0.277,0.311,0.108,0.188,0.422,0.043,0.458,0.906,0.717,0.035,0.095
66,0.138,0.278,0.083,0.215,0.279,0.665,0.125,0.606,0.169,0.36,0.214,0.055,0.11,0.186,0.308,0.622,0.319,0.663,0.129,0.065,0.199,0.457,0.165,0.912,0.135,0.232,0.128,0.125,0.342,0.178,0.024,0.035,0.396,0.784,0.267,0.726,0.081,0.75,0.09,0.621,0.722,0.214,0.318,0.211,0.749,0.755,0.192,0.094,0.056,0.101,0.135,0.158,0.92,0.188,0.22,0.365,0.32,0.499,0.134,0.029,0.285,0.171,0.19,0.332,0.162,0.347,1.0,0.178,0.784,0.779,0.679,0.361,0.17,0.984,0.083,0.479,0.379,0.736,0.178,0.089
67,0.686,0.374,0.59,0.176,0.657,0.475,0.157,0.502,0.645,0.72,0.177,0.403,0.567,0.039,0.715,0.347,0.21,0.496,0.625,0.536,0.043,0.617,0.158,0.334,0.526,0.18,0.658,0.324,0.417,0.637,0.592,0.632,0.609,0.51,0.322,0.259,0.395,0.519,0.834,0.499,0.111,0.661,0.869,0.552,0.23,0.496,0.598,0.174,0.73,0.401,0.269,0.658,0.316,0.157,0.683,0.715,0.258,0.536,0.633,0.649,0.518,0.62,0.166,0.286,0.643,0.201,0.178,1.0,0.536,0.5,0.475,0.663,0.072,0.188,0.581,0.622,0.042,0.227,0.67,0.897
68,0.185,0.461,0.242,0.055,0.658,0.764,0.164,0.495,0.344,0.804,0.06,0.011,0.298,0.06,0.523,0.634,0.351,0.783,0.292,0.294,0.038,0.869,0.024,0.876,0.063,0.046,0.44,0.081,0.309,0.339,0.235,0.235,0.603,0.776,0.248,0.726,0.123,0.759,0.273,0.525,0.38,0.427,0.598,0.198,0.709,0.777,0.452,0.053,0.193,0.106,0.235,0.34,0.855,0.025,0.395,0.824,0.209,0.787,0.442,0.207,0.344,0.439,0.022,0.214,0.352,0.358,0.784,0.536,1.0,0.842,0.764,0.553,0.017,0.778,0.279,0.877,0.226,0.708,0.337,0.42
69,0.218,0.173,0.145,0.092,0.533,0.546,0.138,0.652,0.467,0.676,0.1,0.124,0.352,0.02,0.692,0.836,0.308,0.544,0.44,0.245,0.044,0.755,0.102,0.705,0.041,0.099,0.183,0.283,0.34,0.252,0.23,0.111,0.754,0.749,0.259,0.534,0.025,0.783,0.264,0.602,0.496,0.283,0.649,0.374,0.526,0.762,0.314,0.003,0.148,0.025,0.197,0.454,0.713,0.115,0.281,0.674,0.367,0.771,0.177,0.106,0.387,0.329,0.104,0.371,0.401,0.277,0.779,0.5,0.842,1.0,0.563,0.731,0.023,0.721,0.176,0.658,0.134,0.533,0.429,0.307
70,0.068,0.797,0.322,0.009,0.442,1.0,0.18,0.417,0.379,0.554,0.008,0.116,0.269,0.256,0.455,0.367,0.324,1.0,0.329,0.241,0.084,0.512,0.007,0.889,0.059,0.007,0.329,0.204,0.577,0.528,0.199,0.232,0.417,0.543,0.494,0.636,0.144,0.567,0.197,0.447,0.289,0.68,0.332,0.23,0.641,0.558,0.425,0.215,0.147,0.183,0.229,0.338,0.858,0.011,0.716,0.526,0.114,0.504,0.333,0.198,0.487,0.43,0.013,0.129,0.328,0.311,0.679,0.475,0.764,0.563,1.0,0.414,0.052,0.745,0.33,0.599,0.449,0.669,0.35,0.486
71,0.362,0.18,0.226,0.003,0.459,0.436,0.169,0.537,0.919,0.519,0.004,0.278,0.805,0.005,0.994,0.439,0.116,0.441,0.896,0.639,0.018,0.658,0.015,0.351,0.233,0.003,0.257,0.265,0.306,0.31,0.643,0.359,0.989,0.627,0.241,0.203,0.061,0.646,0.425,0.557,0.161,0.584,0.698,0.373,0.178,0.643,0.232,0.043,0.381,0.082,0.212,0.927,0.377,0.013,0.57,0.506,0.143,0.853,0.265,0.33,0.344,0.201,0.009,0.163,0.927,0.108,0.361,0.663,0.553,0.731,0.414,1.0,0.033,0.302,0.228,0.497,0.021,0.232,0.926,0.515
72,0.099,0.119,0.291,0.586,0.152,0.032,0.596,0.166,0.061,0.032,0.583,0.017,0.059,0.317,0.047,0.297,0.201,0.046,0.07,0.055,0.989,0.002,0.446,0.131,0.594,0.556,0.15,0.149,0.202,0.136,0.082,0.172,0.023,0.148,0.27,0.113,0.33,0.147,0.15,0.17,0.398,0.073,0.04,0.035,0.14,0.128,0.252,0.399,0.122,0.358,0.576,0.057,0.117,0.449,0.086,0.042,0.061,0.01,0.146,0.112,0.125,0.234,0.432,0.059,0.066,0.188,0.17,0.072,0.017,0.023,0.052,0.033,1.0,0.229,0.265,0.03,0.167,0.137,0.063,0.156
73,0.141,0.353,0.087,0.139,0.306,0.696,0.161,0.509,0.12,0.407,0.155,0.023,0.075,0.243,0.269,0.536,0.418,0.733,0.098,0.062,0.228,0.464,0.13,0.956,0.121,0.152,0.171,0.098,0.388,0.201,0.022,0.046,0.341,0.741,0.313,0.857,0.081,0.755,0.118,0.522,0.629,0.249,0.275,0.169,0.847,0.753,0.206,0.147,0.056,0.097,0.195,0.135,0.957,0.151,0.244,0.4,0.312,0.448,0.173,0.032,0.307,0.197,0.127,0.339,0.085,0.422,0.984,0.188,0.778,0.721,0.745,0.302,0.229,1.0,0.091,0.551,0.458,0.822,0.138,0.101
74,0.339,0.419,1.0,0.688,0.433,0.331,0.126,0.075,0.328,0.438,0.688,0.313,0.333,0.061,0.293,0.244,0.04,0.36,0.355,0.336,0.214,0.343,0.601,0.201,0.607,0.682,0.413,0.05,0.221,0.441,0.41,0.589,0.234,0.055,0.199,0.042,0.748,0.048,0.452,0.077,0.081,0.577,0.255,0.116,0.042,0.041,0.822,0.131,0.553,0.76,0.17,0.317,0.185,0.596,0.57,0.42,0.001,0.224,0.423,0.576,0.317,0.81,0.602,0.001,0.33,0.043,0.083,0.581,0.279,0.176,0.33,0.228,0.265,0.091,1.0,0.274,0.031,0.05,0.343,0.882
75,0.376,0.496,0.257,0.032,0.849,0.604,0.293,0.437,0.328,0.944,0.034,0.03,0.335,0.04,0.468,0.413,0.446,0.59,0.36,0.369,0.029,0.894,0.023,0.636,0.23,0.031,0.721,0.055,0.216,0.288,0.418,0.423,0.537,0.693,0.179,0.743,0.063,0.704,0.508,0.443,0.252,0.398,0.689,0.188,0.74,0.718,0.421,0.012,0.412,0.094,0.372,0.349,0.599,0.021,0.392,0.945,0.205,0.736,0.744,0.417,0.365,0.413,0.011,0.233,0.34,0.458,0.479,0.622,0.877,0.658,0.599,0.497,0.03,0.551,0.274,1.0,0.233,0.715,0.357,0.454
76,0.247,0.377,0.022,0.018,0.412,0.419,0.645,0.068,0.02,0.206,0.021,0.019,0.045,0.748,0.029,0.049,0.901,0.407,0.012,0.074,0.171,0.061,0.008,0.409,0.18,0.021,0.145,0.013,0.087,0.026,0.068,0.017,0.031,0.252,0.063,0.642,0.004,0.245,0.133,0.072,0.113,0.224,0.16,0.104,0.63,0.24,0.078,0.441,0.085,0.006,0.653,0.008,0.404,0.008,0.223,0.189,0.636,0.039,0.136,0.016,0.495,0.077,0.006,0.679,0.015,0.906,0.379,0.042,0.226,0.134,0.449,0.021,0.167,0.458,0.031,0.233,1.0,0.644,0.012,0.018
77,0.265,0.445,0.047,0.023,0.583,0.629,0.416,0.44,0.072,0.58,0.021,0.007,0.047,0.298,0.178,0.329,0.713,0.634,0.069,0.057,0.138,0.443,0.013,0.773,0.221,0.03,0.417,0.026,0.282,0.171,0.072,0.133,0.252,0.703,0.212,1.0,0.036,0.705,0.271,0.397,0.451,0.218,0.451,0.149,1.0,0.732,0.182,0.142,0.173,0.029,0.472,0.07,0.772,0.018,0.236,0.586,0.461,0.381,0.406,0.086,0.419,0.195,0.02,0.47,0.063,0.717,0.736,0.227,0.708,0.533,0.669,0.232,0.137,0.822,0.05,0.715,0.644,1.0,0.074,0.096
78,0.418,0.22,0.337,0.053,0.278,0.342,0.087,0.556,1.0,0.375,0.048,0.366,0.936,0.052,0.923,0.201,0.032,0.336,0.995,0.787,0.038,0.475,0.081,0.196,0.317,0.055,0.279,0.251,0.288,0.31,0.767,0.468,0.881,0.486,0.241,0.082,0.202,0.466,0.505,0.517,0.076,0.684,0.624,0.306,0.07,0.471,0.214,0.073,0.461,0.192,0.108,1.0,0.21,0.084,0.682,0.386,0.061,0.683,0.255,0.493,0.289,0.217,0.064,0.063,0.99,0.035,0.178,0.67,0.337,0.429,0.35,0.926,0.063,0.138,0.343,0.357,0.012,0.074,1.0,0.621
79,0.517,0.471,0.882,0.376,0.533,0.474,0.126,0.28,0.616,0.614,0.387,0.346,0.564,0.059,0.579,0.249,0.088,0.495,0.598,0.541,0.096,0.533,0.328,0.283,0.576,0.392,0.561,0.195,0.358,0.613,0.608,0.682,0.504,0.273,0.302,0.122,0.589,0.258,0.68,0.261,0.005,0.729,0.564,0.31,0.11,0.253,0.779,0.177,0.674,0.572,0.208,0.61,0.308,0.317,0.734,0.605,0.074,0.422,0.542,0.685,0.411,0.787,0.321,0.065,0.613,0.095,0.089,0.897,0.42,0.307,0.486,0.515,0.156,0.101,0.882,0.454,0.018,0.096,0.621,1.0
