,0,1,2,3,4,5,6,7,8,9,10,11,12,13,14,15,16,17,18,19,20,21,22,23,24,25,26,27,28,29,30,31,32,33,34,35,36,37,38,39,40,41,42,43,44,45,46,47,48,49,50,51,52,53,54,55,56,57,58,59,60,61,62,63,64,65,66,67,68,69,70,71,72,73,74,75,76,77,78,79
0,1.0,0.239,0.001,0.559,0.431,0.74,0.546,0.034,0.723,0.392,1.0,0.52,1.0,0.123,0.245,0.233,0.522,0.651,0.307,0.583,0.645,0.331,0.2,0.439,0.438,0.433,0.378,0.013,0.011,0.21,0.812,0.043,0.41,0.483,0.409,0.019,0.065,0.339,0.636,0.263,0.614,0.401,0.378,0.428,0.39,0.447,0.462,0.329,1.0,0.453,0.454,0.075,0.099,0.68,0.374,0.248,0.57,0.114,0.725,0.659,0.403,0.247,0.486,0.031,0.288,0.382,0.311,0.43,0.303,0.339,0.047,0.497,0.002,0.412,0.731,0.011,0.702,0.422,0.025,0.597
1,0.239,1.0,0.482,0.317,0.112,0.149,0.339,0.187,0.181,0.587,0.25,0.749,0.273,0.307,0.371,0.268,0.37,0.613,0.34,0.522,0.669,0.727,0.458,0.823,0.216,0.141,0.68,0.558,0.113,0.249,0.503,0.089,0.568,0.326,0.61,0.109,0.192,0.754,0.143,1.0,0.393,0.729,0.539,0.123,0.71,0.714,0.134,0.346,0.262,0.834,0.723,0.192,0.453,0.407,0.585,1.0,0.732,0.128,0.195,0.633,0.67,0.465,0.712,0.154,0.379,0.857,0.551,0.623,0.555,0.692,0.136,0.614,0.488,0.596,0.209,0.348,0.204,0.515,0.171,0.515
2,0.001,0.482,1.0,0.008,0.285,0.049,0.007,0.168,0.021,0.247,0.004,0.187,0.003,0.097,0.281,0.006,0.179,0.023,0.005,0.109,0.047,0.567,0.355,0.356,0.288,0.251,0.499,0.365,0.145,0.383,0.142,0.11,0.418,0.083,0.24,0.116,0.131,0.54,0.085,0.467,0.076,0.325,0.362,0.271,0.477,0.161,0.269,0.005,0.005,0.34,0.196,0.133,0.286,0.006,0.441,0.455,0.118,0.093,0.015,0.052,0.407,0.199,0.176,0.036,0.233,0.383,0.38,0.239,0.39,0.562,0.012,0.185,1.0,0.271,0.005,0.303,0.01,0.392,0.03,0.031
3,0.559,0.317,0.008,1.0,0.543,0.488,0.998,0.071,0.469,0.5,0.531,0.521,0.549,0.638,0.446,0.269,0.486,0.76,0.895,0.633,0.746,0.31,0.304,0.442,0.428,0.535,0.362,0.175,0.155,0.304,0.418,0.18,0.44,0.471,0.463,0.143,0.066,0.278,0.632,0.33,0.392,0.504,0.425,0.54,0.358,0.581,0.516,0.893,0.553,0.387,0.594,0.083,0.429,0.952,0.415,0.35,0.681,0.192,0.475,0.701,0.392,0.73,0.624,0.211,0.446,0.504,0.504,0.533,0.536,0.282,0.104,0.629,0.01,0.508,0.431,0.074,0.281,0.509,0.223,0.863
4,0.431,0.112,0.285,0.543,1.0,0.692,0.572,0.089,0.431,0.434,0.416,0.233,0.438,0.32,0.306,0.065,0.627,0.374,0.414,0.377,0.414,0.42,0.491,0.195,0.929,1.0,0.441,0.023,0.085,0.16,0.172,0.077,0.642,0.048,0.461,0.078,0.142,0.334,0.731,0.11,0.324,0.348,0.584,1.0,0.435,0.297,1.0,0.408,0.43,0.18,0.25,0.12,0.267,0.56,0.635,0.123,0.248,0.07,0.464,0.264,0.468,0.519,0.415,0.113,0.387,0.4,0.677,0.434,0.705,0.397,0.094,0.394,0.253,0.439,0.446,0.063,0.261,0.726,0.092,0.541
5,0.74,0.149,0.049,0.488,0.692,1.0,0.458,0.097,0.96,0.67,0.757,0.506,0.782,0.089,0.552,0.414,0.882,0.355,0.262,0.677,0.343,0.357,0.479,0.422,0.753,0.652,0.524,0.001,0.029,0.329,0.424,0.116,0.598,0.464,0.663,0.02,0.211,0.418,0.896,0.166,0.793,0.528,0.675,0.676,0.527,0.513,0.63,0.291,0.753,0.406,0.515,0.208,0.167,0.454,0.603,0.166,0.435,0.157,0.951,0.443,0.584,0.198,0.58,0.08,0.537,0.417,0.413,0.662,0.414,0.352,0.052,0.632,0.038,0.635,0.938,0.071,0.82,0.605,0.079,0.378
6,0.546,0.339,0.007,0.998,0.572,0.458,1.0,0.049,0.488,0.486,0.577,0.52,0.563,0.653,0.432,0.276,0.523,0.78,0.875,0.636,0.767,0.298,0.294,0.398,0.432,0.533,0.381,0.186,0.141,0.334,0.433,0.161,0.429,0.479,0.471,0.169,0.065,0.275,0.636,0.343,0.411,0.455,0.405,0.54,0.332,0.582,0.544,0.884,0.576,0.404,0.567,0.066,0.406,0.962,0.441,0.332,0.673,0.192,0.473,0.729,0.406,0.752,0.651,0.193,0.455,0.492,0.505,0.464,0.528,0.324,0.127,0.632,0.009,0.521,0.487,0.082,0.262,0.511,0.21,0.873
7,0.034,0.187,0.168,0.071,0.089,0.097,0.049,1.0,0.099,0.361,0.038,0.239,0.031,0.273,0.303,0.292,0.242,0.039,0.208,0.19,0.022,0.237,0.156,0.231,0.205,0.064,0.322,0.188,0.915,0.131,0.03,0.275,0.247,0.263,0.335,0.903,0.96,0.255,0.031,0.183,0.183,0.326,0.313,0.08,0.319,0.281,0.1,0.239,0.03,0.254,0.267,0.961,0.28,0.011,0.289,0.173,0.193,0.532,0.112,0.123,0.337,0.071,0.235,0.653,0.315,0.122,0.124,0.32,0.112,0.22,0.882,0.256,0.134,0.339,0.1,0.948,0.073,0.225,0.646,0.005
8,0.723,0.181,0.021,0.469,0.431,0.96,0.488,0.099,1.0,0.689,0.712,0.606,0.7,0.127,0.602,0.587,0.859,0.367,0.273,0.732,0.286,0.305,0.426,0.47,0.615,0.445,0.495,0.009,0.044,0.437,0.446,0.119,0.513,0.666,0.708,0.054,0.231,0.385,0.851,0.212,0.888,0.637,0.622,0.459,0.5,0.562,0.461,0.302,0.739,0.472,0.609,0.23,0.143,0.447,0.547,0.211,0.475,0.205,1.0,0.468,0.636,0.208,0.632,0.108,0.655,0.467,0.291,0.713,0.3,0.304,0.099,0.668,0.015,0.704,1.0,0.096,0.93,0.524,0.109,0.313
9,0.392,0.587,0.247,0.5,0.434,0.67,0.486,0.361,0.689,1.0,0.429,0.87,0.425,0.282,0.703,0.567,0.922,0.431,0.439,0.901,0.447,0.677,0.768,0.796,0.625,0.419,0.866,0.132,0.234,0.298,0.364,0.097,0.848,0.608,1.0,0.22,0.439,0.75,0.664,0.607,0.814,0.985,0.944,0.452,0.869,0.909,0.452,0.433,0.396,0.812,0.916,0.474,0.426,0.436,0.861,0.612,0.763,0.194,0.706,0.63,0.955,0.439,0.96,0.114,0.748,0.789,0.633,1.0,0.631,0.673,0.153,0.957,0.265,1.0,0.712,0.453,0.602,0.837,0.118,0.423
10,1.0,0.25,0.004,0.531,0.416,0.757,0.577,0.038,0.712,0.429,1.0,0.516,1.0,0.114,0.266,0.246,0.537,0.693,0.307,0.573,0.644,0.326,0.178,0.417,0.422,0.44,0.37,0.018,0.017,0.194,0.831,0.054,0.384,0.484,0.397,0.013,0.071,0.323,0.588,0.261,0.62,0.383,0.388,0.433,0.351,0.441,0.419,0.305,1.0,0.431,0.447,0.071,0.093,0.691,0.397,0.265,0.586,0.121,0.709,0.65,0.405,0.241,0.497,0.023,0.316,0.41,0.32,0.413,0.337,0.327,0.041,0.472,0.002,0.394,0.722,0.008,0.677,0.409,0.032,0.593
11,0.52,0.749,0.187,0.521,0.233,0.506,0.52,0.239,0.606,0.87,0.516,1.0,0.479,0.378,0.534,0.721,0.693,0.673,0.506,0.895,0.655,0.586,0.67,0.928,0.375,0.249,0.673,0.122,0.221,0.259,0.652,0.054,0.629,0.755,0.866,0.201,0.257,0.687,0.515,0.746,0.788,0.906,0.698,0.228,0.736,0.99,0.203,0.478,0.507,0.936,0.987,0.28,0.304,0.559,0.631,0.752,0.948,0.22,0.594,0.879,0.813,0.386,0.957,0.143,0.587,0.806,0.452,0.876,0.436,0.555,0.202,0.956,0.183,0.87,0.603,0.328,0.58,0.607,0.155,0.512
12,1.0,0.273,0.003,0.549,0.438,0.782,0.563,0.031,0.7,0.425,1.0,0.479,1.0,0.149,0.249,0.264,0.53,0.699,0.34,0.554,0.638,0.353,0.206,0.455,0.463,0.43,0.377,0.016,0.014,0.181,0.816,0.069,0.366,0.514,0.364,0.012,0.076,0.331,0.605,0.236,0.582,0.393,0.42,0.429,0.364,0.472,0.411,0.337,1.0,0.452,0.473,0.066,0.095,0.68,0.384,0.245,0.531,0.099,0.723,0.648,0.391,0.244,0.491,0.01,0.278,0.402,0.324,0.406,0.328,0.319,0.041,0.448,0.001,0.381,0.74,0.01,0.687,0.419,0.017,0.593
13,0.123,0.307,0.097,0.638,0.32,0.089,0.653,0.273,0.127,0.282,0.114,0.378,0.149,1.0,0.449,0.33,0.159,0.539,0.839,0.341,0.525,0.109,0.306,0.229,0.179,0.301,0.116,0.113,0.402,0.526,0.119,0.108,0.176,0.339,0.286,0.456,0.243,0.073,0.286,0.321,0.187,0.336,0.202,0.294,0.096,0.435,0.32,0.828,0.121,0.23,0.435,0.241,0.228,0.526,0.191,0.315,0.542,0.484,0.144,0.529,0.178,0.772,0.479,0.566,0.452,0.512,0.336,0.275,0.368,0.108,0.526,0.403,0.091,0.272,0.113,0.246,0.085,0.234,0.521,0.509
14,0.245,0.371,0.281,0.446,0.306,0.552,0.432,0.303,0.602,0.703,0.266,0.534,0.249,0.449,1.0,0.471,0.697,0.248,0.373,0.542,0.222,0.313,0.573,0.367,0.452,0.337,0.49,0.102,0.171,0.812,0.06,0.007,0.521,0.374,0.706,0.196,0.49,0.294,0.674,0.394,0.615,0.643,0.622,0.333,0.435,0.574,0.313,0.394,0.268,0.382,0.594,0.514,0.163,0.346,0.53,0.418,0.439,0.209,0.646,0.335,0.572,0.496,0.632,0.209,0.999,0.646,0.384,0.722,0.388,0.339,0.267,0.681,0.273,0.709,0.624,0.375,0.52,0.523,0.207,0.301
15,0.233,0.268,0.006,0.269,0.065,0.414,0.276,0.292,0.587,0.567,0.246,0.721,0.264,0.33,0.471,1.0,0.509,0.301,0.355,0.681,0.211,0.091,0.566,0.534,0.185,0.06,0.252,0.013,0.39,0.371,0.361,0.262,0.248,0.814,0.608,0.389,0.352,0.246,0.458,0.264,0.73,0.556,0.372,0.06,0.295,0.693,0.049,0.341,0.261,0.541,0.68,0.351,0.123,0.2,0.237,0.258,0.644,0.173,0.58,0.595,0.441,0.129,0.615,0.115,0.492,0.372,0.066,0.598,0.067,0.111,0.335,0.61,0.011,0.596,0.562,0.306,0.605,0.204,0.109,0.148
16,0.522,0.37,0.179,0.486,0.627,0.882,0.523,0.242,0.859,0.922,0.537,0.693,0.53,0.159,0.697,0.509,1.0,0.355,0.338,0.825,0.348,0.576,0.67,0.616,0.826,0.658,0.796,0.036,0.13,0.329,0.324,0.071,0.855,0.52,0.912,0.118,0.393,0.618,0.832,0.365,0.853,0.863,0.925,0.608,0.757,0.742,0.67,0.334,0.523,0.637,0.716,0.385,0.323,0.455,0.829,0.357,0.551,0.179,0.855,0.457,0.877,0.34,0.795,0.069,0.756,0.632,0.581,0.908,0.564,0.582,0.081,0.819,0.173,0.917,0.852,0.276,0.69,0.85,0.065,0.399
17,0.651,0.613,0.023,0.76,0.374,0.355,0.78,0.039,0.367,0.431,0.693,0.673,0.699,0.539,0.248,0.301,0.355,1.0,0.665,0.616,0.989,0.432,0.253,0.581,0.327,0.393,0.406,0.241,0.117,0.145,0.704,0.024,0.396,0.46,0.418,0.132,0.021,0.411,0.406,0.593,0.4,0.522,0.392,0.41,0.425,0.664,0.41,0.66,0.707,0.608,0.684,0.015,0.299,0.896,0.38,0.643,0.838,0.128,0.35,0.884,0.405,0.625,0.655,0.128,0.278,0.641,0.522,0.436,0.532,0.435,0.181,0.629,0.031,0.427,0.378,0.069,0.337,0.45,0.117,0.939
18,0.307,0.34,0.005,0.895,0.414,0.262,0.875,0.208,0.273,0.439,0.307,0.506,0.34,0.839,0.373,0.355,0.338,0.665,1.0,0.581,0.635,0.19,0.324,0.396,0.281,0.402,0.262,0.22,0.399,0.288,0.259,0.278,0.296,0.424,0.424,0.411,0.182,0.209,0.508,0.338,0.258,0.451,0.324,0.408,0.265,0.596,0.415,1.0,0.303,0.378,0.584,0.178,0.416,0.774,0.314,0.336,0.663,0.352,0.273,0.683,0.327,0.736,0.619,0.436,0.437,0.451,0.42,0.46,0.42,0.161,0.366,0.599,0.003,0.451,0.301,0.263,0.117,0.379,0.433,0.694
19,0.583,0.522,0.109,0.633,0.377,0.677,0.636,0.19,0.732,0.901,0.573,0.895,0.554,0.341,0.542,0.681,0.825,0.616,0.581,1.0,0.562,0.485,0.716,0.83,0.497,0.41,0.723,0.084,0.169,0.199,0.585,0.196,0.659,0.733,0.891,0.176,0.239,0.678,0.707,0.568,0.823,0.885,0.753,0.404,0.709,0.933,0.401,0.614,0.557,0.826,0.945,0.221,0.419,0.586,0.682,0.545,0.875,0.121,0.736,0.813,0.82,0.391,0.948,0.055,0.576,0.722,0.526,0.898,0.512,0.506,0.095,0.962,0.108,0.897,0.741,0.251,0.633,0.708,0.065,0.531
20,0.645,0.669,0.047,0.746,0.414,0.343,0.767,0.022,0.286,0.447,0.644,0.655,0.638,0.525,0.222,0.211,0.348,0.989,0.635,0.562,1.0,0.507,0.223,0.607,0.336,0.418,0.434,0.329,0.075,0.113,0.673,0.027,0.466,0.367,0.438,0.079,0.009,0.44,0.381,0.661,0.376,0.472,0.369,0.413,0.442,0.583,0.447,0.616,0.638,0.575,0.643,0.005,0.347,0.891,0.475,0.642,0.787,0.095,0.333,0.848,0.434,0.673,0.631,0.13,0.257,0.662,0.608,0.449,0.587,0.5,0.14,0.62,0.052,0.406,0.328,0.054,0.266,0.466,0.102,0.953
21,0.331,0.727,0.567,0.31,0.42,0.357,0.298,0.237,0.305,0.677,0.326,0.586,0.353,0.109,0.313,0.091,0.576,0.432,0.19,0.485,0.507,1.0,0.388,0.685,0.58,0.383,0.94,0.511,0.154,0.073,0.356,0.135,0.897,0.24,0.667,0.136,0.274,0.945,0.263,0.718,0.436,0.716,0.812,0.372,0.92,0.579,0.404,0.207,0.327,0.682,0.577,0.293,0.613,0.35,0.884,0.704,0.47,0.178,0.338,0.383,0.832,0.436,0.649,0.097,0.339,0.713,0.819,0.637,0.817,1.0,0.032,0.595,0.567,0.695,0.326,0.361,0.262,0.836,0.107,0.496
22,0.2,0.458,0.355,0.304,0.491,0.479,0.294,0.156,0.426,0.768,0.178,0.67,0.206,0.306,0.573,0.566,0.67,0.253,0.324,0.716,0.223,0.388,1.0,0.604,0.573,0.533,0.572,0.01,0.069,0.264,0.304,0.189,0.614,0.327,0.762,0.085,0.227,0.493,0.603,0.458,0.544,0.736,0.717,0.501,0.591,0.685,0.508,0.359,0.185,0.62,0.72,0.224,0.3,0.237,0.61,0.479,0.581,0.007,0.452,0.431,0.684,0.393,0.716,0.001,0.614,0.644,0.512,0.762,0.475,0.41,0.084,0.728,0.352,0.764,0.451,0.245,0.381,0.648,0.004,0.208
23,0.439,0.823,0.356,0.442,0.195,0.422,0.398,0.231,0.47,0.796,0.417,0.928,0.455,0.229,0.367,0.534,0.616,0.581,0.396,0.83,0.607,0.685,0.604,1.0,0.323,0.188,0.756,0.258,0.246,0.093,0.667,0.059,0.675,0.669,0.82,0.212,0.247,0.846,0.324,0.832,0.7,0.926,0.715,0.166,0.855,0.915,0.207,0.392,0.434,1.0,0.916,0.251,0.386,0.42,0.667,0.833,0.872,0.206,0.482,0.769,0.848,0.312,0.873,0.149,0.429,0.733,0.49,0.827,0.481,0.662,0.137,0.876,0.362,0.833,0.437,0.39,0.469,0.633,0.141,0.456
24,0.438,0.216,0.288,0.428,0.929,0.753,0.432,0.205,0.615,0.625,0.422,0.375,0.463,0.179,0.452,0.185,0.826,0.327,0.281,0.497,0.336,0.58,0.573,0.323,1.0,0.922,0.698,0.031,0.096,0.184,0.19,0.044,0.821,0.167,0.668,0.091,0.274,0.54,0.74,0.191,0.488,0.587,0.798,0.932,0.621,0.435,0.931,0.262,0.451,0.339,0.415,0.254,0.277,0.44,0.811,0.198,0.293,0.084,0.608,0.237,0.721,0.421,0.525,0.056,0.508,0.511,0.736,0.647,0.688,0.58,0.081,0.522,0.279,0.667,0.605,0.203,0.446,0.855,0.044,0.46
25,0.433,0.141,0.251,0.535,1.0,0.652,0.533,0.064,0.445,0.419,0.44,0.249,0.43,0.301,0.337,0.06,0.658,0.393,0.402,0.41,0.418,0.383,0.533,0.188,0.922,1.0,0.475,0.027,0.066,0.163,0.153,0.07,0.634,0.054,0.447,0.079,0.152,0.348,0.697,0.13,0.309,0.404,0.577,1.0,0.404,0.274,1.0,0.429,0.46,0.204,0.283,0.14,0.267,0.532,0.647,0.169,0.255,0.071,0.473,0.258,0.433,0.538,0.398,0.102,0.379,0.41,0.669,0.454,0.649,0.395,0.082,0.393,0.269,0.458,0.428,0.07,0.256,0.71,0.103,0.549
26,0.378,0.68,0.499,0.362,0.441,0.524,0.381,0.322,0.495,0.866,0.37,0.673,0.377,0.116,0.49,0.252,0.796,0.406,0.262,0.723,0.434,0.94,0.572,0.756,0.698,0.475,1.0,0.358,0.224,0.141,0.392,0.09,0.963,0.393,0.854,0.182,0.408,0.942,0.434,0.685,0.635,0.895,0.952,0.475,0.99,0.723,0.477,0.269,0.342,0.772,0.737,0.384,0.558,0.386,0.966,0.688,0.569,0.223,0.492,0.481,0.973,0.452,0.793,0.116,0.513,0.78,0.794,0.869,0.78,0.945,0.086,0.759,0.492,0.866,0.505,0.418,0.389,0.912,0.128,0.464
27,0.013,0.558,0.365,0.175,0.023,0.001,0.186,0.188,0.009,0.132,0.018,0.122,0.016,0.113,0.102,0.013,0.036,0.241,0.22,0.084,0.329,0.511,0.01,0.258,0.031,0.027,0.358,1.0,0.154,0.125,0.069,0.667,0.28,0.019,0.139,0.138,0.135,0.404,0.005,0.554,0.05,0.196,0.183,0.029,0.299,0.132,0.032,0.206,0.015,0.243,0.147,0.119,0.725,0.192,0.292,0.539,0.169,0.263,0.01,0.142,0.213,0.331,0.177,0.353,0.078,0.32,0.401,0.13,0.38,0.498,0.074,0.149,0.335,0.138,0.01,0.306,0.069,0.214,0.322,0.323
28,0.011,0.113,0.145,0.155,0.085,0.029,0.141,0.915,0.044,0.234,0.017,0.221,0.014,0.402,0.171,0.39,0.13,0.117,0.399,0.169,0.075,0.154,0.069,0.246,0.096,0.066,0.224,0.154,1.0,0.062,0.047,0.32,0.151,0.359,0.224,0.999,0.821,0.211,0.01,0.11,0.144,0.252,0.208,0.081,0.242,0.245,0.077,0.377,0.008,0.228,0.261,0.823,0.23,0.06,0.153,0.122,0.269,0.593,0.064,0.227,0.209,0.074,0.176,0.65,0.175,0.044,0.039,0.219,0.047,0.152,0.871,0.196,0.164,0.229,0.057,0.838,0.056,0.109,0.68,0.045
29,0.21,0.249,0.383,0.304,0.16,0.329,0.334,0.131,0.437,0.298,0.194,0.259,0.181,0.526,0.812,0.371,0.329,0.145,0.288,0.199,0.113,0.073,0.264,0.093,0.184,0.163,0.141,0.125,0.062,1.0,0.022,0.061,0.192,0.284,0.293,0.096,0.21,0.04,0.457,0.245,0.348,0.246,0.256,0.153,0.1,0.258,0.153,0.31,0.163,0.097,0.246,0.241,0.027,0.229,0.181,0.227,0.236,0.191,0.458,0.169,0.205,0.413,0.31,0.174,0.808,0.432,0.17,0.293,0.17,0.079,0.222,0.295,0.406,0.306,0.446,0.13,0.423,0.185,0.164,0.17
30,0.812,0.503,0.142,0.418,0.172,0.424,0.433,0.03,0.446,0.364,0.831,0.652,0.816,0.119,0.06,0.361,0.324,0.704,0.259,0.585,0.673,0.356,0.304,0.667,0.19,0.153,0.392,0.069,0.047,0.022,1.0,0.043,0.275,0.574,0.373,0.053,0.0,0.471,0.276,0.513,0.516,0.429,0.276,0.158,0.432,0.574,0.174,0.257,0.82,0.717,0.6,0.002,0.138,0.582,0.286,0.525,0.692,0.108,0.456,0.802,0.408,0.144,0.564,0.003,0.071,0.398,0.196,0.379,0.245,0.37,0.066,0.509,0.138,0.386,0.453,0.074,0.5,0.322,0.002,0.528
31,0.043,0.089,0.11,0.18,0.077,0.116,0.161,0.275,0.119,0.097,0.054,0.054,0.069,0.108,0.007,0.262,0.071,0.024,0.278,0.196,0.027,0.135,0.189,0.059,0.044,0.07,0.09,0.667,0.32,0.061,0.043,1.0,0.095,0.111,0.089,0.302,0.164,0.094,0.198,0.101,0.055,0.076,0.069,0.084,0.083,0.089,0.081,0.288,0.061,0.06,0.09,0.174,0.701,0.089,0.094,0.074,0.106,0.157,0.123,0.103,0.063,0.129,0.085,0.29,0.007,0.012,0.174,0.097,0.167,0.168,0.115,0.112,0.1,0.092,0.126,0.303,0.137,0.11,0.303,0.055
32,0.41,0.568,0.418,0.44,0.642,0.598,0.429,0.247,0.513,0.848,0.384,0.629,0.366,0.176,0.521,0.248,0.855,0.396,0.296,0.659,0.466,0.897,0.614,0.675,0.821,0.634,0.963,0.28,0.151,0.192,0.275,0.095,1.0,0.32,0.865,0.115,0.413,0.84,0.558,0.582,0.582,0.836,0.969,0.645,0.909,0.667,0.651,0.309,0.372,0.64,0.644,0.368,0.609,0.456,1.0,0.575,0.506,0.099,0.532,0.44,0.925,0.556,0.77,0.051,0.562,0.754,0.888,0.866,0.896,0.893,0.046,0.781,0.433,0.839,0.521,0.366,0.37,0.988,0.048,0.481
33,0.483,0.326,0.083,0.471,0.048,0.464,0.479,0.263,0.666,0.608,0.484,0.755,0.514,0.339,0.374,0.814,0.52,0.46,0.424,0.733,0.367,0.24,0.327,0.669,0.167,0.054,0.393,0.019,0.359,0.284,0.574,0.111,0.32,1.0,0.607,0.369,0.259,0.423,0.407,0.358,0.808,0.633,0.438,0.045,0.486,0.714,0.047,0.417,0.524,0.714,0.745,0.267,0.134,0.422,0.311,0.326,0.727,0.428,0.665,0.673,0.523,0.181,0.633,0.238,0.425,0.35,0.119,0.588,0.101,0.232,0.242,0.677,0.087,0.587,0.677,0.293,0.712,0.294,0.242,0.332
34,0.409,0.61,0.24,0.463,0.461,0.663,0.471,0.335,0.708,1.0,0.397,0.866,0.364,0.286,0.706,0.608,0.912,0.418,0.424,0.891,0.438,0.667,0.762,0.82,0.668,0.447,0.854,0.139,0.224,0.293,0.373,0.089,0.865,0.607,1.0,0.203,0.432,0.79,0.646,0.583,0.821,0.976,0.953,0.427,0.861,0.895,0.434,0.437,0.41,0.834,0.906,0.406,0.441,0.444,0.857,0.565,0.716,0.19,0.699,0.643,0.943,0.454,0.948,0.115,0.75,0.765,0.624,1.0,0.625,0.635,0.161,0.956,0.271,1.0,0.69,0.407,0.562,0.862,0.125,0.455
35,0.019,0.109,0.116,0.143,0.078,0.02,0.169,0.903,0.054,0.22,0.013,0.201,0.012,0.456,0.196,0.389,0.118,0.132,0.411,0.176,0.079,0.136,0.085,0.212,0.091,0.079,0.182,0.138,0.999,0.096,0.053,0.302,0.115,0.369,0.203,1.0,0.777,0.189,0.011,0.108,0.112,0.21,0.147,0.072,0.176,0.245,0.072,0.424,0.021,0.204,0.255,0.786,0.174,0.09,0.121,0.098,0.266,0.581,0.046,0.241,0.178,0.082,0.174,0.671,0.162,0.056,0.02,0.2,0.026,0.134,0.902,0.202,0.112,0.209,0.046,0.808,0.051,0.073,0.658,0.044
36,0.065,0.192,0.131,0.066,0.142,0.211,0.065,0.96,0.231,0.439,0.071,0.257,0.076,0.243,0.49,0.352,0.393,0.021,0.182,0.239,0.009,0.274,0.227,0.247,0.274,0.152,0.408,0.135,0.821,0.21,0.0,0.164,0.413,0.259,0.432,0.777,1.0,0.305,0.144,0.19,0.312,0.423,0.495,0.13,0.375,0.315,0.145,0.192,0.087,0.266,0.334,1.0,0.252,0.036,0.372,0.162,0.225,0.508,0.249,0.101,0.411,0.101,0.253,0.581,0.503,0.19,0.176,0.438,0.161,0.286,0.808,0.309,0.146,0.451,0.239,0.919,0.206,0.321,0.562,0.027
37,0.339,0.754,0.54,0.278,0.334,0.418,0.275,0.255,0.385,0.75,0.323,0.687,0.331,0.073,0.294,0.246,0.618,0.411,0.209,0.678,0.44,0.945,0.493,0.846,0.54,0.348,0.942,0.404,0.211,0.04,0.471,0.094,0.84,0.423,0.79,0.189,0.305,1.0,0.292,0.729,0.572,0.821,0.843,0.359,0.974,0.692,0.316,0.199,0.36,0.844,0.682,0.323,0.545,0.322,0.851,0.729,0.557,0.269,0.398,0.471,0.915,0.314,0.713,0.135,0.35,0.728,0.695,0.751,0.671,0.939,0.061,0.701,0.557,0.778,0.398,0.38,0.36,0.795,0.143,0.401
38,0.636,0.143,0.085,0.632,0.731,0.896,0.636,0.031,0.851,0.664,0.588,0.515,0.605,0.286,0.674,0.458,0.832,0.406,0.508,0.707,0.381,0.263,0.603,0.324,0.74,0.697,0.434,0.005,0.01,0.457,0.276,0.198,0.558,0.407,0.646,0.011,0.144,0.292,1.0,0.146,0.683,0.549,0.634,0.705,0.399,0.558,0.725,0.496,0.631,0.336,0.554,0.134,0.175,0.541,0.559,0.126,0.472,0.02,0.861,0.466,0.534,0.342,0.612,0.005,0.695,0.492,0.418,0.657,0.451,0.277,0.005,0.663,0.1,0.668,0.842,0.052,0.678,0.611,0.003,0.443
39,0.263,1.0,0.467,0.33,0.11,0.166,0.343,0.183,0.212,0.607,0.261,0.746,0.236,0.321,0.394,0.264,0.365,0.593,0.338,0.568,0.661,0.718,0.458,0.832,0.191,0.13,0.685,0.554,0.11,0.245,0.513,0.101,0.582,0.358,0.583,0.108,0.19,0.729,0.146,1.0,0.399,0.72,0.533,0.128,0.738,0.723,0.121,0.335,0.264,0.834,0.716,0.182,0.453,0.405,0.569,1.0,0.73,0.153,0.186,0.622,0.671,0.456,0.696,0.171,0.35,0.846,0.545,0.57,0.57,0.722,0.158,0.65,0.488,0.617,0.203,0.329,0.232,0.496,0.188,0.535
40,0.614,0.393,0.076,0.392,0.324,0.793,0.411,0.183,0.888,0.814,0.62,0.788,0.582,0.187,0.615,0.73,0.853,0.4,0.258,0.823,0.376,0.436,0.544,0.7,0.488,0.309,0.635,0.05,0.144,0.348,0.516,0.055,0.582,0.808,0.821,0.112,0.312,0.572,0.683,0.399,1.0,0.804,0.705,0.32,0.678,0.784,0.31,0.276,0.588,0.698,0.79,0.335,0.132,0.384,0.615,0.404,0.69,0.334,0.915,0.585,0.777,0.189,0.792,0.187,0.653,0.61,0.295,0.813,0.293,0.431,0.119,0.803,0.088,0.808,0.908,0.2,0.927,0.546,0.154,0.347
41,0.401,0.729,0.325,0.504,0.348,0.528,0.455,0.326,0.637,0.985,0.383,0.906,0.393,0.336,0.643,0.556,0.863,0.522,0.451,0.885,0.472,0.716,0.736,0.926,0.587,0.404,0.895,0.196,0.252,0.246,0.429,0.076,0.836,0.633,0.976,0.21,0.423,0.821,0.549,0.72,0.804,1.0,0.914,0.326,0.896,0.944,0.361,0.443,0.389,0.906,0.947,0.406,0.46,0.453,0.851,0.708,0.82,0.216,0.624,0.691,0.949,0.454,0.959,0.139,0.688,0.841,0.646,0.984,0.649,0.701,0.143,0.971,0.313,0.989,0.627,0.421,0.543,0.809,0.149,0.459
42,0.378,0.539,0.362,0.425,0.584,0.675,0.405,0.313,0.622,0.944,0.388,0.698,0.42,0.202,0.622,0.372,0.925,0.392,0.324,0.753,0.369,0.812,0.717,0.715,0.798,0.577,0.952,0.183,0.208,0.256,0.276,0.069,0.969,0.438,0.953,0.147,0.495,0.843,0.634,0.533,0.705,0.914,1.0,0.592,0.915,0.766,0.572,0.322,0.379,0.743,0.765,0.465,0.496,0.418,0.972,0.547,0.573,0.156,0.639,0.438,0.966,0.468,0.838,0.101,0.689,0.762,0.771,0.948,0.762,0.811,0.098,0.839,0.404,0.944,0.616,0.416,0.489,0.949,0.112,0.432
43,0.428,0.123,0.271,0.54,1.0,0.676,0.54,0.08,0.459,0.452,0.433,0.228,0.429,0.294,0.333,0.06,0.608,0.41,0.408,0.404,0.413,0.372,0.501,0.166,0.932,1.0,0.475,0.029,0.081,0.153,0.158,0.084,0.645,0.045,0.427,0.072,0.13,0.359,0.705,0.128,0.32,0.326,0.592,1.0,0.409,0.25,1.0,0.414,0.434,0.202,0.295,0.134,0.247,0.529,0.652,0.12,0.229,0.061,0.478,0.274,0.482,0.56,0.381,0.122,0.381,0.413,0.681,0.453,0.678,0.429,0.079,0.382,0.257,0.449,0.462,0.052,0.257,0.708,0.111,0.537
44,0.39,0.71,0.477,0.358,0.435,0.527,0.332,0.319,0.5,0.869,0.351,0.736,0.364,0.096,0.435,0.295,0.757,0.425,0.265,0.709,0.442,0.92,0.591,0.855,0.621,0.404,0.99,0.299,0.242,0.1,0.432,0.083,0.909,0.486,0.861,0.176,0.375,0.974,0.399,0.738,0.678,0.896,0.915,0.409,1.0,0.771,0.403,0.264,0.387,0.857,0.766,0.426,0.533,0.364,0.926,0.718,0.616,0.253,0.493,0.517,0.987,0.364,0.808,0.153,0.475,0.785,0.723,0.883,0.747,0.929,0.1,0.82,0.49,0.883,0.517,0.429,0.429,0.882,0.149,0.425
45,0.447,0.714,0.161,0.581,0.297,0.513,0.582,0.281,0.562,0.909,0.441,0.99,0.472,0.435,0.574,0.693,0.742,0.664,0.596,0.933,0.583,0.579,0.685,0.915,0.435,0.274,0.723,0.132,0.245,0.258,0.574,0.089,0.667,0.714,0.895,0.245,0.315,0.692,0.558,0.723,0.784,0.944,0.766,0.25,0.771,1.0,0.294,0.564,0.461,0.93,1.0,0.304,0.358,0.548,0.661,0.729,0.947,0.194,0.603,0.847,0.843,0.467,0.978,0.17,0.611,0.822,0.505,0.918,0.5,0.576,0.185,0.978,0.198,0.906,0.617,0.382,0.535,0.666,0.152,0.528
46,0.462,0.134,0.269,0.516,1.0,0.63,0.544,0.1,0.461,0.452,0.419,0.203,0.411,0.32,0.313,0.049,0.67,0.41,0.415,0.401,0.447,0.404,0.508,0.207,0.931,1.0,0.477,0.032,0.077,0.153,0.174,0.081,0.651,0.047,0.434,0.072,0.145,0.316,0.725,0.121,0.31,0.361,0.572,1.0,0.403,0.294,1.0,0.416,0.448,0.205,0.294,0.134,0.277,0.545,0.626,0.133,0.248,0.066,0.462,0.25,0.444,0.53,0.392,0.079,0.359,0.401,0.672,0.467,0.664,0.407,0.07,0.379,0.243,0.462,0.461,0.07,0.285,0.732,0.111,0.52
47,0.329,0.346,0.005,0.893,0.408,0.291,0.884,0.239,0.302,0.433,0.305,0.478,0.337,0.828,0.394,0.341,0.334,0.66,1.0,0.614,0.616,0.207,0.359,0.392,0.262,0.429,0.269,0.206,0.377,0.31,0.257,0.288,0.309,0.417,0.437,0.424,0.192,0.199,0.496,0.335,0.276,0.443,0.322,0.414,0.264,0.564,0.416,1.0,0.326,0.405,0.538,0.163,0.433,0.764,0.297,0.335,0.676,0.365,0.278,0.657,0.317,0.733,0.611,0.419,0.397,0.464,0.444,0.455,0.387,0.184,0.32,0.594,0.012,0.439,0.289,0.248,0.161,0.377,0.445,0.7
48,1.0,0.262,0.005,0.553,0.43,0.753,0.576,0.03,0.739,0.396,1.0,0.507,1.0,0.121,0.268,0.261,0.523,0.707,0.303,0.557,0.638,0.327,0.185,0.434,0.451,0.46,0.342,0.015,0.008,0.163,0.82,0.061,0.372,0.524,0.41,0.021,0.087,0.36,0.631,0.264,0.588,0.389,0.379,0.434,0.387,0.461,0.448,0.326,1.0,0.459,0.452,0.069,0.083,0.68,0.406,0.248,0.542,0.086,0.726,0.67,0.409,0.219,0.514,0.03,0.296,0.396,0.301,0.403,0.32,0.335,0.049,0.497,0.002,0.402,0.737,0.01,0.704,0.408,0.022,0.619
49,0.453,0.834,0.34,0.387,0.18,0.406,0.404,0.254,0.472,0.812,0.431,0.936,0.452,0.23,0.382,0.541,0.637,0.608,0.378,0.826,0.575,0.682,0.62,1.0,0.339,0.204,0.772,0.243,0.228,0.097,0.717,0.06,0.64,0.714,0.834,0.204,0.266,0.844,0.336,0.834,0.698,0.906,0.743,0.202,0.857,0.93,0.205,0.405,0.459,1.0,0.914,0.267,0.397,0.433,0.669,0.826,0.862,0.227,0.498,0.776,0.851,0.313,0.863,0.156,0.405,0.754,0.461,0.828,0.479,0.678,0.158,0.875,0.337,0.826,0.462,0.393,0.461,0.6,0.137,0.448
50,0.454,0.723,0.196,0.594,0.25,0.515,0.567,0.267,0.609,0.916,0.447,0.987,0.473,0.435,0.594,0.68,0.716,0.684,0.584,0.945,0.643,0.577,0.72,0.916,0.415,0.283,0.737,0.147,0.261,0.246,0.6,0.09,0.644,0.745,0.906,0.255,0.334,0.682,0.554,0.716,0.79,0.947,0.765,0.295,0.766,1.0,0.294,0.538,0.452,0.914,1.0,0.302,0.353,0.564,0.673,0.723,0.932,0.209,0.593,0.869,0.846,0.457,0.978,0.174,0.62,0.794,0.528,0.884,0.523,0.583,0.191,0.989,0.191,0.91,0.582,0.364,0.544,0.681,0.153,0.492
51,0.075,0.192,0.133,0.083,0.12,0.208,0.066,0.961,0.23,0.474,0.071,0.28,0.066,0.241,0.514,0.351,0.385,0.015,0.178,0.221,0.005,0.293,0.224,0.251,0.254,0.14,0.384,0.119,0.823,0.241,0.002,0.174,0.368,0.267,0.406,0.786,1.0,0.323,0.134,0.182,0.335,0.406,0.465,0.134,0.426,0.304,0.134,0.163,0.069,0.267,0.302,1.0,0.237,0.022,0.379,0.186,0.209,0.495,0.246,0.088,0.436,0.099,0.291,0.598,0.513,0.196,0.168,0.469,0.172,0.266,0.809,0.311,0.132,0.418,0.242,0.904,0.185,0.324,0.564,0.028
52,0.099,0.453,0.286,0.429,0.267,0.167,0.406,0.28,0.143,0.426,0.093,0.304,0.095,0.228,0.163,0.123,0.323,0.299,0.416,0.419,0.347,0.613,0.3,0.386,0.277,0.267,0.558,0.725,0.23,0.027,0.138,0.701,0.609,0.134,0.441,0.174,0.252,0.545,0.175,0.453,0.132,0.46,0.496,0.247,0.533,0.358,0.277,0.433,0.083,0.397,0.353,0.237,1.0,0.364,0.57,0.455,0.34,0.092,0.121,0.256,0.476,0.509,0.425,0.206,0.17,0.374,0.69,0.424,0.698,0.62,0.086,0.448,0.272,0.442,0.083,0.411,0.034,0.59,0.214,0.433
53,0.68,0.407,0.006,0.952,0.56,0.454,0.962,0.011,0.447,0.436,0.691,0.559,0.68,0.526,0.346,0.2,0.455,0.896,0.774,0.586,0.891,0.35,0.237,0.42,0.44,0.532,0.386,0.192,0.06,0.229,0.582,0.089,0.456,0.422,0.444,0.09,0.036,0.322,0.541,0.405,0.384,0.453,0.418,0.529,0.364,0.548,0.545,0.764,0.68,0.433,0.564,0.022,0.364,1.0,0.451,0.413,0.709,0.149,0.434,0.764,0.389,0.757,0.627,0.144,0.344,0.532,0.571,0.459,0.58,0.374,0.078,0.581,0.002,0.459,0.428,0.03,0.309,0.521,0.138,0.972
54,0.374,0.585,0.441,0.415,0.635,0.603,0.441,0.289,0.547,0.861,0.397,0.631,0.384,0.191,0.53,0.237,0.829,0.38,0.314,0.682,0.475,0.884,0.61,0.667,0.811,0.647,0.966,0.292,0.153,0.181,0.286,0.094,1.0,0.311,0.857,0.121,0.372,0.851,0.559,0.569,0.615,0.851,0.972,0.652,0.926,0.661,0.626,0.297,0.406,0.669,0.673,0.379,0.57,0.451,1.0,0.559,0.52,0.113,0.507,0.432,0.943,0.507,0.773,0.065,0.613,0.753,0.89,0.848,0.892,0.876,0.055,0.764,0.416,0.851,0.516,0.381,0.384,0.986,0.056,0.524
55,0.248,1.0,0.455,0.35,0.123,0.166,0.332,0.173,0.211,0.612,0.265,0.752,0.245,0.315,0.418,0.258,0.357,0.643,0.336,0.545,0.642,0.704,0.479,0.833,0.198,0.169,0.688,0.539,0.122,0.227,0.525,0.074,0.575,0.326,0.565,0.098,0.162,0.729,0.126,1.0,0.404,0.708,0.547,0.12,0.718,0.729,0.133,0.335,0.248,0.826,0.723,0.186,0.455,0.413,0.559,1.0,0.681,0.132,0.193,0.638,0.661,0.459,0.716,0.176,0.403,0.847,0.544,0.592,0.576,0.733,0.144,0.654,0.476,0.582,0.188,0.322,0.203,0.508,0.187,0.512
56,0.57,0.732,0.118,0.681,0.248,0.435,0.673,0.193,0.475,0.763,0.586,0.948,0.531,0.542,0.439,0.644,0.551,0.838,0.663,0.875,0.787,0.47,0.581,0.872,0.293,0.255,0.569,0.169,0.269,0.236,0.692,0.106,0.506,0.727,0.716,0.266,0.225,0.557,0.472,0.73,0.69,0.82,0.573,0.229,0.616,0.947,0.248,0.676,0.542,0.862,0.932,0.209,0.34,0.709,0.52,0.681,1.0,0.159,0.478,0.976,0.684,0.549,0.9,0.156,0.47,0.79,0.471,0.728,0.436,0.453,0.251,0.869,0.114,0.717,0.524,0.278,0.507,0.537,0.16,0.685
57,0.114,0.128,0.093,0.192,0.07,0.157,0.192,0.532,0.205,0.194,0.121,0.22,0.099,0.484,0.209,0.173,0.179,0.128,0.352,0.121,0.095,0.178,0.007,0.206,0.084,0.071,0.223,0.263,0.593,0.191,0.108,0.157,0.099,0.428,0.19,0.581,0.508,0.269,0.02,0.153,0.334,0.216,0.156,0.061,0.253,0.194,0.066,0.365,0.086,0.227,0.209,0.495,0.092,0.149,0.113,0.132,0.159,1.0,0.212,0.137,0.237,0.235,0.176,0.908,0.185,0.105,0.023,0.201,0.018,0.158,0.628,0.166,0.103,0.198,0.238,0.437,0.342,0.07,0.908,0.116
58,0.725,0.195,0.015,0.475,0.464,0.951,0.473,0.112,1.0,0.706,0.709,0.594,0.723,0.144,0.646,0.58,0.855,0.35,0.273,0.736,0.333,0.338,0.452,0.482,0.608,0.473,0.492,0.01,0.064,0.458,0.456,0.123,0.532,0.665,0.699,0.046,0.249,0.398,0.861,0.186,0.915,0.624,0.639,0.478,0.493,0.603,0.462,0.278,0.726,0.498,0.593,0.246,0.121,0.434,0.507,0.193,0.478,0.212,1.0,0.507,0.624,0.194,0.641,0.101,0.655,0.454,0.301,0.727,0.354,0.339,0.077,0.654,0.024,0.7,1.0,0.124,0.935,0.527,0.103,0.331
59,0.659,0.633,0.052,0.701,0.264,0.443,0.729,0.123,0.468,0.63,0.65,0.879,0.648,0.529,0.335,0.595,0.457,0.884,0.683,0.813,0.848,0.383,0.431,0.769,0.237,0.258,0.481,0.142,0.227,0.169,0.802,0.103,0.44,0.673,0.643,0.241,0.101,0.471,0.466,0.622,0.585,0.691,0.438,0.274,0.517,0.847,0.25,0.657,0.67,0.776,0.869,0.088,0.256,0.764,0.432,0.638,0.976,0.137,0.507,1.0,0.523,0.473,0.798,0.105,0.36,0.696,0.42,0.614,0.39,0.389,0.233,0.801,0.053,0.601,0.496,0.199,0.489,0.442,0.124,0.731
60,0.403,0.67,0.407,0.392,0.468,0.584,0.406,0.337,0.636,0.955,0.405,0.813,0.391,0.178,0.572,0.441,0.877,0.405,0.327,0.82,0.434,0.832,0.684,0.848,0.721,0.433,0.973,0.213,0.209,0.205,0.408,0.063,0.925,0.523,0.943,0.178,0.411,0.915,0.534,0.671,0.777,0.949,0.966,0.482,0.987,0.843,0.444,0.317,0.409,0.851,0.846,0.436,0.476,0.389,0.943,0.661,0.684,0.237,0.624,0.523,1.0,0.385,0.894,0.158,0.646,0.801,0.712,0.954,0.725,0.825,0.099,0.897,0.392,0.954,0.628,0.429,0.511,0.896,0.126,0.404
61,0.247,0.465,0.199,0.73,0.519,0.198,0.752,0.071,0.208,0.439,0.241,0.386,0.244,0.772,0.496,0.129,0.34,0.625,0.736,0.391,0.673,0.436,0.393,0.312,0.421,0.538,0.452,0.331,0.074,0.413,0.144,0.129,0.556,0.181,0.454,0.082,0.101,0.314,0.342,0.456,0.189,0.454,0.468,0.56,0.364,0.467,0.53,0.733,0.219,0.313,0.457,0.099,0.509,0.757,0.507,0.459,0.549,0.235,0.194,0.473,0.385,1.0,0.558,0.319,0.497,0.653,0.753,0.421,0.759,0.43,0.185,0.507,0.22,0.458,0.193,0.122,0.106,0.573,0.281,0.788
62,0.486,0.712,0.176,0.624,0.415,0.58,0.651,0.235,0.632,0.96,0.497,0.957,0.491,0.479,0.632,0.615,0.795,0.655,0.619,0.948,0.631,0.649,0.716,0.873,0.525,0.398,0.793,0.177,0.176,0.31,0.564,0.085,0.77,0.633,0.948,0.174,0.253,0.713,0.612,0.696,0.792,0.959,0.838,0.381,0.808,0.978,0.392,0.611,0.514,0.863,0.978,0.291,0.425,0.627,0.773,0.716,0.9,0.176,0.641,0.798,0.894,0.558,1.0,0.103,0.7,0.886,0.616,0.945,0.615,0.634,0.141,0.997,0.179,0.939,0.646,0.29,0.557,0.786,0.114,0.602
63,0.031,0.154,0.036,0.211,0.113,0.08,0.193,0.653,0.108,0.114,0.023,0.143,0.01,0.566,0.209,0.115,0.069,0.128,0.436,0.055,0.13,0.097,0.001,0.149,0.056,0.102,0.116,0.353,0.65,0.174,0.003,0.29,0.051,0.238,0.115,0.671,0.581,0.135,0.005,0.171,0.187,0.139,0.101,0.122,0.153,0.17,0.079,0.419,0.03,0.156,0.174,0.598,0.206,0.144,0.065,0.176,0.156,0.908,0.101,0.105,0.158,0.319,0.103,1.0,0.177,0.082,0.023,0.133,0.018,0.091,0.76,0.128,0.044,0.144,0.118,0.586,0.211,0.021,1.0,0.139
64,0.288,0.379,0.233,0.446,0.387,0.537,0.455,0.315,0.655,0.748,0.316,0.587,0.278,0.452,0.999,0.492,0.756,0.278,0.437,0.576,0.257,0.339,0.614,0.429,0.508,0.379,0.513,0.078,0.175,0.808,0.071,0.007,0.562,0.425,0.75,0.162,0.503,0.35,0.695,0.35,0.653,0.688,0.689,0.381,0.475,0.611,0.359,0.397,0.296,0.405,0.62,0.513,0.17,0.344,0.613,0.403,0.47,0.185,0.655,0.36,0.646,0.497,0.7,0.177,1.0,0.676,0.426,0.764,0.401,0.336,0.263,0.677,0.244,0.769,0.676,0.378,0.51,0.582,0.17,0.303
65,0.382,0.857,0.383,0.504,0.4,0.417,0.492,0.122,0.467,0.789,0.41,0.806,0.402,0.512,0.646,0.372,0.632,0.641,0.451,0.722,0.662,0.713,0.644,0.733,0.511,0.41,0.78,0.32,0.044,0.432,0.398,0.012,0.754,0.35,0.765,0.056,0.19,0.728,0.492,0.846,0.61,0.841,0.762,0.413,0.785,0.822,0.401,0.464,0.396,0.754,0.794,0.196,0.374,0.532,0.753,0.847,0.79,0.105,0.454,0.696,0.801,0.653,0.886,0.082,0.676,1.0,0.739,0.783,0.736,0.724,0.084,0.836,0.399,0.799,0.462,0.239,0.416,0.74,0.092,0.629
66,0.311,0.551,0.38,0.504,0.677,0.413,0.505,0.124,0.291,0.633,0.32,0.452,0.324,0.336,0.384,0.066,0.581,0.522,0.42,0.526,0.608,0.819,0.512,0.49,0.736,0.669,0.794,0.401,0.039,0.17,0.196,0.174,0.888,0.119,0.624,0.02,0.176,0.695,0.418,0.545,0.295,0.646,0.771,0.681,0.723,0.505,0.672,0.444,0.301,0.461,0.528,0.168,0.69,0.571,0.89,0.544,0.471,0.023,0.301,0.42,0.712,0.753,0.616,0.023,0.426,0.739,1.0,0.6,1.0,0.818,0.002,0.596,0.4,0.646,0.298,0.209,0.143,0.928,0.022,0.674
67,0.43,0.623,0.239,0.533,0.434,0.662,0.464,0.32,0.713,1.0,0.413,0.876,0.406,0.275,0.722,0.598,0.908,0.436,0.46,0.898,0.449,0.637,0.762,0.827,0.647,0.454,0.869,0.13,0.219,0.293,0.379,0.097,0.866,0.588,1.0,0.2,0.438,0.751,0.657,0.57,0.813,0.984,0.948,0.453,0.883,0.918,0.467,0.455,0.403,0.828,0.884,0.469,0.424,0.459,0.848,0.592,0.728,0.201,0.727,0.614,0.954,0.421,0.945,0.133,0.764,0.783,0.6,1.0,0.635,0.664,0.15,0.945,0.273,1.0,0.718,0.41,0.569,0.837,0.117,0.409
68,0.303,0.555,0.39,0.536,0.705,0.414,0.528,0.112,0.3,0.631,0.337,0.436,0.328,0.368,0.388,0.067,0.564,0.532,0.42,0.512,0.587,0.817,0.475,0.481,0.688,0.649,0.78,0.38,0.047,0.17,0.245,0.167,0.896,0.101,0.625,0.026,0.161,0.671,0.451,0.57,0.293,0.649,0.762,0.678,0.747,0.5,0.664,0.387,0.32,0.479,0.523,0.172,0.698,0.58,0.892,0.576,0.436,0.018,0.354,0.39,0.725,0.759,0.615,0.018,0.401,0.736,1.0,0.635,1.0,0.818,0.001,0.558,0.44,0.638,0.29,0.215,0.147,0.914,0.022,0.65
69,0.339,0.692,0.562,0.282,0.397,0.352,0.324,0.22,0.304,0.673,0.327,0.555,0.319,0.108,0.339,0.111,0.582,0.435,0.161,0.506,0.5,1.0,0.41,0.662,0.58,0.395,0.945,0.498,0.152,0.079,0.37,0.168,0.893,0.232,0.635,0.134,0.286,0.939,0.277,0.722,0.431,0.701,0.811,0.429,0.929,0.576,0.407,0.184,0.335,0.678,0.583,0.266,0.62,0.374,0.876,0.733,0.453,0.158,0.339,0.389,0.825,0.43,0.634,0.091,0.336,0.724,0.818,0.664,0.818,1.0,0.04,0.622,0.605,0.67,0.305,0.335,0.245,0.824,0.087,0.482
70,0.047,0.136,0.012,0.104,0.094,0.052,0.127,0.882,0.099,0.153,0.041,0.202,0.041,0.526,0.267,0.335,0.081,0.181,0.366,0.095,0.14,0.032,0.084,0.137,0.081,0.082,0.086,0.074,0.871,0.222,0.066,0.115,0.046,0.242,0.161,0.902,0.808,0.061,0.005,0.158,0.119,0.143,0.098,0.079,0.1,0.185,0.07,0.32,0.049,0.158,0.191,0.809,0.086,0.078,0.055,0.144,0.251,0.628,0.077,0.233,0.099,0.185,0.141,0.76,0.263,0.084,0.002,0.15,0.001,0.04,1.0,0.169,0.01,0.166,0.071,0.739,0.087,0.023,0.746,0.078
71,0.497,0.614,0.185,0.629,0.394,0.632,0.632,0.256,0.668,0.957,0.472,0.956,0.448,0.403,0.681,0.61,0.819,0.629,0.599,0.962,0.62,0.595,0.728,0.876,0.522,0.393,0.759,0.149,0.196,0.295,0.509,0.112,0.781,0.677,0.956,0.202,0.309,0.701,0.663,0.65,0.803,0.971,0.839,0.382,0.82,0.978,0.379,0.594,0.497,0.875,0.989,0.311,0.448,0.581,0.764,0.654,0.869,0.166,0.654,0.801,0.897,0.507,0.997,0.128,0.677,0.836,0.596,0.945,0.558,0.622,0.169,1.0,0.191,0.955,0.692,0.346,0.556,0.759,0.116,0.579
72,0.002,0.488,1.0,0.01,0.253,0.038,0.009,0.134,0.015,0.265,0.002,0.183,0.001,0.091,0.273,0.011,0.173,0.031,0.003,0.108,0.052,0.567,0.352,0.362,0.279,0.269,0.492,0.335,0.164,0.406,0.138,0.1,0.433,0.087,0.271,0.112,0.146,0.557,0.1,0.488,0.088,0.313,0.404,0.257,0.49,0.198,0.243,0.012,0.002,0.337,0.191,0.132,0.272,0.002,0.416,0.476,0.114,0.103,0.024,0.053,0.392,0.22,0.179,0.044,0.244,0.399,0.4,0.273,0.44,0.605,0.01,0.191,1.0,0.248,0.014,0.308,0.015,0.39,0.036,0.033
73,0.412,0.596,0.271,0.508,0.439,0.635,0.521,0.339,0.704,1.0,0.394,0.87,0.381,0.272,0.709,0.596,0.917,0.427,0.451,0.897,0.406,0.695,0.764,0.833,0.667,0.458,0.866,0.138,0.229,0.306,0.386,0.092,0.839,0.587,1.0,0.209,0.451,0.778,0.668,0.617,0.808,0.989,0.944,0.449,0.883,0.906,0.462,0.439,0.402,0.826,0.91,0.418,0.442,0.459,0.851,0.582,0.717,0.198,0.7,0.601,0.954,0.458,0.939,0.144,0.769,0.799,0.646,1.0,0.638,0.67,0.166,0.955,0.248,1.0,0.723,0.428,0.586,0.835,0.113,0.428
74,0.731,0.209,0.005,0.431,0.446,0.938,0.487,0.1,1.0,0.712,0.722,0.603,0.74,0.113,0.624,0.562,0.852,0.378,0.301,0.741,0.328,0.326,0.451,0.437,0.605,0.428,0.505,0.01,0.057,0.446,0.453,0.126,0.521,0.677,0.69,0.046,0.239,0.398,0.842,0.203,0.908,0.627,0.616,0.462,0.517,0.617,0.461,0.289,0.737,0.462,0.582,0.242,0.083,0.428,0.516,0.188,0.524,0.238,1.0,0.496,0.628,0.193,0.646,0.118,0.676,0.462,0.298,0.718,0.29,0.305,0.071,0.692,0.014,0.723,1.0,0.093,0.933,0.525,0.096,0.342
75,0.011,0.348,0.303,0.074,0.063,0.071,0.082,0.948,0.096,0.453,0.008,0.328,0.01,0.246,0.375,0.306,0.276,0.069,0.263,0.251,0.054,0.361,0.245,0.39,0.203,0.07,0.418,0.306,0.838,0.13,0.074,0.303,0.366,0.293,0.407,0.808,0.919,0.38,0.052,0.329,0.2,0.421,0.416,0.052,0.429,0.382,0.07,0.248,0.01,0.393,0.364,0.904,0.411,0.03,0.381,0.322,0.278,0.437,0.124,0.199,0.429,0.122,0.29,0.586,0.378,0.239,0.209,0.41,0.215,0.335,0.739,0.346,0.308,0.428,0.093,1.0,0.061,0.314,0.591,0.023
76,0.702,0.204,0.01,0.281,0.261,0.82,0.262,0.073,0.93,0.602,0.677,0.58,0.687,0.085,0.52,0.605,0.69,0.337,0.117,0.633,0.266,0.262,0.381,0.469,0.446,0.256,0.389,0.069,0.056,0.423,0.5,0.137,0.37,0.712,0.562,0.051,0.206,0.36,0.678,0.232,0.927,0.543,0.489,0.257,0.429,0.535,0.285,0.161,0.704,0.461,0.544,0.185,0.034,0.309,0.384,0.203,0.507,0.342,0.935,0.489,0.511,0.106,0.557,0.211,0.51,0.416,0.143,0.569,0.147,0.245,0.087,0.556,0.015,0.586,0.933,0.061,1.0,0.353,0.213,0.244
77,0.422,0.515,0.392,0.509,0.726,0.605,0.511,0.225,0.524,0.837,0.409,0.607,0.419,0.234,0.523,0.204,0.85,0.45,0.379,0.708,0.466,0.836,0.648,0.633,0.855,0.71,0.912,0.214,0.109,0.185,0.322,0.11,0.988,0.294,0.862,0.073,0.321,0.795,0.611,0.496,0.546,0.809,0.949,0.708,0.882,0.666,0.732,0.377,0.408,0.6,0.681,0.324,0.59,0.521,0.986,0.508,0.537,0.07,0.527,0.442,0.896,0.573,0.786,0.021,0.582,0.74,0.928,0.837,0.914,0.824,0.023,0.759,0.39,0.835,0.525,0.314,0.353,1.0,0.028,0.554
78,0.025,0.171,0.03,0.223,0.092,0.079,0.21,0.646,0.109,0.118,0.032,0.155,0.017,0.521,0.207,0.109,0.065,0.117,0.433,0.065,0.102,0.107,0.004,0.141,0.044,0.103,0.128,0.322,0.68,0.164,0.002,0.303,0.048,0.242,0.125,0.658,0.562,0.143,0.003,0.188,0.154,0.149,0.112,0.111,0.149,0.152,0.111,0.445,0.022,0.137,0.153,0.564,0.214,0.138,0.056,0.187,0.16,0.908,0.103,0.124,0.126,0.281,0.114,1.0,0.17,0.092,0.022,0.117,0.022,0.087,0.746,0.116,0.036,0.113,0.096,0.591,0.213,0.028,1.0,0.167
79,0.597,0.515,0.031,0.863,0.541,0.378,0.873,0.005,0.313,0.423,0.593,0.512,0.593,0.509,0.301,0.148,0.399,0.939,0.694,0.531,0.953,0.496,0.208,0.456,0.46,0.549,0.464,0.323,0.045,0.17,0.528,0.055,0.481,0.332,0.455,0.044,0.027,0.401,0.443,0.535,0.347,0.459,0.432,0.537,0.425,0.528,0.52,0.7,0.619,0.448,0.492,0.028,0.433,0.972,0.524,0.512,0.685,0.116,0.331,0.731,0.404,0.788,0.602,0.139,0.303,0.629,0.674,0.409,0.65,0.482,0.078,0.579,0.033,0.428,0.342,0.023,0.244,0.554,0.167,1.0
