,0,1,2,3,4,5,6,7,8,9,10,11,12,13,14,15,16,17,18,19,20,21,22,23,24,25,26,27,28,29,30,31,32,33,34,35,36,37,38,39,40,41,42,43,44,45,46,47,48,49,50,51,52,53,54,55,56,57,58,59,60,61,62,63,64,65,66,67,68,69,70,71,72,73,74,75,76,77,78,79,80,81,82,83,84,85,86,87,88,89,90,91,92,93,94,95,96,97,98,99,100,101,102,103,104,105,106,107,108,109,110,111,112,113,114,115,116,117,118,119,120,121,122,123,124,125,126,127,128,129,130,131,132,133,134,135,136,137,138,139,140,141,142,143,144,145,146,147,148,149,150,151,152,153,154,155,156,157,158,159,160,161,162,163,164,165,166,167,168,169,170,171,172,173,174,175,176,177,178,179,180,181,182,183,184,185,186,187,188,189,190,191,192,193,194,195,196,197,198,199
0,1.0,0.543,0.014,0.006,0.504,0.001,0.598,0.655,0.0,0.0,0.14,0.202,0.0,0.407,0.001,0.005,0.0,0.002,0.01,0.002,0.0,0.052,0.146,0.002,0.041,0.714,0.015,0.05,0.0,0.015,0.209,0.0,0.851,0.0,0.018,0.6,0.739,0.001,0.887,0.794,0.003,0.0,0.0,0.002,0.002,0.002,0.015,0.01,0.001,0.685,0.017,0.0,0.578,0.039,0.617,0.0,0.034,0.018,0.071,0.033,0.031,0.0,0.454,0.0,0.0,0.0,0.0,0.583,0.014,0.003,0.806,0.683,0.0,0.004,0.0,0.001,0.0,0.008,0.068,0.827,0.0,0.0,0.028,0.001,0.002,0.0,0.006,0.533,0.009,0.002,0.519,0.024,0.0,0.003,0.001,0.651,0.4,0.006,0.001,0.704,0.001,0.001,0.026,0.546,0.0,0.018,0.004,0.001,0.002,0.012,0.0,0.005,0.003,0.648,0.492,0.002,0.0,0.0,0.0,0.026,0.327,0.0,0.001,0.346,0.007,0.225,0.005,0.1,0.0,0.004,0.0,0.003,0.125,0.0,0.001,0.001,0.168,0.0,0.492,0.032,0.026,0.006,0.015,0.398,0.0,0.005,0.009,0.0,0.484,0.008,0.459,0.001,0.002,0.039,0.001,0.009,0.021,0.436,0.0,0.015,0.0,0.0,0.024,0.15,0.004,0.002,0.009,0.002,0.0,0.0,0.02,0.488,0.001,0.01,0.0,0.074,0.029,0.033,0.82,0.0,0.0,0.002,0.857,0.04,0.001,0.216,0.072,0.009,0.0,0.045,0.021,0.051,0.0,0.024,0.628,0.029,0.461,0.0,0.353,0.012
1,0.543,1.0,0.014,0.002,0.125,0.01,0.596,0.34,0.004,0.0,0.656,0.588,0.008,0.111,0.015,0.021,0.02,0.0,0.093,0.005,0.017,0.063,0.472,0.0,0.169,0.732,0.039,0.01,0.033,0.005,0.067,0.0,0.643,0.026,0.077,0.701,0.778,0.005,0.447,0.695,0.01,0.026,0.005,0.002,0.035,0.002,0.009,0.048,0.02,0.237,0.058,0.012,0.821,0.25,0.214,0.0,0.373,0.279,0.01,0.111,0.134,0.021,0.711,0.001,0.0,0.025,0.045,0.198,0.004,0.037,0.45,0.571,0.002,0.028,0.007,0.017,0.025,0.019,0.011,0.353,0.0,0.007,0.025,0.01,0.037,0.001,0.02,0.87,0.008,0.031,0.706,0.117,0.018,0.043,0.016,0.871,0.245,0.011,0.013,0.21,0.009,0.012,0.035,0.869,0.163,0.091,0.0,0.011,0.012,0.025,0.011,0.017,0.009,0.209,0.125,0.013,0.021,0.015,0.019,0.027,0.579,0.0,0.015,0.138,0.09,0.044,0.008,0.015,0.005,0.024,0.0,0.005,0.048,0.005,0.074,0.013,0.392,0.022,0.123,0.25,0.143,0.044,0.014,0.372,0.0,0.016,0.032,0.0,0.874,0.028,0.135,0.001,0.013,0.086,0.01,0.03,0.001,0.861,0.019,0.027,0.0,0.014,0.027,0.03,0.004,0.014,0.015,0.002,0.011,0.02,0.059,0.14,0.017,0.043,0.0,0.011,0.101,0.267,0.373,0.06,0.029,0.014,0.368,0.115,0.0,0.031,0.018,0.009,0.0,0.067,0.021,0.159,0.0,0.141,0.91,0.128,0.154,0.006,0.83,0.037
2,0.014,0.014,1.0,0.0,0.003,0.038,0.027,0.01,0.062,0.0,0.014,0.019,0.001,0.001,0.0,0.001,0.001,0.001,0.013,0.008,0.001,0.325,0.013,0.0,0.012,0.046,0.007,0.001,0.005,0.001,0.0,0.0,0.025,0.006,0.007,0.019,0.023,0.077,0.006,0.018,0.573,0.003,0.424,0.388,0.001,0.028,0.0,0.006,0.042,0.004,0.003,0.002,0.021,0.02,0.005,0.001,0.024,0.014,0.007,0.005,0.011,0.003,0.032,0.003,0.001,0.001,0.007,0.004,0.0,0.003,0.011,0.014,0.012,0.004,0.39,0.002,0.001,0.016,0.0,0.005,0.001,0.001,0.002,0.002,0.009,0.008,0.006,0.032,0.0,0.001,0.03,0.007,0.002,0.005,0.004,0.02,0.015,0.0,0.0,0.009,0.039,0.001,0.006,0.031,0.019,0.014,0.0,0.025,0.002,0.025,0.0,0.0,0.001,0.004,0.007,0.003,0.004,0.006,0.004,0.007,0.015,0.005,0.003,0.013,0.007,0.002,0.001,0.004,0.0,0.002,0.007,0.007,0.013,0.022,0.009,0.0,0.001,0.001,0.0,0.015,0.008,0.003,0.001,0.021,0.102,0.029,0.006,0.001,0.019,0.004,0.002,0.008,0.005,0.0,0.005,0.005,0.002,0.035,0.001,0.005,0.003,0.002,0.786,0.005,0.0,0.0,0.0,0.0,0.074,0.006,0.008,0.006,0.004,0.001,0.0,0.005,0.002,0.015,0.004,0.007,0.003,0.002,0.007,0.006,0.015,0.0,0.0,0.0,0.002,0.006,0.0,0.012,0.0,0.009,0.019,0.007,0.004,0.046,0.027,0.005
3,0.006,0.002,0.0,1.0,0.002,0.033,0.017,0.02,0.004,0.305,0.0,0.001,0.001,0.004,0.413,0.005,0.021,0.385,0.044,0.188,0.043,0.002,0.004,0.183,0.06,0.001,0.054,0.0,0.019,0.0,0.0,0.47,0.007,0.003,0.084,0.01,0.017,0.015,0.006,0.015,0.0,0.004,0.0,0.002,0.049,0.045,0.517,0.064,0.054,0.008,0.047,0.023,0.001,0.012,0.022,0.443,0.002,0.011,0.006,0.032,0.062,0.068,0.0,0.279,0.346,0.033,0.027,0.004,0.412,0.033,0.025,0.017,0.117,0.021,0.003,0.056,0.02,0.238,0.001,0.012,0.249,0.0,0.514,0.008,0.036,0.208,0.072,0.0,0.308,0.064,0.006,0.063,0.016,0.061,0.115,0.018,0.037,0.001,0.039,0.01,0.011,0.034,0.203,0.01,0.012,0.083,0.102,0.029,0.005,0.131,0.012,0.475,0.042,0.012,0.008,0.001,0.047,0.028,0.058,0.105,0.001,0.385,0.068,0.014,0.047,0.009,0.394,0.002,0.414,0.051,0.152,0.255,0.025,0.367,0.016,0.012,0.013,0.006,0.006,0.001,0.014,0.059,0.848,0.016,0.045,0.054,0.07,0.294,0.001,0.051,0.007,0.047,0.087,0.065,0.113,0.043,0.0,0.0,0.009,0.041,0.24,0.028,0.002,0.016,0.353,0.058,0.333,0.937,0.022,0.041,0.101,0.01,0.093,0.059,0.631,0.016,0.023,0.006,0.007,0.027,0.063,0.333,0.017,0.032,0.223,0.001,0.0,0.537,0.13,0.114,0.117,0.026,0.345,0.055,0.002,0.05,0.009,0.018,0.0,0.073
4,0.504,0.125,0.003,0.002,1.0,0.0,0.279,0.579,0.0,0.0,0.004,0.014,0.0,0.655,0.0,0.002,0.008,0.001,0.0,0.0,0.002,0.023,0.018,0.007,0.006,0.262,0.002,0.042,0.004,0.031,0.204,0.0,0.437,0.032,0.002,0.245,0.337,0.0,0.48,0.348,0.002,0.0,0.0,0.0,0.005,0.0,0.016,0.0,0.002,0.842,0.001,0.004,0.172,0.005,0.71,0.023,0.002,0.0,0.343,0.002,0.003,0.0,0.127,0.0,0.001,0.005,0.002,0.922,0.026,0.002,0.522,0.357,0.0,0.018,0.001,0.002,0.01,0.003,0.39,0.683,0.0,0.003,0.014,0.0,0.0,0.004,0.001,0.134,0.016,0.001,0.176,0.007,0.004,0.001,0.0,0.244,0.202,0.007,0.0,0.668,0.001,0.004,0.008,0.162,0.017,0.0,0.014,0.004,0.016,0.004,0.001,0.002,0.001,0.799,0.734,0.0,0.001,0.007,0.001,0.027,0.044,0.01,0.001,0.399,0.0,0.674,0.026,0.414,0.017,0.008,0.0,0.011,0.188,0.005,0.001,0.002,0.025,0.011,1.0,0.029,0.001,0.0,0.008,0.189,0.0,0.005,0.001,0.001,0.128,0.002,0.735,0.0,0.0,0.006,0.0,0.0,0.109,0.078,0.001,0.002,0.0,0.003,0.016,0.389,0.002,0.002,0.011,0.005,0.0,0.004,0.0,0.797,0.0,0.001,0.001,0.243,0.002,0.009,0.657,0.005,0.001,0.011,0.751,0.0,0.0,0.564,0.034,0.01,0.0,0.011,0.007,0.011,0.001,0.004,0.21,0.007,0.53,0.0,0.076,0.002
5,0.001,0.01,0.038,0.033,0.0,1.0,0.02,0.003,0.119,0.047,0.001,0.001,0.001,0.002,0.087,0.003,0.003,0.105,0.003,0.049,0.002,0.053,0.001,0.003,0.003,0.004,0.005,0.0,0.001,0.0,0.0,0.045,0.003,0.001,0.01,0.006,0.005,0.794,0.0,0.003,0.071,0.0,0.175,0.115,0.001,0.707,0.009,0.003,0.855,0.0,0.0,0.001,0.006,0.001,0.001,0.024,0.0,0.003,0.001,0.003,0.007,0.002,0.002,0.053,0.045,0.004,0.0,0.002,0.01,0.0,0.005,0.002,0.18,0.0,0.157,0.0,0.0,0.315,0.0,0.001,0.067,0.0,0.025,0.0,0.001,0.099,0.011,0.001,0.097,0.002,0.01,0.012,0.0,0.001,0.002,0.004,0.006,0.0,0.003,0.0,0.083,0.001,0.005,0.007,0.0,0.008,0.005,0.069,0.0,0.634,0.004,0.056,0.005,0.001,0.0,0.003,0.001,0.002,0.001,0.137,0.0,0.051,0.006,0.0,0.001,0.0,0.049,0.003,0.032,0.001,0.066,0.081,0.002,0.077,0.0,0.003,0.01,0.004,0.0,0.0,0.0,0.004,0.027,0.004,0.429,0.206,0.014,0.076,0.001,0.002,0.001,0.616,0.005,0.006,0.002,0.004,0.002,0.006,0.0,0.004,0.045,0.001,0.148,0.003,0.056,0.002,0.038,0.036,0.854,0.001,0.011,0.002,0.012,0.004,0.063,0.0,0.003,0.001,0.0,0.0,0.0,0.034,0.002,0.004,0.121,0.002,0.0,0.055,0.029,0.006,0.045,0.006,0.09,0.007,0.006,0.012,0.001,0.062,0.003,0.003
6,0.598,0.596,0.027,0.017,0.279,0.02,1.0,0.759,0.003,0.007,0.191,0.225,0.005,0.187,0.001,0.013,0.002,0.004,0.037,0.0,0.002,0.054,0.349,0.002,0.135,0.558,0.036,0.007,0.014,0.012,0.049,0.003,0.652,0.0,0.06,0.942,0.883,0.016,0.409,0.819,0.01,0.009,0.023,0.011,0.01,0.011,0.016,0.031,0.022,0.473,0.057,0.001,0.663,0.023,0.653,0.005,0.074,0.107,0.088,0.057,0.11,0.004,0.309,0.0,0.002,0.004,0.005,0.378,0.041,0.01,0.792,0.95,0.001,0.0,0.009,0.007,0.0,0.029,0.048,0.571,0.003,0.001,0.038,0.002,0.014,0.001,0.028,0.466,0.02,0.011,0.755,0.104,0.0,0.008,0.003,0.859,0.59,0.0,0.004,0.505,0.003,0.001,0.053,0.608,0.009,0.082,0.009,0.008,0.0,0.06,0.001,0.03,0.006,0.559,0.365,0.002,0.01,0.0,0.003,0.09,0.175,0.0,0.002,0.53,0.023,0.185,0.023,0.078,0.016,0.004,0.0,0.02,0.156,0.0,0.014,0.0,0.158,0.005,0.292,0.04,0.049,0.027,0.051,0.687,0.006,0.07,0.025,0.0,0.41,0.022,0.417,0.003,0.008,0.115,0.002,0.037,0.011,0.455,0.0,0.032,0.004,0.001,0.059,0.187,0.016,0.003,0.016,0.007,0.027,0.002,0.061,0.272,0.009,0.031,0.001,0.075,0.075,0.031,0.635,0.005,0.002,0.016,0.619,0.045,0.002,0.105,0.002,0.03,0.003,0.083,0.069,0.16,0.009,0.103,0.701,0.123,0.477,0.006,0.466,0.048
7,0.655,0.34,0.01,0.02,0.579,0.003,0.759,1.0,0.001,0.007,0.061,0.084,0.009,0.343,0.001,0.002,0.001,0.0,0.008,0.0,0.0,0.037,0.201,0.01,0.07,0.4,0.026,0.002,0.003,0.039,0.065,0.001,0.58,0.015,0.026,0.679,0.675,0.004,0.477,0.648,0.006,0.004,0.011,0.001,0.0,0.0,0.049,0.018,0.001,0.791,0.032,0.005,0.438,0.005,0.925,0.014,0.014,0.03,0.277,0.01,0.041,0.0,0.197,0.0,0.0,0.001,0.0,0.599,0.054,0.0,0.85,0.799,0.0,0.013,0.012,0.0,0.006,0.014,0.17,0.746,0.0,0.019,0.058,0.004,0.002,0.002,0.014,0.273,0.01,0.0,0.555,0.043,0.007,0.001,0.001,0.559,0.696,0.017,0.0,0.729,0.0,0.002,0.073,0.397,0.0,0.03,0.007,0.003,0.016,0.028,0.002,0.023,0.0,0.848,0.661,0.003,0.0,0.002,0.0,0.045,0.108,0.001,0.0,0.799,0.006,0.466,0.021,0.18,0.012,0.0,0.0,0.01,0.385,0.0,0.0,0.004,0.103,0.005,0.559,0.001,0.016,0.013,0.04,0.641,0.0,0.035,0.014,0.0,0.207,0.017,0.742,0.0,0.001,0.068,0.0,0.024,0.044,0.244,0.011,0.019,0.001,0.004,0.038,0.516,0.011,0.0,0.012,0.017,0.006,0.002,0.018,0.57,0.0,0.009,0.004,0.351,0.024,0.002,0.834,0.0,0.0,0.01,0.799,0.017,0.0,0.319,0.002,0.015,0.001,0.051,0.022,0.089,0.003,0.055,0.401,0.05,0.826,0.005,0.232,0.031
8,0.0,0.004,0.062,0.004,0.0,0.119,0.003,0.001,1.0,0.002,0.003,0.002,0.0,0.0,0.007,0.016,0.009,0.014,0.002,0.0,0.003,0.233,0.003,0.0,0.004,0.003,0.001,0.0,0.004,0.004,0.0,0.001,0.001,0.011,0.003,0.003,0.004,0.247,0.0,0.001,0.316,0.003,0.088,0.358,0.002,0.146,0.006,0.001,0.2,0.0,0.0,0.003,0.002,0.001,0.0,0.0,0.003,0.008,0.0,0.004,0.003,0.005,0.003,0.004,0.0,0.01,0.0,0.001,0.0,0.007,0.0,0.001,0.001,0.002,0.345,0.001,0.006,0.328,0.0,0.0,0.002,0.004,0.033,0.005,0.003,0.001,0.003,0.004,0.007,0.004,0.006,0.006,0.0,0.007,0.002,0.004,0.0,0.003,0.001,0.001,0.738,0.01,0.0,0.006,0.0,0.003,0.0,0.459,0.011,0.102,0.007,0.0,0.006,0.0,0.0,0.0,0.003,0.006,0.003,0.002,0.001,0.0,0.008,0.001,0.003,0.0,0.002,0.0,0.0,0.006,0.001,0.0,0.0,0.001,0.001,0.027,0.012,0.011,0.0,0.001,0.002,0.001,0.007,0.0,0.083,0.059,0.005,0.002,0.002,0.0,0.003,0.133,0.001,0.001,0.005,0.0,0.0,0.004,0.005,0.001,0.0,0.006,0.075,0.0,0.0,0.001,0.005,0.002,0.194,0.006,0.001,0.0,0.009,0.004,0.009,0.001,0.001,0.0,0.0,0.004,0.005,0.009,0.0,0.002,0.013,0.0,0.0,0.0,0.001,0.003,0.0,0.001,0.0,0.006,0.003,0.004,0.0,0.621,0.005,0.003
9,0.0,0.0,0.0,0.305,0.0,0.047,0.007,0.007,0.002,1.0,0.003,0.012,0.008,0.0,0.288,0.008,0.013,0.364,0.062,0.48,0.031,0.001,0.0,0.296,0.09,0.001,0.119,0.001,0.011,0.001,0.0,0.795,0.0,0.001,0.078,0.006,0.001,0.03,0.0,0.0,0.0,0.005,0.0,0.001,0.031,0.099,0.113,0.051,0.082,0.001,0.05,0.019,0.001,0.015,0.006,0.405,0.023,0.003,0.01,0.024,0.057,0.029,0.007,0.831,0.773,0.012,0.012,0.002,0.211,0.022,0.003,0.002,0.397,0.007,0.001,0.037,0.012,0.03,0.001,0.003,0.714,0.001,0.046,0.018,0.068,0.671,0.174,0.002,0.459,0.028,0.01,0.043,0.011,0.032,0.085,0.001,0.006,0.0,0.073,0.0,0.001,0.016,0.084,0.0,0.029,0.121,0.209,0.004,0.002,0.049,0.012,0.719,0.026,0.002,0.001,0.012,0.059,0.027,0.029,0.372,0.008,0.534,0.075,0.021,0.022,0.001,0.159,0.0,0.122,0.014,0.655,0.454,0.059,0.543,0.006,0.005,0.002,0.004,0.0,0.005,0.012,0.058,0.246,0.002,0.083,0.038,0.181,0.774,0.001,0.113,0.0,0.073,0.132,0.067,0.092,0.091,0.005,0.008,0.009,0.06,0.905,0.017,0.001,0.021,0.821,0.035,0.349,0.292,0.033,0.034,0.155,0.0,0.103,0.053,0.495,0.019,0.029,0.023,0.0,0.012,0.033,0.103,0.004,0.018,0.467,0.0,0.002,0.332,0.701,0.108,0.316,0.061,0.819,0.05,0.0,0.061,0.001,0.003,0.011,0.132
10,0.14,0.656,0.014,0.0,0.004,0.001,0.191,0.061,0.003,0.003,1.0,0.738,0.068,0.012,0.043,0.057,0.076,0.002,0.243,0.029,0.059,0.046,0.525,0.0,0.153,0.403,0.046,0.007,0.085,0.115,0.021,0.022,0.247,0.122,0.111,0.295,0.317,0.002,0.126,0.283,0.011,0.065,0.002,0.003,0.099,0.0,0.001,0.079,0.008,0.019,0.093,0.067,0.552,0.496,0.019,0.006,0.828,0.41,0.0,0.138,0.104,0.09,0.545,0.015,0.011,0.056,0.142,0.013,0.0,0.131,0.094,0.193,0.012,0.138,0.001,0.074,0.135,0.009,0.0,0.064,0.005,0.06,0.017,0.027,0.103,0.027,0.018,0.637,0.001,0.1,0.38,0.119,0.093,0.095,0.025,0.37,0.087,0.051,0.019,0.033,0.003,0.072,0.066,0.552,0.553,0.107,0.0,0.006,0.063,0.013,0.063,0.0,0.048,0.015,0.011,0.054,0.066,0.054,0.082,0.0,0.578,0.021,0.043,0.019,0.159,0.001,0.0,0.0,0.0,0.101,0.014,0.005,0.016,0.051,0.292,0.046,0.291,0.091,0.005,0.423,0.207,0.055,0.006,0.153,0.0,0.004,0.022,0.005,0.65,0.033,0.01,0.0,0.027,0.056,0.023,0.04,0.0,0.731,0.092,0.054,0.018,0.107,0.01,0.002,0.001,0.052,0.0,0.0,0.002,0.086,0.129,0.01,0.046,0.049,0.016,0.0,0.092,0.477,0.062,0.165,0.087,0.002,0.037,0.207,0.013,0.0,0.008,0.0,0.011,0.069,0.002,0.096,0.005,0.096,0.493,0.099,0.039,0.002,0.797,0.039
11,0.202,0.588,0.019,0.001,0.014,0.001,0.225,0.084,0.002,0.012,0.738,1.0,0.013,0.022,0.033,0.019,0.057,0.004,0.164,0.018,0.045,0.064,0.465,0.001,0.161,0.516,0.067,0.003,0.051,0.108,0.012,0.019,0.311,0.114,0.106,0.306,0.363,0.003,0.198,0.322,0.01,0.025,0.008,0.002,0.063,0.001,0.0,0.063,0.004,0.036,0.088,0.082,0.652,0.686,0.044,0.014,0.791,0.357,0.003,0.187,0.089,0.067,0.749,0.023,0.02,0.045,0.18,0.031,0.0,0.093,0.105,0.198,0.022,0.079,0.003,0.062,0.09,0.004,0.002,0.081,0.009,0.032,0.013,0.016,0.047,0.04,0.02,0.788,0.007,0.078,0.511,0.095,0.063,0.093,0.015,0.448,0.096,0.034,0.03,0.05,0.006,0.052,0.058,0.714,0.613,0.114,0.002,0.002,0.043,0.007,0.012,0.003,0.047,0.032,0.02,0.021,0.067,0.051,0.062,0.001,0.806,0.019,0.052,0.046,0.162,0.011,0.0,0.002,0.002,0.08,0.02,0.014,0.023,0.074,0.198,0.029,0.095,0.067,0.022,0.668,0.277,0.053,0.003,0.131,0.002,0.008,0.033,0.01,0.79,0.051,0.03,0.002,0.031,0.078,0.011,0.055,0.0,0.852,0.034,0.079,0.022,0.05,0.016,0.007,0.004,0.04,0.0,0.003,0.001,0.069,0.068,0.018,0.022,0.048,0.029,0.0,0.146,0.703,0.093,0.168,0.064,0.008,0.058,0.256,0.027,0.003,0.004,0.0,0.03,0.067,0.001,0.159,0.006,0.079,0.478,0.113,0.055,0.001,0.662,0.044
12,0.0,0.008,0.001,0.001,0.0,0.001,0.005,0.009,0.0,0.008,0.068,0.013,1.0,0.0,0.016,0.526,0.385,0.009,0.306,0.002,0.209,0.0,0.051,0.001,0.129,0.01,0.147,0.023,0.677,0.41,0.057,0.026,0.008,0.236,0.188,0.005,0.0,0.005,0.002,0.004,0.0,0.875,0.012,0.008,0.421,0.007,0.014,0.209,0.007,0.0,0.154,0.207,0.016,0.009,0.013,0.001,0.071,0.153,0.008,0.132,0.091,0.295,0.01,0.009,0.011,0.443,0.256,0.0,0.0,0.39,0.006,0.002,0.007,0.467,0.004,0.246,0.487,0.013,0.002,0.0,0.001,0.873,0.002,0.77,0.401,0.008,0.1,0.017,0.02,0.261,0.007,0.09,0.462,0.291,0.275,0.006,0.0,0.803,0.249,0.0,0.002,0.235,0.004,0.016,0.039,0.172,0.0,0.0,0.596,0.0,0.517,0.001,0.274,0.0,0.0,1.0,0.291,0.4,0.344,0.012,0.006,0.004,0.255,0.016,0.245,0.011,0.0,0.002,0.003,0.198,0.006,0.01,0.007,0.021,0.304,0.414,0.01,0.27,0.0,0.021,0.111,0.292,0.0,0.0,0.01,0.007,0.104,0.004,0.015,0.065,0.002,0.01,0.215,0.076,0.269,0.081,0.008,0.016,0.726,0.091,0.007,0.486,0.003,0.021,0.0,0.258,0.011,0.0,0.009,0.492,0.168,0.0,0.217,0.178,0.014,0.038,0.136,0.004,0.0,0.233,0.374,0.0,0.0,0.15,0.022,0.002,0.033,0.002,0.015,0.195,0.022,0.049,0.003,0.082,0.007,0.171,0.003,0.014,0.018,0.153
13,0.407,0.111,0.001,0.004,0.655,0.002,0.187,0.343,0.0,0.0,0.012,0.022,0.0,1.0,0.0,0.007,0.0,0.0,0.0,0.0,0.011,0.009,0.016,0.008,0.011,0.173,0.002,0.104,0.002,0.026,0.396,0.0,0.268,0.104,0.005,0.157,0.235,0.002,0.382,0.203,0.0,0.0,0.0,0.0,0.008,0.0,0.006,0.002,0.0,0.591,0.002,0.008,0.147,0.0,0.361,0.003,0.002,0.004,0.183,0.001,0.003,0.0,0.104,0.0,0.0,0.001,0.001,0.786,0.012,0.0,0.36,0.195,0.0,0.007,0.002,0.0,0.003,0.0,0.652,0.496,0.0,0.002,0.008,0.001,0.0,0.0,0.003,0.119,0.004,0.001,0.164,0.004,0.0,0.0,0.0,0.202,0.177,0.003,0.0,0.528,0.001,0.003,0.013,0.173,0.011,0.004,0.007,0.003,0.017,0.007,0.0,0.0,0.001,0.515,0.656,0.0,0.0,0.001,0.0,0.005,0.049,0.001,0.0,0.224,0.0,0.57,0.012,0.665,0.002,0.006,0.0,0.0,0.101,0.0,0.001,0.004,0.029,0.011,0.642,0.023,0.001,0.001,0.005,0.116,0.0,0.004,0.001,0.0,0.111,0.0,0.448,0.0,0.0,0.006,0.0,0.001,0.126,0.078,0.001,0.004,0.0,0.002,0.01,0.202,0.001,0.002,0.004,0.001,0.003,0.0,0.002,0.721,0.0,0.004,0.0,0.116,0.007,0.002,0.375,0.001,0.0,0.007,0.477,0.001,0.0,0.76,0.049,0.006,0.0,0.007,0.0,0.021,0.0,0.008,0.138,0.005,0.295,0.001,0.059,0.002
14,0.001,0.015,0.0,0.413,0.0,0.087,0.001,0.001,0.007,0.288,0.043,0.033,0.016,0.0,1.0,0.006,0.008,0.603,0.025,0.407,0.007,0.004,0.003,0.072,0.016,0.003,0.046,0.0,0.009,0.001,0.001,0.474,0.002,0.0,0.024,0.0,0.0,0.048,0.0,0.0,0.003,0.007,0.005,0.014,0.02,0.171,0.138,0.02,0.118,0.001,0.007,0.002,0.004,0.02,0.003,0.235,0.042,0.0,0.003,0.005,0.023,0.024,0.008,0.482,0.402,0.012,0.006,0.0,0.187,0.009,0.001,0.0,0.249,0.006,0.009,0.023,0.015,0.235,0.0,0.001,0.371,0.004,0.143,0.021,0.052,0.314,0.06,0.011,0.141,0.02,0.0,0.014,0.006,0.021,0.083,0.001,0.0,0.007,0.022,0.001,0.014,0.006,0.036,0.002,0.044,0.026,0.036,0.02,0.006,0.173,0.039,0.453,0.008,0.005,0.0,0.009,0.029,0.012,0.039,0.058,0.018,0.379,0.044,0.005,0.004,0.0,0.099,0.001,0.134,0.005,0.333,0.094,0.012,0.258,0.004,0.012,0.001,0.007,0.0,0.005,0.0,0.018,0.285,0.0,0.099,0.052,0.057,0.428,0.006,0.024,0.002,0.184,0.043,0.014,0.055,0.015,0.001,0.012,0.015,0.013,0.299,0.009,0.009,0.004,0.25,0.01,0.118,0.392,0.088,0.027,0.079,0.0,0.1,0.021,0.667,0.002,0.0,0.01,0.002,0.006,0.022,0.064,0.001,0.001,0.202,0.001,0.0,0.279,0.158,0.024,0.022,0.004,0.389,0.02,0.002,0.013,0.002,0.022,0.024,0.028
15,0.005,0.021,0.001,0.005,0.002,0.003,0.013,0.002,0.016,0.008,0.057,0.019,0.526,0.007,0.006,1.0,0.593,0.004,0.172,0.0,0.425,0.005,0.033,0.0,0.081,0.028,0.09,0.072,0.668,0.498,0.043,0.018,0.017,0.611,0.134,0.006,0.007,0.008,0.009,0.02,0.005,0.581,0.006,0.025,0.334,0.021,0.009,0.133,0.015,0.001,0.067,0.325,0.031,0.012,0.004,0.002,0.106,0.11,0.016,0.243,0.032,0.286,0.036,0.009,0.013,0.644,0.217,0.005,0.0,0.228,0.001,0.012,0.002,0.569,0.016,0.24,0.41,0.033,0.023,0.0,0.003,0.651,0.015,0.507,0.166,0.003,0.08,0.034,0.021,0.392,0.016,0.038,0.298,0.368,0.187,0.018,0.0,0.522,0.288,0.0,0.039,0.376,0.001,0.018,0.056,0.093,0.004,0.013,0.811,0.004,0.486,0.002,0.466,0.001,0.005,0.508,0.272,0.464,0.295,0.034,0.018,0.001,0.214,0.015,0.23,0.034,0.002,0.043,0.004,0.435,0.004,0.022,0.005,0.015,0.19,0.699,0.01,0.673,0.003,0.081,0.143,0.204,0.001,0.002,0.013,0.015,0.092,0.001,0.026,0.037,0.003,0.012,0.154,0.037,0.189,0.046,0.0,0.036,0.48,0.037,0.008,0.567,0.008,0.032,0.002,0.398,0.018,0.003,0.006,0.354,0.102,0.003,0.173,0.149,0.01,0.028,0.114,0.008,0.003,0.22,0.268,0.0,0.001,0.222,0.02,0.025,0.08,0.0,0.014,0.155,0.029,0.03,0.0,0.032,0.028,0.129,0.001,0.108,0.021,0.077
16,0.0,0.02,0.001,0.021,0.008,0.003,0.002,0.001,0.009,0.013,0.076,0.057,0.385,0.0,0.008,0.593,1.0,0.022,0.464,0.0,0.785,0.0,0.043,0.002,0.236,0.008,0.274,0.042,0.902,0.732,0.051,0.021,0.003,0.65,0.371,0.005,0.005,0.006,0.0,0.004,0.001,0.547,0.003,0.004,0.623,0.01,0.024,0.382,0.01,0.001,0.275,0.829,0.01,0.029,0.013,0.002,0.17,0.27,0.003,0.639,0.158,0.701,0.013,0.01,0.021,0.925,0.671,0.004,0.0,0.59,0.004,0.003,0.004,0.92,0.004,0.672,0.785,0.026,0.004,0.0,0.005,0.623,0.032,0.532,0.305,0.004,0.201,0.014,0.014,0.83,0.013,0.152,0.745,0.787,0.445,0.013,0.0,0.598,0.741,0.001,0.006,0.846,0.021,0.019,0.135,0.289,0.0,0.005,0.721,0.002,0.556,0.006,0.898,0.003,0.009,0.392,0.658,0.832,0.72,0.012,0.018,0.001,0.484,0.008,0.631,0.02,0.003,0.018,0.004,0.822,0.005,0.021,0.0,0.015,0.474,0.654,0.013,0.879,0.001,0.09,0.473,0.589,0.025,0.0,0.012,0.004,0.192,0.004,0.029,0.148,0.006,0.008,0.447,0.15,0.449,0.165,0.002,0.02,0.697,0.185,0.004,0.95,0.0,0.013,0.001,0.807,0.021,0.018,0.003,0.667,0.28,0.001,0.378,0.393,0.022,0.007,0.374,0.026,0.0,0.65,0.667,0.001,0.004,0.531,0.022,0.01,0.053,0.001,0.012,0.411,0.037,0.138,0.0,0.152,0.015,0.312,0.003,0.021,0.018,0.273
17,0.002,0.0,0.001,0.385,0.001,0.105,0.004,0.0,0.014,0.364,0.002,0.004,0.009,0.0,0.603,0.004,0.022,1.0,0.05,0.192,0.032,0.002,0.0,0.048,0.05,0.001,0.067,0.0,0.014,0.006,0.0,0.526,0.002,0.001,0.071,0.002,0.001,0.043,0.0,0.002,0.002,0.006,0.0,0.008,0.029,0.155,0.084,0.046,0.164,0.001,0.029,0.021,0.002,0.002,0.003,0.141,0.016,0.011,0.0,0.021,0.059,0.071,0.0,0.492,0.641,0.033,0.021,0.0,0.11,0.031,0.008,0.003,0.241,0.011,0.007,0.05,0.019,0.218,0.0,0.004,0.389,0.007,0.132,0.019,0.073,0.321,0.137,0.0,0.25,0.051,0.007,0.043,0.014,0.059,0.121,0.002,0.002,0.006,0.069,0.001,0.016,0.044,0.042,0.001,0.021,0.081,0.021,0.02,0.004,0.169,0.077,0.627,0.035,0.0,0.0,0.008,0.057,0.038,0.074,0.09,0.004,0.283,0.085,0.003,0.056,0.0,0.086,0.0,0.115,0.038,0.476,0.17,0.002,0.323,0.013,0.028,0.003,0.017,0.001,0.0,0.007,0.039,0.31,0.002,0.046,0.066,0.141,0.523,0.0,0.037,0.0,0.246,0.088,0.035,0.133,0.035,0.0,0.004,0.02,0.052,0.387,0.033,0.004,0.0,0.271,0.044,0.182,0.428,0.077,0.055,0.157,0.0,0.191,0.065,0.823,0.002,0.021,0.005,0.001,0.021,0.039,0.063,0.007,0.004,0.409,0.0,0.0,0.192,0.188,0.041,0.084,0.016,0.349,0.064,0.003,0.036,0.001,0.017,0.001,0.048
18,0.01,0.093,0.013,0.044,0.0,0.003,0.037,0.008,0.002,0.062,0.243,0.164,0.306,0.0,0.025,0.172,0.464,0.05,1.0,0.002,0.441,0.005,0.302,0.005,0.782,0.028,0.709,0.0,0.431,0.45,0.001,0.031,0.015,0.205,0.807,0.043,0.06,0.013,0.002,0.026,0.006,0.283,0.012,0.007,0.666,0.007,0.051,0.694,0.01,0.002,0.673,0.462,0.082,0.074,0.001,0.002,0.27,0.774,0.0,0.512,0.562,0.777,0.046,0.028,0.048,0.479,0.792,0.0,0.008,0.78,0.008,0.03,0.0,0.602,0.008,0.729,0.705,0.026,0.0,0.003,0.012,0.376,0.054,0.403,0.793,0.014,0.549,0.081,0.007,0.589,0.178,0.577,0.661,0.717,0.701,0.067,0.038,0.352,0.54,0.002,0.002,0.5,0.24,0.15,0.224,0.852,0.001,0.003,0.3,0.014,0.462,0.032,0.419,0.0,0.0,0.304,0.827,0.577,0.782,0.007,0.075,0.001,0.776,0.006,0.839,0.002,0.0,0.0,0.0,0.482,0.022,0.011,0.021,0.014,0.89,0.288,0.022,0.312,0.0,0.093,0.525,0.718,0.074,0.042,0.012,0.011,0.584,0.036,0.096,0.512,0.0,0.006,0.707,0.507,0.687,0.657,0.0,0.12,0.583,0.635,0.033,0.566,0.007,0.0,0.013,0.548,0.021,0.023,0.014,0.823,0.818,0.001,0.71,0.709,0.041,0.0,0.584,0.102,0.003,0.794,0.743,0.001,0.0,0.533,0.025,0.0,0.0,0.003,0.022,0.554,0.025,0.49,0.02,0.55,0.084,0.662,0.005,0.006,0.115,0.661
19,0.002,0.005,0.008,0.188,0.0,0.049,0.0,0.0,0.0,0.48,0.029,0.018,0.002,0.0,0.407,0.0,0.0,0.192,0.002,1.0,0.0,0.0,0.012,0.306,0.002,0.008,0.012,0.0,0.0,0.0,0.0,0.497,0.002,0.0,0.006,0.0,0.0,0.019,0.0,0.002,0.007,0.0,0.001,0.003,0.001,0.118,0.124,0.002,0.063,0.0,0.0,0.0,0.018,0.015,0.0,0.42,0.025,0.004,0.012,0.0,0.002,0.001,0.007,0.673,0.391,0.0,0.0,0.0,0.277,0.002,0.0,0.002,0.609,0.0,0.0,0.001,0.0,0.024,0.0,0.0,0.721,0.0,0.047,0.003,0.009,0.629,0.021,0.007,0.198,0.001,0.001,0.005,0.0,0.001,0.008,0.001,0.006,0.0,0.002,0.0,0.0,0.0,0.01,0.0,0.03,0.008,0.278,0.005,0.0,0.04,0.005,0.344,0.002,0.001,0.002,0.004,0.002,0.0,0.0,0.282,0.014,0.646,0.006,0.0,0.0,0.001,0.156,0.0,0.176,0.0,0.556,0.303,0.011,0.409,0.001,0.0,0.0,0.0,0.001,0.007,0.0,0.005,0.09,0.008,0.112,0.006,0.021,0.525,0.007,0.005,0.001,0.159,0.007,0.002,0.015,0.004,0.013,0.021,0.001,0.003,0.516,0.002,0.0,0.003,0.509,0.001,0.146,0.164,0.04,0.003,0.02,0.0,0.022,0.003,0.346,0.002,0.0,0.019,0.0,0.0,0.001,0.097,0.0,0.0,0.368,0.0,0.0,0.337,0.466,0.006,0.092,0.003,0.585,0.002,0.0,0.006,0.001,0.0,0.037,0.01
20,0.0,0.017,0.001,0.043,0.002,0.002,0.002,0.0,0.003,0.031,0.059,0.045,0.209,0.011,0.007,0.425,0.785,0.032,0.441,0.0,1.0,0.001,0.053,0.0,0.3,0.006,0.414,0.014,0.654,0.586,0.01,0.027,0.004,0.625,0.422,0.005,0.009,0.005,0.001,0.001,0.001,0.299,0.003,0.003,0.617,0.004,0.047,0.484,0.012,0.002,0.386,0.897,0.029,0.03,0.003,0.007,0.122,0.208,0.001,0.713,0.163,0.657,0.022,0.015,0.043,0.836,0.69,0.005,0.002,0.504,0.0,0.003,0.002,0.772,0.002,0.777,0.663,0.028,0.016,0.0,0.004,0.354,0.072,0.39,0.291,0.008,0.33,0.017,0.031,0.802,0.026,0.205,0.62,0.832,0.487,0.014,0.0,0.391,0.8,0.0,0.016,0.956,0.058,0.029,0.13,0.356,0.0,0.009,0.557,0.004,0.364,0.012,0.923,0.002,0.008,0.2,0.73,0.865,0.649,0.012,0.026,0.002,0.567,0.003,0.649,0.022,0.002,0.036,0.004,0.831,0.009,0.019,0.0,0.024,0.402,0.435,0.004,0.702,0.007,0.123,0.677,0.588,0.054,0.002,0.005,0.005,0.336,0.015,0.019,0.307,0.004,0.008,0.578,0.238,0.494,0.33,0.0,0.025,0.505,0.343,0.006,0.767,0.001,0.004,0.006,0.949,0.034,0.04,0.006,0.597,0.326,0.003,0.335,0.557,0.031,0.004,0.525,0.032,0.0,0.69,0.639,0.003,0.002,0.738,0.037,0.014,0.022,0.002,0.012,0.462,0.045,0.209,0.01,0.198,0.013,0.354,0.0,0.022,0.016,0.391
21,0.052,0.063,0.325,0.002,0.023,0.053,0.054,0.037,0.233,0.001,0.046,0.064,0.0,0.009,0.004,0.005,0.0,0.002,0.005,0.0,0.001,1.0,0.025,0.0,0.005,0.115,0.0,0.004,0.0,0.0,0.013,0.001,0.084,0.003,0.005,0.047,0.08,0.047,0.064,0.053,0.653,0.0,0.064,0.318,0.003,0.019,0.004,0.004,0.044,0.035,0.005,0.002,0.098,0.039,0.019,0.0,0.066,0.009,0.001,0.009,0.004,0.0,0.104,0.0,0.0,0.0,0.005,0.037,0.007,0.003,0.056,0.045,0.0,0.005,0.192,0.001,0.001,0.062,0.0,0.032,0.001,0.0,0.026,0.0,0.002,0.0,0.0,0.087,0.021,0.003,0.046,0.004,0.001,0.005,0.001,0.048,0.024,0.0,0.0,0.026,0.244,0.003,0.005,0.079,0.031,0.003,0.003,0.247,0.001,0.038,0.0,0.004,0.0,0.031,0.026,0.0,0.001,0.002,0.002,0.021,0.069,0.001,0.0,0.018,0.005,0.006,0.018,0.003,0.017,0.005,0.001,0.002,0.009,0.001,0.002,0.0,0.023,0.005,0.025,0.05,0.006,0.001,0.004,0.035,0.032,0.021,0.0,0.0,0.081,0.0,0.026,0.02,0.0,0.006,0.0,0.001,0.0,0.096,0.0,0.001,0.002,0.001,0.297,0.005,0.006,0.0,0.007,0.002,0.057,0.002,0.0,0.012,0.001,0.004,0.0,0.001,0.007,0.032,0.021,0.002,0.0,0.018,0.044,0.022,0.0,0.004,0.013,0.005,0.003,0.004,0.006,0.002,0.001,0.006,0.058,0.008,0.02,0.131,0.082,0.004
22,0.146,0.472,0.013,0.004,0.018,0.001,0.349,0.201,0.003,0.0,0.525,0.465,0.051,0.016,0.003,0.033,0.043,0.0,0.302,0.012,0.053,0.025,1.0,0.016,0.323,0.258,0.157,0.001,0.058,0.039,0.004,0.001,0.186,0.04,0.227,0.545,0.409,0.007,0.062,0.311,0.017,0.049,0.027,0.006,0.112,0.002,0.046,0.164,0.004,0.059,0.243,0.031,0.563,0.172,0.113,0.002,0.49,0.493,0.014,0.131,0.224,0.082,0.285,0.001,0.0,0.024,0.127,0.038,0.01,0.209,0.181,0.336,0.005,0.062,0.019,0.084,0.115,0.015,0.006,0.096,0.0,0.04,0.04,0.031,0.229,0.007,0.069,0.403,0.001,0.082,0.61,0.246,0.067,0.074,0.07,0.452,0.332,0.039,0.031,0.119,0.005,0.029,0.256,0.546,0.242,0.22,0.007,0.002,0.038,0.025,0.035,0.0,0.031,0.07,0.051,0.059,0.083,0.06,0.086,0.0,0.25,0.025,0.089,0.167,0.197,0.017,0.0,0.006,0.0,0.076,0.005,0.004,0.107,0.017,0.301,0.026,0.115,0.04,0.025,0.157,0.162,0.117,0.057,0.455,0.005,0.016,0.061,0.0,0.384,0.122,0.082,0.0,0.083,0.2,0.07,0.152,0.0,0.499,0.074,0.109,0.003,0.045,0.026,0.04,0.0,0.037,0.0,0.0,0.007,0.116,0.211,0.053,0.08,0.124,0.001,0.018,0.149,0.178,0.114,0.147,0.126,0.001,0.077,0.184,0.004,0.011,0.0,0.003,0.007,0.187,0.002,0.269,0.0,0.248,0.381,0.206,0.169,0.008,0.692,0.142
23,0.002,0.0,0.0,0.183,0.007,0.003,0.002,0.01,0.0,0.296,0.0,0.001,0.001,0.008,0.072,0.0,0.002,0.048,0.005,0.306,0.0,0.0,0.016,1.0,0.005,0.001,0.012,0.0,0.001,0.0,0.004,0.257,0.001,0.0,0.005,0.013,0.012,0.003,0.0,0.002,0.0,0.0,0.0,0.001,0.002,0.01,0.342,0.005,0.004,0.01,0.009,0.001,0.001,0.007,0.019,0.512,0.0,0.0,0.031,0.0,0.002,0.0,0.001,0.237,0.138,0.001,0.0,0.005,0.706,0.002,0.011,0.006,0.114,0.0,0.0,0.001,0.001,0.007,0.011,0.002,0.264,0.0,0.051,0.0,0.008,0.202,0.006,0.0,0.131,0.001,0.007,0.0,0.0,0.001,0.004,0.002,0.013,0.0,0.005,0.002,0.001,0.0,0.044,0.001,0.005,0.001,0.8,0.003,0.0,0.007,0.001,0.161,0.004,0.01,0.012,0.001,0.001,0.0,0.001,0.177,0.0,0.285,0.002,0.03,0.0,0.022,0.26,0.008,0.28,0.003,0.151,0.193,0.069,0.218,0.0,0.0,0.0,0.0,0.012,0.0,0.0,0.003,0.126,0.012,0.025,0.003,0.011,0.17,0.0,0.001,0.008,0.014,0.002,0.003,0.005,0.001,0.04,0.0,0.0,0.004,0.259,0.0,0.003,0.024,0.401,0.003,0.16,0.164,0.007,0.002,0.011,0.009,0.004,0.0,0.109,0.018,0.003,0.006,0.004,0.0,0.001,0.158,0.017,0.0,0.121,0.013,0.001,0.288,0.257,0.012,0.121,0.003,0.369,0.0,0.0,0.005,0.034,0.002,0.001,0.008
24,0.041,0.169,0.012,0.06,0.006,0.003,0.135,0.07,0.004,0.09,0.153,0.161,0.129,0.011,0.016,0.081,0.236,0.05,0.782,0.002,0.3,0.005,0.323,0.005,1.0,0.04,0.851,0.012,0.254,0.13,0.0,0.058,0.059,0.104,0.94,0.129,0.129,0.012,0.021,0.069,0.01,0.133,0.007,0.006,0.491,0.02,0.048,0.781,0.02,0.023,0.866,0.264,0.13,0.038,0.045,0.007,0.147,0.682,0.004,0.511,0.858,0.466,0.051,0.032,0.053,0.252,0.474,0.007,0.007,0.609,0.086,0.099,0.012,0.314,0.012,0.552,0.359,0.023,0.003,0.044,0.016,0.104,0.062,0.202,0.592,0.022,0.574,0.124,0.043,0.392,0.342,0.866,0.362,0.493,0.571,0.176,0.096,0.147,0.39,0.023,0.002,0.31,0.301,0.217,0.105,0.902,0.003,0.0,0.104,0.022,0.182,0.066,0.293,0.027,0.016,0.129,0.566,0.375,0.456,0.035,0.059,0.012,0.532,0.072,0.642,0.005,0.007,0.002,0.008,0.282,0.012,0.012,0.064,0.025,0.541,0.1,0.029,0.15,0.003,0.071,0.49,0.742,0.103,0.108,0.019,0.035,0.6,0.042,0.126,0.733,0.013,0.006,0.632,0.896,0.595,0.738,0.0,0.119,0.302,0.744,0.052,0.336,0.012,0.017,0.026,0.392,0.059,0.036,0.011,0.478,0.761,0.014,0.383,0.807,0.036,0.007,0.738,0.048,0.041,0.503,0.566,0.002,0.034,0.476,0.036,0.003,0.012,0.008,0.044,0.705,0.053,0.84,0.019,0.851,0.158,0.935,0.035,0.004,0.135,0.822
25,0.714,0.732,0.046,0.001,0.262,0.004,0.558,0.4,0.003,0.001,0.403,0.516,0.01,0.173,0.003,0.028,0.008,0.001,0.028,0.008,0.006,0.115,0.258,0.001,0.04,1.0,0.01,0.033,0.011,0.0,0.116,0.002,0.872,0.008,0.017,0.582,0.801,0.007,0.696,0.839,0.019,0.01,0.006,0.007,0.014,0.009,0.006,0.017,0.009,0.346,0.018,0.003,0.817,0.179,0.353,0.0,0.22,0.059,0.017,0.046,0.031,0.007,0.817,0.004,0.0,0.014,0.013,0.336,0.005,0.007,0.508,0.621,0.0,0.01,0.002,0.005,0.004,0.012,0.017,0.483,0.001,0.0,0.015,0.005,0.003,0.0,0.004,0.846,0.01,0.013,0.519,0.027,0.003,0.012,0.002,0.72,0.242,0.005,0.002,0.398,0.008,0.005,0.035,0.792,0.08,0.024,0.001,0.004,0.006,0.019,0.002,0.003,0.009,0.361,0.255,0.005,0.006,0.005,0.005,0.036,0.604,0.0,0.005,0.148,0.02,0.06,0.013,0.037,0.007,0.014,0.001,0.004,0.045,0.012,0.014,0.005,0.24,0.012,0.252,0.22,0.058,0.012,0.01,0.285,0.006,0.018,0.004,0.001,0.75,0.009,0.233,0.002,0.001,0.019,0.001,0.006,0.009,0.77,0.001,0.011,0.002,0.011,0.055,0.042,0.001,0.01,0.012,0.002,0.005,0.007,0.01,0.238,0.002,0.021,0.0,0.014,0.029,0.177,0.53,0.012,0.007,0.011,0.509,0.096,0.006,0.072,0.055,0.008,0.002,0.02,0.022,0.045,0.0,0.041,0.732,0.029,0.261,0.014,0.627,0.007
26,0.015,0.039,0.007,0.054,0.002,0.005,0.036,0.026,0.001,0.119,0.046,0.067,0.147,0.002,0.046,0.09,0.274,0.067,0.709,0.012,0.414,0.0,0.157,0.012,0.851,0.01,1.0,0.01,0.306,0.168,0.002,0.088,0.016,0.113,0.896,0.059,0.036,0.008,0.005,0.02,0.002,0.134,0.006,0.003,0.566,0.007,0.046,0.875,0.016,0.007,0.835,0.326,0.047,0.018,0.011,0.008,0.067,0.437,0.001,0.498,0.634,0.538,0.024,0.059,0.135,0.334,0.52,0.002,0.009,0.622,0.024,0.038,0.012,0.317,0.009,0.709,0.414,0.014,0.001,0.023,0.027,0.141,0.048,0.274,0.652,0.024,0.846,0.036,0.042,0.46,0.17,0.657,0.46,0.553,0.743,0.053,0.06,0.19,0.604,0.006,0.0,0.405,0.225,0.07,0.042,0.908,0.001,0.001,0.144,0.017,0.196,0.083,0.356,0.007,0.005,0.172,0.7,0.455,0.525,0.036,0.021,0.02,0.677,0.035,0.664,0.002,0.001,0.003,0.006,0.311,0.044,0.034,0.079,0.033,0.456,0.105,0.004,0.132,0.002,0.042,0.492,0.746,0.093,0.06,0.011,0.012,0.821,0.053,0.031,0.879,0.006,0.005,0.891,0.789,0.7,0.936,0.0,0.026,0.331,0.925,0.078,0.392,0.01,0.009,0.03,0.544,0.039,0.054,0.013,0.592,0.743,0.001,0.455,0.907,0.055,0.001,0.712,0.031,0.006,0.479,0.695,0.002,0.017,0.483,0.05,0.001,0.003,0.014,0.07,0.725,0.053,0.764,0.039,0.632,0.054,0.801,0.014,0.002,0.029,0.99
27,0.05,0.01,0.001,0.0,0.042,0.0,0.007,0.002,0.0,0.001,0.007,0.003,0.023,0.104,0.0,0.072,0.042,0.0,0.0,0.0,0.014,0.004,0.001,0.0,0.012,0.033,0.01,1.0,0.032,0.024,0.713,0.002,0.044,0.031,0.008,0.005,0.006,0.001,0.081,0.02,0.002,0.032,0.0,0.002,0.003,0.0,0.0,0.002,0.0,0.03,0.011,0.029,0.012,0.0,0.007,0.001,0.004,0.002,0.001,0.0,0.014,0.004,0.024,0.0,0.002,0.031,0.003,0.056,0.0,0.003,0.009,0.006,0.0,0.019,0.001,0.0,0.012,0.001,0.016,0.018,0.0,0.044,0.0,0.016,0.0,0.0,0.007,0.017,0.0,0.008,0.0,0.021,0.009,0.002,0.0,0.009,0.0,0.03,0.008,0.035,0.0,0.02,0.009,0.008,0.0,0.009,0.0,0.001,0.039,0.003,0.007,0.003,0.024,0.024,0.021,0.034,0.0,0.01,0.001,0.0,0.019,0.0,0.0,0.0,0.0,0.004,0.001,0.012,0.0,0.01,0.0,0.0,0.0,0.0,0.001,0.03,0.005,0.027,0.041,0.003,0.0,0.0,0.008,0.0,0.0,0.0,0.005,0.0,0.024,0.018,0.017,0.0,0.001,0.031,0.0,0.014,0.002,0.01,0.017,0.012,0.0,0.023,0.001,0.0,0.0,0.005,0.0,0.001,0.0,0.005,0.004,0.044,0.0,0.004,0.001,0.001,0.013,0.006,0.02,0.002,0.002,0.0,0.022,0.0,0.0,0.019,0.919,0.0,0.0,0.005,0.0,0.04,0.0,0.019,0.016,0.018,0.005,0.0,0.005,0.01
28,0.0,0.033,0.005,0.019,0.004,0.001,0.014,0.003,0.004,0.011,0.085,0.051,0.677,0.002,0.009,0.668,0.902,0.014,0.431,0.0,0.654,0.0,0.058,0.001,0.254,0.011,0.306,0.032,1.0,0.663,0.05,0.028,0.014,0.6,0.373,0.013,0.012,0.02,0.001,0.008,0.002,0.834,0.008,0.008,0.75,0.008,0.024,0.42,0.009,0.001,0.279,0.594,0.025,0.03,0.006,0.004,0.13,0.262,0.008,0.439,0.155,0.62,0.017,0.006,0.017,0.859,0.541,0.006,0.0,0.622,0.002,0.012,0.004,0.85,0.005,0.604,0.772,0.033,0.013,0.001,0.002,0.791,0.038,0.719,0.403,0.003,0.185,0.03,0.025,0.692,0.022,0.164,0.75,0.672,0.441,0.022,0.002,0.799,0.586,0.0,0.004,0.668,0.024,0.028,0.107,0.293,0.0,0.004,0.763,0.002,0.566,0.004,0.776,0.001,0.004,0.658,0.584,0.789,0.625,0.03,0.019,0.002,0.419,0.01,0.533,0.016,0.004,0.013,0.005,0.62,0.006,0.018,0.003,0.018,0.462,0.581,0.008,0.68,0.002,0.081,0.377,0.587,0.02,0.0,0.016,0.008,0.198,0.007,0.025,0.161,0.004,0.002,0.386,0.152,0.452,0.168,0.003,0.031,0.84,0.199,0.007,0.932,0.003,0.018,0.0,0.672,0.023,0.018,0.008,0.694,0.259,0.0,0.33,0.417,0.016,0.02,0.373,0.019,0.0,0.519,0.701,0.002,0.0,0.399,0.033,0.014,0.034,0.006,0.01,0.427,0.061,0.127,0.0,0.165,0.039,0.343,0.002,0.035,0.029,0.287
29,0.015,0.005,0.001,0.0,0.031,0.0,0.012,0.039,0.004,0.001,0.115,0.108,0.41,0.026,0.001,0.498,0.732,0.006,0.45,0.0,0.586,0.0,0.039,0.0,0.13,0.0,0.168,0.024,0.663,1.0,0.014,0.0,0.002,0.628,0.232,0.005,0.001,0.0,0.008,0.001,0.002,0.414,0.003,0.003,0.522,0.0,0.009,0.27,0.0,0.053,0.19,0.711,0.006,0.142,0.063,0.005,0.26,0.307,0.018,0.366,0.084,0.676,0.021,0.0,0.0,0.675,0.72,0.045,0.002,0.457,0.051,0.015,0.002,0.854,0.004,0.553,0.854,0.013,0.028,0.034,0.0,0.648,0.01,0.496,0.33,0.003,0.136,0.009,0.001,0.546,0.001,0.069,0.802,0.565,0.323,0.0,0.022,0.613,0.436,0.037,0.004,0.645,0.015,0.004,0.365,0.195,0.001,0.002,0.741,0.001,0.552,0.003,0.578,0.045,0.04,0.425,0.588,0.759,0.632,0.009,0.037,0.001,0.462,0.038,0.562,0.044,0.007,0.054,0.0,0.593,0.0,0.0,0.009,0.001,0.572,0.645,0.0,0.613,0.032,0.18,0.403,0.365,0.003,0.012,0.0,0.0,0.132,0.0,0.015,0.096,0.036,0.001,0.326,0.048,0.328,0.148,0.001,0.022,0.731,0.152,0.0,0.696,0.0,0.025,0.002,0.603,0.0,0.001,0.0,0.706,0.185,0.03,0.328,0.267,0.0,0.023,0.219,0.143,0.033,0.71,0.518,0.0,0.059,0.375,0.001,0.065,0.043,0.002,0.001,0.168,0.0,0.074,0.002,0.066,0.001,0.164,0.018,0.012,0.014,0.145
30,0.209,0.067,0.0,0.0,0.204,0.0,0.049,0.065,0.0,0.0,0.021,0.012,0.057,0.396,0.001,0.043,0.051,0.0,0.001,0.0,0.01,0.013,0.004,0.004,0.0,0.116,0.002,0.713,0.05,0.014,1.0,0.001,0.145,0.004,0.0,0.076,0.078,0.0,0.218,0.119,0.001,0.056,0.0,0.0,0.006,0.001,0.001,0.0,0.0,0.167,0.003,0.023,0.073,0.002,0.118,0.001,0.001,0.0,0.035,0.01,0.008,0.01,0.061,0.0,0.0,0.037,0.008,0.265,0.008,0.01,0.123,0.078,0.0,0.026,0.0,0.004,0.012,0.0,0.153,0.181,0.0,0.055,0.0,0.033,0.002,0.0,0.0,0.052,0.0,0.012,0.038,0.006,0.02,0.011,0.001,0.076,0.029,0.06,0.016,0.182,0.0,0.025,0.001,0.062,0.0,0.0,0.0,0.0,0.03,0.001,0.011,0.0,0.021,0.173,0.187,0.044,0.01,0.017,0.006,0.005,0.049,0.0,0.006,0.025,0.002,0.093,0.0,0.133,0.0,0.006,0.0,0.0,0.009,0.0,0.004,0.029,0.027,0.015,0.217,0.001,0.004,0.003,0.004,0.02,0.0,0.0,0.002,0.0,0.066,0.008,0.12,0.0,0.0,0.007,0.001,0.007,0.019,0.044,0.033,0.008,0.0,0.033,0.005,0.021,0.0,0.01,0.0,0.0,0.001,0.014,0.0,0.246,0.0,0.0,0.0,0.006,0.0,0.001,0.129,0.008,0.005,0.0,0.158,0.007,0.0,0.188,0.605,0.003,0.0,0.001,0.003,0.006,0.0,0.003,0.105,0.0,0.078,0.0,0.046,0.001
31,0.0,0.0,0.0,0.47,0.0,0.045,0.003,0.001,0.001,0.795,0.022,0.019,0.026,0.0,0.474,0.018,0.021,0.526,0.031,0.497,0.027,0.001,0.001,0.257,0.058,0.002,0.088,0.002,0.028,0.0,0.001,1.0,0.0,0.006,0.072,0.002,0.001,0.029,0.0,0.0,0.0,0.014,0.002,0.013,0.021,0.105,0.201,0.041,0.085,0.0,0.039,0.014,0.004,0.043,0.003,0.509,0.04,0.006,0.002,0.023,0.027,0.056,0.007,0.863,0.802,0.039,0.011,0.001,0.295,0.035,0.002,0.0,0.372,0.008,0.01,0.042,0.016,0.093,0.0,0.0,0.729,0.004,0.121,0.032,0.058,0.601,0.128,0.008,0.472,0.036,0.0,0.042,0.016,0.051,0.107,0.002,0.001,0.005,0.065,0.002,0.014,0.037,0.059,0.0,0.042,0.083,0.241,0.014,0.009,0.062,0.041,0.721,0.049,0.001,0.0,0.022,0.051,0.029,0.039,0.291,0.014,0.64,0.069,0.003,0.021,0.0,0.256,0.0,0.324,0.028,0.61,0.433,0.022,0.594,0.007,0.022,0.005,0.015,0.002,0.004,0.006,0.055,0.382,0.0,0.095,0.041,0.111,0.756,0.001,0.063,0.0,0.114,0.077,0.056,0.108,0.059,0.003,0.016,0.022,0.049,0.771,0.019,0.004,0.004,0.721,0.038,0.446,0.514,0.041,0.048,0.117,0.0,0.137,0.037,0.765,0.008,0.01,0.033,0.0,0.007,0.044,0.217,0.005,0.012,0.523,0.0,0.0,0.487,0.493,0.065,0.241,0.032,0.76,0.04,0.0,0.047,0.0,0.019,0.016,0.067
32,0.851,0.643,0.025,0.007,0.437,0.003,0.652,0.58,0.001,0.0,0.247,0.311,0.008,0.268,0.002,0.017,0.003,0.002,0.015,0.002,0.004,0.084,0.186,0.001,0.059,0.872,0.016,0.044,0.014,0.002,0.145,0.0,1.0,0.001,0.03,0.619,0.8,0.008,0.836,0.857,0.012,0.003,0.004,0.007,0.01,0.004,0.013,0.027,0.01,0.498,0.02,0.003,0.706,0.097,0.506,0.003,0.101,0.066,0.035,0.057,0.038,0.004,0.648,0.0,0.0,0.008,0.007,0.465,0.01,0.008,0.648,0.709,0.0,0.002,0.004,0.003,0.001,0.008,0.042,0.667,0.0,0.0,0.029,0.006,0.004,0.0,0.008,0.7,0.02,0.009,0.563,0.052,0.0,0.004,0.001,0.762,0.325,0.0,0.005,0.558,0.006,0.004,0.019,0.723,0.034,0.026,0.007,0.007,0.003,0.018,0.0,0.025,0.014,0.536,0.349,0.008,0.003,0.004,0.002,0.065,0.456,0.0,0.007,0.273,0.016,0.133,0.026,0.056,0.008,0.004,0.0,0.009,0.071,0.0,0.008,0.003,0.15,0.004,0.395,0.132,0.073,0.018,0.004,0.367,0.0,0.021,0.006,0.0,0.648,0.012,0.374,0.001,0.003,0.034,0.001,0.008,0.01,0.637,0.0,0.017,0.0,0.007,0.06,0.089,0.008,0.006,0.019,0.002,0.007,0.004,0.027,0.324,0.002,0.02,0.001,0.043,0.044,0.093,0.687,0.011,0.006,0.015,0.725,0.058,0.0,0.104,0.064,0.013,0.0,0.051,0.052,0.083,0.0,0.045,0.749,0.058,0.372,0.0,0.444,0.018
33,0.0,0.026,0.006,0.003,0.032,0.001,0.0,0.015,0.011,0.001,0.122,0.114,0.236,0.104,0.0,0.611,0.65,0.001,0.205,0.0,0.625,0.003,0.04,0.0,0.104,0.008,0.113,0.031,0.6,0.628,0.004,0.006,0.001,1.0,0.151,0.004,0.004,0.006,0.0,0.002,0.003,0.308,0.004,0.007,0.405,0.002,0.021,0.147,0.003,0.033,0.123,0.572,0.028,0.118,0.037,0.0,0.233,0.151,0.027,0.41,0.041,0.305,0.053,0.0,0.001,0.651,0.425,0.075,0.0,0.273,0.018,0.001,0.0,0.68,0.003,0.348,0.511,0.023,0.092,0.01,0.0,0.344,0.044,0.258,0.14,0.0,0.066,0.027,0.011,0.524,0.011,0.053,0.398,0.451,0.171,0.011,0.005,0.38,0.295,0.023,0.021,0.549,0.007,0.025,0.234,0.11,0.0,0.024,0.693,0.001,0.244,0.0,0.586,0.03,0.075,0.251,0.296,0.582,0.308,0.008,0.07,0.0,0.189,0.027,0.345,0.099,0.004,0.173,0.006,0.685,0.001,0.013,0.007,0.003,0.282,0.457,0.005,0.795,0.044,0.34,0.402,0.219,0.003,0.0,0.003,0.004,0.055,0.0,0.047,0.055,0.021,0.004,0.156,0.051,0.156,0.082,0.011,0.052,0.392,0.083,0.0,0.567,0.002,0.036,0.0,0.548,0.014,0.008,0.007,0.321,0.107,0.04,0.116,0.195,0.001,0.016,0.195,0.097,0.004,0.393,0.306,0.001,0.034,0.503,0.007,0.134,0.037,0.0,0.006,0.192,0.032,0.061,0.001,0.042,0.014,0.132,0.006,0.049,0.033,0.083
