,0,1,2,3,4,5,6,7,8,9,10,11,12,13,14,15,16,17,18,19,20,21,22,23,24,25,26,27,28,29,30,31,32,33,34,35,36,37,38,39,40,41,42,43,44,45,46,47,48,49,50,51,52,53,54,55,56,57,58,59,60,61,62,63,64,65,66,67,68,69,70,71,72,73,74,75,76,77,78,79,80,81,82,83,84,85,86,87,88,89,90,91,92,93,94,95,96,97,98,99
0,1.0,0.023,0.048,0.095,0.262,0.066,0.315,0.009,0.04,0.154,0.211,0.032,0.094,0.04,0.051,0.21,0.23,0.112,0.031,0.263,0.001,0.035,0.168,0.145,0.146,0.1,0.006,0.244,0.119,0.521,0.04,0.13,0.001,0.055,0.045,0.117,0.118,0.22,0.178,0.186,0.01,0.002,0.051,0.051,0.169,0.003,0.079,0.347,0.188,0.126,0.055,0.22,0.244,0.226,0.189,0.287,0.039,0.016,0.001,0.05,0.281,0.192,0.027,0.042,0.0,0.331,0.135,0.243,0.221,0.046,0.128,0.025,0.015,0.06,0.018,0.226,0.157,0.049,0.042,0.165,0.011,0.022,0.037,0.165,0.122,0.044,0.122,0.312,0.316,0.147,0.156,0.179,0.213,0.122,0.292,0.018,0.078,0.141,0.116,0.11
1,0.023,1.0,0.035,0.067,0.155,0.059,0.07,0.646,0.025,0.002,0.18,0.024,0.161,0.27,0.079,0.012,0.055,0.266,0.062,0.158,0.101,0.028,0.027,0.004,0.114,0.154,0.681,0.087,0.135,0.048,0.026,0.128,0.162,0.419,0.087,0.0,0.134,0.128,0.287,0.13,0.088,0.035,0.026,0.006,0.222,0.039,0.051,0.07,0.212,0.003,0.097,0.008,0.201,0.125,0.031,0.091,0.028,0.11,0.312,0.104,0.033,0.277,0.054,0.079,0.053,0.058,0.016,0.084,0.176,0.514,0.02,1.0,0.135,0.552,0.107,0.071,0.003,0.064,0.241,0.267,0.061,0.15,0.767,0.022,0.152,0.092,0.0,0.121,0.03,0.272,0.135,0.047,0.046,0.02,0.032,0.248,0.01,0.172,0.097,0.01
2,0.048,0.035,1.0,0.003,0.197,0.121,0.128,0.021,0.127,0.084,0.025,0.139,0.009,0.021,0.132,0.186,0.021,0.021,0.148,0.21,0.108,0.047,0.658,0.2,0.041,0.009,0.03,0.146,0.001,0.227,1.0,0.025,0.02,0.008,0.076,0.034,0.005,0.365,0.007,0.034,0.015,0.091,0.268,0.132,0.068,0.114,0.213,0.079,0.053,0.1,0.198,0.179,0.09,0.076,0.698,0.038,0.032,0.183,0.013,0.208,0.14,0.03,0.002,0.22,0.102,0.072,0.11,0.041,0.033,0.02,0.082,0.033,0.561,0.019,0.207,0.124,0.174,0.012,0.014,0.149,0.047,0.127,0.018,0.278,0.169,0.012,0.1,0.027,0.242,0.157,0.029,0.315,0.285,0.017,0.129,0.0,0.064,0.045,0.051,0.013
3,0.095,0.067,0.003,1.0,0.011,0.083,0.009,0.101,0.212,0.05,0.081,0.199,0.254,0.366,0.091,0.011,0.041,0.032,0.076,0.013,0.128,0.198,0.013,0.094,0.135,0.227,0.102,0.367,0.039,0.05,0.0,0.018,0.114,0.017,0.027,0.794,0.049,0.016,0.366,0.184,0.086,0.089,0.048,0.038,0.014,0.075,0.028,0.027,0.026,0.04,0.053,0.138,0.092,0.149,0.001,0.016,0.025,0.045,0.043,0.048,0.068,0.395,0.098,0.056,0.109,0.02,0.199,0.028,0.072,0.016,0.365,0.07,0.045,0.014,0.045,0.378,0.092,0.021,0.334,0.251,0.147,0.084,0.085,0.017,0.075,0.029,0.037,0.012,0.269,0.27,0.165,0.062,0.019,0.002,0.044,0.054,0.161,0.034,0.161,0.004
4,0.262,0.155,0.197,0.011,1.0,0.057,0.045,0.001,0.074,0.563,0.032,0.075,0.018,0.029,0.07,0.32,0.049,0.047,0.069,1.0,0.024,0.12,0.026,0.11,0.121,0.028,0.005,0.12,0.095,0.07,0.189,0.141,0.104,0.037,0.011,0.015,0.112,0.278,0.143,0.019,0.01,0.3,0.066,0.013,0.01,0.313,0.032,0.135,0.023,0.613,0.027,0.068,0.416,0.077,0.03,0.28,0.05,0.039,0.059,0.02,0.081,0.012,0.269,0.012,0.283,0.142,0.0,0.015,0.027,0.035,0.001,0.184,0.235,0.036,0.042,0.144,0.089,0.22,0.026,0.235,0.25,0.035,0.0,0.02,0.097,0.302,0.644,0.268,0.354,0.239,0.177,0.003,0.748,0.024,0.043,0.01,0.123,0.455,0.129,0.035
5,0.066,0.059,0.121,0.083,0.057,1.0,0.361,0.032,0.006,0.091,0.122,0.002,0.136,0.061,1.0,0.189,0.093,0.042,1.0,0.059,0.218,0.031,0.111,0.133,0.021,0.122,0.041,0.079,0.146,0.127,0.147,0.031,0.132,0.065,0.274,0.013,0.148,0.034,0.086,0.043,0.293,0.071,0.098,0.3,0.144,0.053,0.096,0.258,0.138,0.08,0.264,0.109,0.027,0.105,0.005,0.109,0.189,0.889,0.222,0.235,0.21,0.116,0.008,0.248,0.064,0.253,0.178,0.06,0.1,0.079,0.084,0.081,0.051,0.073,0.887,0.074,0.125,0.09,0.063,0.057,0.145,0.949,0.07,0.282,0.085,0.042,0.103,0.112,0.008,0.041,0.042,0.063,0.032,0.703,0.145,0.351,0.864,0.016,0.024,0.731
6,0.315,0.07,0.128,0.009,0.045,0.361,1.0,0.017,0.007,0.061,0.149,0.002,0.294,0.053,0.382,0.121,0.01,0.166,0.337,0.052,0.055,0.125,0.215,0.071,0.025,0.279,0.028,0.052,0.287,0.539,0.139,0.205,0.438,0.046,0.284,0.048,0.29,0.02,0.021,0.02,0.164,0.063,0.011,0.015,0.271,0.068,0.402,0.911,0.223,0.052,0.019,0.085,0.002,0.044,0.113,0.644,0.051,0.252,0.388,0.018,0.341,0.049,0.124,0.021,0.08,0.896,0.201,0.354,0.156,0.018,0.162,0.081,0.088,0.017,0.23,0.064,0.083,0.185,0.044,0.033,0.169,0.334,0.067,0.149,0.354,0.022,0.043,0.649,0.015,0.027,0.012,0.286,0.009,0.187,0.128,0.55,0.353,0.011,0.018,0.17
7,0.009,0.646,0.021,0.101,0.001,0.032,0.017,1.0,0.001,0.139,0.281,0.0,0.156,0.217,0.026,0.171,0.015,0.266,0.034,0.002,0.173,0.004,0.046,0.039,0.211,0.171,1.0,0.007,0.143,0.113,0.027,0.165,0.078,0.352,0.189,0.054,0.169,0.282,0.149,0.342,0.195,0.006,0.144,0.019,0.314,0.011,0.039,0.005,0.302,0.121,0.022,0.013,0.01,0.253,0.032,0.014,0.154,0.052,0.124,0.023,0.037,0.303,0.031,0.026,0.009,0.005,0.012,0.078,0.28,0.496,0.004,0.691,0.016,0.517,0.043,0.009,0.046,0.152,0.238,0.05,0.331,0.032,0.858,0.002,0.165,0.204,0.124,0.018,0.002,0.046,0.18,0.048,0.017,0.001,0.175,0.125,0.038,0.018,0.217,0.0
8,0.04,0.025,0.127,0.212,0.074,0.006,0.007,0.001,1.0,0.159,0.113,1.0,0.138,0.185,0.006,0.181,0.074,0.011,0.005,0.09,0.005,0.49,0.152,0.316,0.103,0.129,0.001,0.281,0.191,0.072,0.127,0.005,0.012,0.087,0.073,0.268,0.173,0.013,0.081,0.021,0.034,0.106,0.031,0.089,0.148,0.123,0.08,0.006,0.164,0.146,0.049,0.233,0.318,0.093,0.194,0.006,0.049,0.007,0.022,0.055,0.009,0.083,0.074,0.036,0.151,0.005,0.123,0.07,0.127,0.141,0.183,0.029,0.176,0.148,0.006,0.312,0.314,0.132,0.192,0.17,0.184,0.002,0.0,0.216,0.241,0.059,0.119,0.015,0.564,0.177,0.12,0.082,0.038,0.055,0.029,0.008,0.001,0.355,0.138,0.045
9,0.154,0.002,0.084,0.05,0.563,0.091,0.061,0.139,0.159,1.0,0.051,0.13,0.111,0.099,0.065,0.109,0.024,0.277,0.075,0.583,0.037,0.126,0.059,0.0,0.106,0.111,0.128,0.225,0.385,0.254,0.109,0.396,0.078,0.093,0.015,0.101,0.349,0.481,0.005,0.075,0.016,0.359,0.072,0.006,0.029,0.391,0.031,0.106,0.035,0.995,0.006,0.005,0.605,0.029,0.044,0.159,0.017,0.045,0.003,0.005,0.089,0.146,0.365,0.003,0.337,0.09,0.049,0.035,0.046,0.009,0.053,0.005,0.035,0.011,0.05,0.224,0.001,0.405,0.095,0.243,0.663,0.052,0.18,0.022,0.072,0.178,0.99,0.152,0.019,0.26,0.101,0.008,0.737,0.024,0.019,0.015,0.11,0.639,0.108,0.026
10,0.211,0.18,0.025,0.081,0.032,0.122,0.149,0.281,0.113,0.051,1.0,0.107,0.149,0.405,0.126,0.037,0.2,0.255,0.109,0.029,0.235,0.138,0.034,0.024,0.156,0.176,0.284,0.265,0.162,0.113,0.023,0.226,0.073,0.2,0.124,0.233,0.182,0.068,0.008,0.024,0.205,0.018,0.21,0.121,0.923,0.021,0.085,0.124,0.952,0.04,0.166,0.019,0.176,0.159,0.005,0.071,0.066,0.157,0.358,0.181,0.144,0.007,0.022,0.175,0.016,0.12,0.002,0.515,1.0,0.26,0.013,0.166,0.007,0.239,0.174,0.26,0.03,0.147,0.347,0.123,0.028,0.139,0.19,0.0,0.19,0.159,0.037,0.076,0.137,0.136,0.198,0.018,0.086,0.059,0.066,0.235,0.052,0.127,0.155,0.064
11,0.032,0.024,0.139,0.199,0.075,0.002,0.002,0.0,1.0,0.13,0.107,1.0,0.121,0.179,0.005,0.171,0.069,0.011,0.008,0.076,0.002,0.457,0.147,0.304,0.109,0.141,0.0,0.31,0.191,0.069,0.118,0.001,0.01,0.076,0.05,0.239,0.207,0.015,0.063,0.011,0.04,0.107,0.019,0.08,0.18,0.131,0.08,0.001,0.137,0.132,0.044,0.245,0.306,0.084,0.183,0.01,0.048,0.004,0.037,0.047,0.012,0.081,0.068,0.045,0.144,0.004,0.119,0.076,0.129,0.092,0.169,0.03,0.188,0.134,0.006,0.298,0.311,0.112,0.158,0.182,0.172,0.001,0.002,0.199,0.259,0.055,0.155,0.006,0.574,0.162,0.11,0.095,0.031,0.06,0.027,0.006,0.002,0.365,0.147,0.055
12,0.094,0.161,0.009,0.254,0.018,0.136,0.294,0.156,0.138,0.111,0.149,0.121,1.0,0.245,0.12,0.015,0.041,0.1,0.114,0.023,0.209,0.493,0.008,0.05,0.076,1.0,0.162,0.039,0.536,0.209,0.011,0.097,0.147,0.024,0.312,0.351,0.526,0.158,0.475,0.107,0.182,0.19,0.001,0.055,0.171,0.188,0.049,0.196,0.151,0.103,0.015,0.121,0.032,0.019,0.038,0.1,0.075,0.067,0.252,0.009,0.033,0.185,0.249,0.014,0.191,0.193,0.134,0.157,0.198,0.139,0.203,0.185,0.041,0.153,0.064,0.041,0.046,0.424,0.266,0.019,0.063,0.131,0.203,0.071,0.09,0.185,0.095,0.098,0.076,0.027,0.08,0.11,0.068,0.238,0.046,0.49,0.145,0.076,0.089,0.229
13,0.04,0.27,0.021,0.366,0.029,0.061,0.053,0.217,0.185,0.099,0.405,0.179,0.245,1.0,0.07,0.067,0.077,0.122,0.058,0.036,0.11,0.183,0.0,0.082,0.014,0.255,0.226,0.078,0.105,0.028,0.016,0.108,0.036,0.059,0.292,0.401,0.11,0.104,0.079,0.028,0.379,0.068,0.017,0.027,0.316,0.07,0.105,0.023,0.299,0.073,0.037,0.079,0.151,0.179,0.006,0.03,0.043,0.063,0.163,0.037,0.003,0.023,0.141,0.032,0.071,0.024,0.033,0.007,0.381,0.097,0.059,0.24,0.069,0.1,0.055,0.066,0.098,0.083,1.0,0.005,0.02,0.056,0.203,0.018,0.022,0.063,0.083,0.025,0.094,0.005,0.012,0.083,0.027,0.022,0.044,0.141,0.117,0.287,0.015,0.024
14,0.051,0.079,0.132,0.091,0.07,1.0,0.382,0.026,0.006,0.065,0.126,0.005,0.12,0.07,1.0,0.183,0.083,0.051,1.0,0.064,0.217,0.042,0.143,0.14,0.023,0.13,0.023,0.088,0.141,0.129,0.152,0.026,0.126,0.067,0.29,0.021,0.147,0.03,0.096,0.042,0.284,0.055,0.119,0.294,0.141,0.066,0.112,0.259,0.143,0.09,0.249,0.105,0.018,0.101,0.004,0.113,0.211,0.886,0.231,0.206,0.218,0.109,0.013,0.279,0.035,0.251,0.169,0.042,0.105,0.081,0.081,0.053,0.053,0.061,0.892,0.096,0.124,0.083,0.074,0.053,0.116,0.95,0.054,0.288,0.075,0.06,0.09,0.121,0.012,0.052,0.035,0.065,0.027,0.714,0.121,0.318,0.868,0.012,0.022,0.708
15,0.21,0.012,0.186,0.011,0.32,0.189,0.121,0.171,0.181,0.109,0.037,0.171,0.015,0.067,0.183,1.0,0.039,0.016,0.203,0.305,0.04,0.089,0.017,0.627,0.183,0.014,0.175,0.026,0.003,0.003,0.207,0.007,0.104,0.062,0.083,0.0,0.003,0.36,0.02,0.002,0.094,0.009,0.037,0.191,0.035,0.005,0.363,0.153,0.042,0.116,0.035,0.508,0.001,0.071,0.029,0.13,0.251,0.118,0.094,0.04,0.129,0.005,0.021,0.037,0.002,0.168,0.201,0.164,0.036,0.094,0.113,0.005,0.134,0.127,0.144,0.024,0.635,0.0,0.056,0.004,0.08,0.143,0.164,0.017,0.021,0.059,0.14,0.13,0.414,0.008,0.15,0.052,0.128,0.06,0.252,0.036,0.23,0.001,0.174,0.053
16,0.23,0.055,0.021,0.041,0.049,0.093,0.01,0.015,0.074,0.024,0.2,0.069,0.041,0.077,0.083,0.039,1.0,0.188,0.104,0.041,0.009,0.188,0.049,0.025,0.132,0.04,0.019,0.112,0.036,0.153,0.029,0.157,0.208,0.19,0.105,0.032,0.04,0.003,0.165,0.056,0.091,0.046,0.269,0.194,0.232,0.061,0.135,0.032,0.215,0.026,0.43,0.042,0.163,0.279,0.025,0.095,0.176,0.173,0.242,0.42,0.01,0.159,0.089,0.425,0.087,0.039,0.444,0.118,0.193,0.153,0.296,0.052,0.079,0.142,0.193,0.108,0.012,0.015,0.084,0.263,0.047,0.141,0.009,0.227,0.103,0.161,0.025,0.091,0.027,0.292,0.115,0.318,0.087,0.085,0.324,0.057,0.077,0.191,0.118,0.108
17,0.112,0.266,0.021,0.032,0.047,0.042,0.166,0.266,0.011,0.277,0.255,0.011,0.1,0.122,0.051,0.016,0.188,1.0,0.045,0.046,0.004,0.014,0.0,0.001,0.051,0.104,0.263,0.098,0.379,0.184,0.013,0.935,0.23,0.731,0.01,0.064,0.401,0.24,0.076,0.051,0.029,0.17,0.062,0.006,0.362,0.153,0.03,0.188,0.358,0.307,0.002,0.006,0.014,0.018,0.048,0.181,0.006,0.014,0.212,0.008,0.013,0.251,0.31,0.001,0.168,0.188,0.124,0.094,0.313,0.5,0.102,0.27,0.032,0.485,0.015,0.105,0.013,0.287,0.124,0.086,0.415,0.039,0.388,0.115,0.28,0.017,0.306,0.164,0.052,0.085,0.031,0.003,0.143,0.119,0.005,0.163,0.126,0.002,0.043,0.118
18,0.031,0.062,0.148,0.076,0.069,1.0,0.337,0.034,0.005,0.075,0.109,0.008,0.114,0.058,1.0,0.203,0.104,0.045,1.0,0.065,0.229,0.044,0.126,0.162,0.01,0.121,0.038,0.088,0.13,0.131,0.168,0.023,0.116,0.075,0.273,0.025,0.15,0.03,0.087,0.024,0.29,0.055,0.1,0.299,0.14,0.063,0.095,0.215,0.162,0.094,0.245,0.107,0.029,0.092,0.005,0.113,0.192,0.896,0.24,0.252,0.204,0.123,0.02,0.265,0.058,0.252,0.165,0.061,0.114,0.077,0.089,0.069,0.048,0.077,0.879,0.077,0.116,0.096,0.066,0.057,0.145,0.949,0.063,0.281,0.101,0.054,0.084,0.123,0.007,0.058,0.042,0.063,0.022,0.696,0.146,0.343,0.874,0.015,0.018,0.707
19,0.263,0.158,0.21,0.013,1.0,0.059,0.052,0.002,0.09,0.583,0.029,0.076,0.023,0.036,0.064,0.305,0.041,0.046,0.065,1.0,0.028,0.111,0.015,0.074,0.136,0.027,0.006,0.138,0.1,0.078,0.212,0.16,0.077,0.033,0.015,0.006,0.112,0.257,0.149,0.033,0.016,0.294,0.081,0.019,0.012,0.275,0.037,0.144,0.027,0.641,0.018,0.06,0.424,0.09,0.034,0.264,0.047,0.033,0.046,0.021,0.084,0.01,0.281,0.016,0.267,0.123,0.001,0.021,0.028,0.043,0.001,0.169,0.254,0.037,0.039,0.144,0.077,0.221,0.014,0.261,0.258,0.048,0.001,0.027,0.111,0.322,0.614,0.26,0.336,0.232,0.189,0.005,0.739,0.031,0.047,0.015,0.126,0.457,0.108,0.033
20,0.001,0.101,0.108,0.128,0.024,0.218,0.055,0.173,0.005,0.037,0.235,0.002,0.209,0.11,0.217,0.04,0.009,0.004,0.229,0.028,1.0,0.026,0.182,0.101,0.267,0.169,0.167,0.004,0.072,0.02,0.116,0.0,0.198,0.0,0.401,0.157,0.075,0.223,0.154,0.0,0.527,0.009,0.159,0.245,0.234,0.013,0.0,0.038,0.229,0.031,0.007,0.142,0.0,0.26,0.27,0.023,0.266,0.162,0.306,0.007,0.078,0.033,0.009,0.001,0.007,0.036,0.007,0.071,0.224,0.0,0.045,0.088,0.027,0.003,0.142,0.008,0.107,0.041,0.1,0.0,0.018,0.239,0.193,0.004,0.258,0.0,0.034,0.016,0.062,0.001,0.29,0.001,0.051,0.325,0.063,0.431,0.297,0.0,0.243,0.324
21,0.035,0.028,0.047,0.198,0.12,0.031,0.125,0.004,0.49,0.126,0.138,0.457,0.493,0.183,0.042,0.089,0.188,0.014,0.044,0.111,0.026,1.0,0.014,0.098,0.271,0.522,0.008,0.054,0.121,0.214,0.052,0.004,0.095,0.064,0.1,0.214,0.113,0.013,0.171,0.004,0.034,0.014,0.021,0.161,0.072,0.014,0.182,0.096,0.071,0.123,0.088,0.067,0.112,0.055,0.069,0.081,0.256,0.005,0.112,0.11,0.164,0.018,0.031,0.081,0.022,0.116,0.05,0.241,0.124,0.043,0.09,0.03,0.258,0.056,0.005,0.048,0.11,0.052,0.175,0.021,0.146,0.019,0.024,0.21,0.0,0.018,0.142,0.085,0.387,0.019,0.254,0.124,0.06,0.166,0.026,0.174,0.077,0.227,0.253,0.133
22,0.168,0.027,0.658,0.013,0.026,0.111,0.215,0.046,0.152,0.059,0.034,0.147,0.008,0.0,0.143,0.017,0.049,0.0,0.126,0.015,0.182,0.014,1.0,0.134,0.03,0.012,0.04,0.079,0.037,0.306,0.659,0.001,0.006,0.01,0.033,0.062,0.036,0.077,0.131,0.019,0.022,0.193,0.087,0.131,0.016,0.195,0.158,0.194,0.018,0.05,0.039,0.201,0.011,0.072,0.784,0.132,0.054,0.139,0.018,0.058,0.626,0.037,0.024,0.048,0.199,0.199,0.076,0.158,0.027,0.014,0.092,0.041,0.424,0.02,0.142,0.066,0.141,0.053,0.0,0.078,0.059,0.085,0.043,0.427,0.098,0.003,0.051,0.154,0.02,0.067,0.045,0.319,0.073,0.025,0.255,0.003,0.07,0.003,0.028,0.028
23,0.145,0.004,0.2,0.094,0.11,0.133,0.071,0.039,0.316,0.0,0.024,0.304,0.05,0.082,0.14,0.627,0.025,0.001,0.162,0.074,0.101,0.098,0.134,1.0,0.086,0.052,0.031,0.009,0.109,0.006,0.15,0.0,0.183,0.062,0.106,0.05,0.111,0.104,0.032,0.0,0.196,0.037,0.004,0.32,0.022,0.044,0.287,0.117,0.024,0.0,0.146,0.945,0.015,0.041,0.245,0.087,0.3,0.116,0.221,0.162,0.044,0.022,0.01,0.167,0.034,0.116,0.084,0.059,0.032,0.102,0.018,0.007,0.13,0.099,0.117,0.013,1.0,0.076,0.085,0.002,0.001,0.145,0.007,0.06,0.052,0.011,0.0,0.079,0.228,0.003,0.074,0.101,0.001,0.094,0.185,0.162,0.265,0.013,0.086,0.101
24,0.146,0.114,0.041,0.135,0.121,0.021,0.025,0.211,0.103,0.106,0.156,0.109,0.076,0.014,0.023,0.183,0.132,0.051,0.01,0.136,0.267,0.271,0.03,0.086,1.0,0.06,0.26,0.134,0.001,0.196,0.034,0.019,0.329,0.148,0.095,0.177,0.001,0.2,0.233,0.074,0.062,0.134,0.105,0.068,0.204,0.159,0.008,0.016,0.208,0.079,0.016,0.035,0.046,0.222,0.048,0.028,0.258,0.006,0.168,0.021,0.003,0.039,0.042,0.019,0.176,0.018,0.21,0.079,0.173,0.234,0.224,0.126,0.425,0.244,0.006,0.131,0.091,0.023,0.01,0.197,0.073,0.027,0.275,0.165,0.184,0.169,0.09,0.023,0.272,0.208,0.991,0.07,0.167,0.013,0.186,0.15,0.05,0.027,0.988,0.006
25,0.1,0.154,0.009,0.227,0.028,0.122,0.279,0.171,0.129,0.111,0.176,0.141,1.0,0.255,0.13,0.014,0.04,0.104,0.121,0.027,0.169,0.522,0.012,0.052,0.06,1.0,0.157,0.046,0.537,0.19,0.016,0.099,0.171,0.029,0.289,0.329,0.547,0.147,0.473,0.112,0.165,0.197,0.001,0.036,0.159,0.182,0.056,0.207,0.133,0.113,0.025,0.103,0.049,0.022,0.044,0.087,0.096,0.069,0.256,0.007,0.036,0.165,0.25,0.013,0.2,0.219,0.16,0.15,0.166,0.137,0.204,0.149,0.034,0.123,0.062,0.047,0.055,0.409,0.239,0.027,0.055,0.111,0.213,0.051,0.074,0.234,0.101,0.081,0.057,0.019,0.1,0.134,0.062,0.225,0.052,0.477,0.136,0.097,0.074,0.228
26,0.006,0.681,0.03,0.102,0.005,0.041,0.028,1.0,0.001,0.128,0.284,0.0,0.162,0.226,0.023,0.175,0.019,0.263,0.038,0.006,0.167,0.008,0.04,0.031,0.26,0.157,1.0,0.008,0.154,0.113,0.036,0.168,0.068,0.309,0.163,0.049,0.163,0.29,0.144,0.364,0.194,0.008,0.148,0.022,0.322,0.007,0.045,0.006,0.31,0.133,0.017,0.012,0.015,0.262,0.047,0.02,0.116,0.045,0.129,0.026,0.039,0.293,0.035,0.029,0.007,0.005,0.018,0.08,0.256,0.492,0.003,0.671,0.014,0.524,0.048,0.004,0.03,0.161,0.22,0.039,0.301,0.047,0.844,0.001,0.165,0.239,0.126,0.024,0.003,0.043,0.179,0.066,0.013,0.002,0.175,0.137,0.025,0.015,0.224,0.001
27,0.244,0.087,0.146,0.367,0.12,0.079,0.052,0.007,0.281,0.225,0.265,0.31,0.039,0.078,0.088,0.026,0.112,0.098,0.088,0.138,0.004,0.054,0.079,0.009,0.134,0.046,0.008,1.0,0.121,0.049,0.14,0.088,0.089,0.118,0.017,0.26,0.129,0.078,0.086,0.132,0.031,0.122,0.065,0.009,0.258,0.135,0.037,0.041,0.284,0.183,0.004,0.005,0.631,0.028,0.171,0.007,0.004,0.069,0.146,0.002,0.005,0.163,0.055,0.005,0.136,0.033,0.052,0.144,0.293,0.163,0.115,0.07,0.132,0.168,0.065,1.0,0.015,0.132,0.069,0.719,0.097,0.085,0.007,0.016,0.065,0.131,0.157,0.005,0.146,0.756,0.136,0.009,0.448,0.041,0.003,0.048,0.056,0.385,0.12,0.04
28,0.119,0.135,0.001,0.039,0.095,0.146,0.287,0.143,0.191,0.385,0.162,0.191,0.536,0.105,0.141,0.003,0.036,0.379,0.13,0.1,0.072,0.121,0.037,0.109,0.001,0.537,0.154,0.121,1.0,0.179,0.002,0.467,0.178,0.081,0.104,0.157,1.0,0.155,0.268,0.092,0.099,0.399,0.005,0.011,0.124,0.382,0.113,0.222,0.102,0.354,0.053,0.096,0.148,0.048,0.023,0.102,0.021,0.148,0.206,0.056,0.031,0.266,0.411,0.064,0.315,0.198,0.093,0.18,0.157,0.192,0.111,0.142,0.016,0.213,0.133,0.125,0.102,0.917,0.102,0.02,0.259,0.181,0.205,0.236,0.034,0.388,0.333,0.108,0.023,0.029,0.003,0.057,0.321,0.223,0.037,0.334,0.137,0.097,0.004,0.207
29,0.521,0.048,0.227,0.05,0.07,0.127,0.539,0.113,0.072,0.254,0.113,0.069,0.209,0.028,0.129,0.003,0.153,0.184,0.131,0.078,0.02,0.214,0.306,0.006,0.196,0.19,0.113,0.049,0.179,1.0,0.219,0.227,0.051,0.095,0.278,0.136,0.167,0.282,0.026,0.095,0.161,0.01,0.008,0.041,0.152,0.012,0.118,0.405,0.134,0.239,0.022,0.019,0.139,0.161,0.212,0.252,0.024,0.128,0.041,0.029,0.267,0.071,0.153,0.018,0.014,0.423,0.193,0.152,0.109,0.045,0.185,0.041,0.241,0.044,0.124,0.044,0.006,0.094,0.022,0.03,0.191,0.131,0.174,0.369,0.266,0.029,0.254,0.237,0.002,0.025,0.149,0.438,0.171,0.146,0.263,0.142,0.089,0.191,0.202,0.12
30,0.04,0.026,1.0,0.0,0.189,0.147,0.139,0.027,0.127,0.109,0.023,0.118,0.011,0.016,0.152,0.207,0.029,0.013,0.168,0.212,0.116,0.052,0.659,0.15,0.034,0.016,0.036,0.14,0.002,0.219,1.0,0.021,0.023,0.016,0.07,0.024,0.0,0.365,0.009,0.04,0.01,0.1,0.263,0.141,0.068,0.105,0.207,0.06,0.051,0.095,0.217,0.18,0.072,0.084,0.704,0.034,0.025,0.197,0.007,0.217,0.154,0.039,0.002,0.204,0.107,0.09,0.095,0.046,0.025,0.019,0.081,0.034,0.558,0.019,0.204,0.16,0.212,0.009,0.02,0.174,0.045,0.141,0.012,0.288,0.166,0.017,0.095,0.026,0.256,0.163,0.038,0.28,0.243,0.013,0.103,0.002,0.059,0.055,0.04,0.016
31,0.13,0.128,0.025,0.018,0.141,0.031,0.205,0.165,0.005,0.396,0.226,0.001,0.097,0.108,0.026,0.007,0.157,0.935,0.023,0.16,0.0,0.004,0.001,0.0,0.019,0.099,0.168,0.088,0.467,0.227,0.021,1.0,0.253,0.568,0.004,0.09,0.471,0.279,0.039,0.011,0.021,0.262,0.062,0.001,0.329,0.269,0.018,0.224,0.305,0.404,0.003,0.002,0.044,0.02,0.05,0.229,0.001,0.003,0.219,0.005,0.012,0.227,0.413,0.004,0.271,0.273,0.17,0.105,0.219,0.277,0.136,0.14,0.001,0.25,0.0,0.085,0.0,0.394,0.111,0.041,0.47,0.02,0.273,0.125,0.263,0.018,0.404,0.223,0.056,0.04,0.02,0.006,0.26,0.097,0.002,0.16,0.092,0.029,0.02,0.084
32,0.001,0.162,0.02,0.114,0.104,0.132,0.438,0.078,0.012,0.078,0.073,0.01,0.147,0.036,0.126,0.104,0.208,0.23,0.116,0.077,0.198,0.095,0.006,0.183,0.329,0.171,0.068,0.089,0.178,0.051,0.023,0.253,1.0,0.137,0.121,0.153,0.194,0.011,0.166,0.012,0.095,0.277,0.142,0.172,0.209,0.295,0.262,0.547,0.187,0.082,0.042,0.103,0.107,0.015,0.013,0.568,0.375,0.03,0.697,0.043,0.024,0.198,0.208,0.051,0.329,0.552,0.314,0.087,0.077,0.087,0.309,0.194,0.188,0.091,0.032,0.071,0.165,0.073,0.035,0.274,0.178,0.102,0.125,0.142,0.511,0.102,0.091,0.547,0.018,0.264,0.248,0.071,0.032,0.078,0.102,0.649,0.257,0.135,0.31,0.061
33,0.055,0.419,0.008,0.017,0.037,0.065,0.046,0.352,0.087,0.093,0.2,0.076,0.024,0.059,0.067,0.062,0.19,0.731,0.075,0.033,0.0,0.064,0.01,0.062,0.148,0.029,0.309,0.118,0.081,0.095,0.016,0.568,0.137,1.0,0.045,0.009,0.071,0.257,0.036,0.121,0.06,0.175,0.054,0.047,0.291,0.184,0.093,0.046,0.3,0.096,0.0,0.049,0.031,0.023,0.057,0.064,0.054,0.025,0.101,0.0,0.011,0.111,0.272,0.001,0.235,0.06,0.156,0.108,0.195,0.808,0.12,0.408,0.099,0.807,0.029,0.127,0.058,0.017,0.057,0.266,0.19,0.051,0.514,0.03,0.292,0.134,0.11,0.067,0.069,0.255,0.118,0.017,0.006,0.136,0.01,0.032,0.106,0.057,0.151,0.108
34,0.045,0.087,0.076,0.027,0.011,0.274,0.284,0.189,0.073,0.015,0.124,0.05,0.312,0.292,0.29,0.083,0.105,0.01,0.273,0.015,0.401,0.1,0.033,0.106,0.095,0.289,0.163,0.017,0.104,0.278,0.07,0.004,0.121,0.045,1.0,0.064,0.125,0.113,0.063,0.026,0.904,0.019,0.013,0.002,0.215,0.021,0.278,0.155,0.181,0.016,0.057,0.029,0.014,0.092,0.003,0.09,0.132,0.267,0.139,0.046,0.06,0.009,0.208,0.066,0.044,0.155,0.109,0.028,0.164,0.007,0.094,0.078,0.011,0.009,0.262,0.028,0.107,0.105,0.281,0.043,0.011,0.282,0.155,0.22,0.098,0.121,0.019,0.084,0.013,0.033,0.053,0.432,0.025,0.412,0.15,0.353,0.186,0.002,0.099,0.432
35,0.117,0.0,0.034,0.794,0.015,0.013,0.048,0.054,0.268,0.101,0.233,0.239,0.351,0.401,0.021,0.0,0.032,0.064,0.025,0.006,0.157,0.214,0.062,0.05,0.177,0.329,0.049,0.26,0.157,0.136,0.024,0.09,0.153,0.009,0.064,1.0,0.133,0.017,0.199,0.052,0.106,0.194,0.03,0.021,0.078,0.237,0.01,0.046,0.087,0.105,0.105,0.06,0.138,0.211,0.014,0.046,0.018,0.054,0.008,0.072,0.166,0.285,0.257,0.083,0.231,0.056,0.372,0.229,0.229,0.016,0.599,0.003,0.032,0.019,0.035,0.266,0.05,0.107,0.433,0.19,0.138,0.042,0.016,0.019,0.11,0.162,0.092,0.051,0.243,0.21,0.151,0.087,0.022,0.024,0.068,0.016,0.081,0.139,0.193,0.02
36,0.118,0.134,0.005,0.049,0.112,0.148,0.29,0.169,0.173,0.349,0.182,0.207,0.526,0.11,0.147,0.003,0.04,0.401,0.15,0.112,0.075,0.113,0.036,0.111,0.001,0.547,0.163,0.129,1.0,0.167,0.0,0.471,0.194,0.071,0.125,0.133,1.0,0.171,0.299,0.09,0.112,0.385,0.006,0.012,0.114,0.354,0.111,0.223,0.118,0.363,0.055,0.083,0.142,0.031,0.023,0.125,0.015,0.123,0.239,0.056,0.029,0.267,0.395,0.056,0.315,0.227,0.064,0.195,0.153,0.202,0.109,0.15,0.022,0.191,0.146,0.116,0.116,0.908,0.12,0.016,0.245,0.168,0.189,0.197,0.038,0.373,0.333,0.123,0.023,0.033,0.004,0.059,0.327,0.21,0.039,0.318,0.123,0.106,0.0,0.201
37,0.22,0.128,0.365,0.016,0.278,0.034,0.02,0.282,0.013,0.481,0.068,0.015,0.158,0.104,0.03,0.36,0.003,0.24,0.03,0.257,0.223,0.013,0.077,0.104,0.2,0.147,0.29,0.078,0.155,0.282,0.365,0.279,0.011,0.257,0.113,0.017,0.171,1.0,0.005,0.117,0.06,0.041,0.143,0.135,0.157,0.037,0.193,0.013,0.131,0.41,0.007,0.114,0.147,0.23,0.274,0.01,0.01,0.012,0.02,0.006,0.034,0.032,0.173,0.004,0.035,0.014,0.015,0.064,0.064,0.149,0.031,0.128,0.051,0.144,0.014,0.057,0.091,0.121,0.132,0.029,0.192,0.034,0.505,0.021,0.282,0.026,0.464,0.018,0.182,0.028,0.16,0.114,0.473,0.085,0.031,0.052,0.063,0.132,0.223,0.091
38,0.178,0.287,0.007,0.366,0.143,0.086,0.021,0.149,0.081,0.005,0.008,0.063,0.475,0.079,0.096,0.02,0.165,0.076,0.087,0.149,0.154,0.171,0.131,0.032,0.233,0.473,0.144,0.086,0.268,0.026,0.009,0.039,0.166,0.036,0.063,0.199,0.299,0.005,1.0,0.443,0.04,0.117,0.013,0.05,0.022,0.105,0.0,0.003,0.016,0.005,0.0,0.022,0.056,0.295,0.08,0.006,0.122,0.071,0.27,0.001,0.089,0.644,0.08,0.001,0.113,0.004,0.091,0.002,0.017,0.11,0.156,0.298,0.058,0.105,0.062,0.066,0.043,0.248,0.087,0.104,0.049,0.106,0.133,0.104,0.001,0.106,0.002,0.004,0.143,0.108,0.304,0.0,0.029,0.055,0.021,0.329,0.105,0.078,0.223,0.032
39,0.186,0.13,0.034,0.184,0.019,0.043,0.02,0.342,0.021,0.075,0.024,0.011,0.107,0.028,0.042,0.002,0.056,0.051,0.024,0.033,0.0,0.004,0.019,0.0,0.074,0.112,0.364,0.132,0.092,0.095,0.04,0.011,0.012,0.121,0.026,0.052,0.09,0.117,0.443,1.0,0.012,0.116,0.121,0.0,0.015,0.122,0.017,0.001,0.012,0.064,0.001,0.0,0.175,0.46,0.038,0.009,0.003,0.043,0.056,0.005,0.031,0.653,0.107,0.002,0.083,0.002,0.023,0.031,0.022,0.172,0.047,0.124,0.042,0.163,0.046,0.128,0.0,0.184,0.029,0.11,0.306,0.041,0.173,0.142,0.037,0.292,0.074,0.003,0.05,0.1,0.064,0.027,0.037,0.009,0.025,0.081,0.027,0.128,0.109,0.007
40,0.01,0.088,0.015,0.086,0.01,0.293,0.164,0.195,0.034,0.016,0.205,0.04,0.182,0.379,0.284,0.094,0.091,0.029,0.29,0.016,0.527,0.034,0.022,0.196,0.062,0.165,0.194,0.031,0.099,0.161,0.01,0.021,0.095,0.06,0.904,0.106,0.112,0.06,0.04,0.012,1.0,0.038,0.006,0.07,0.249,0.055,0.216,0.085,0.259,0.014,0.101,0.08,0.015,0.183,0.023,0.039,0.18,0.304,0.201,0.091,0.065,0.003,0.156,0.099,0.07,0.074,0.102,0.001,0.226,0.029,0.081,0.084,0.011,0.026,0.302,0.03,0.21,0.073,0.393,0.067,0.018,0.298,0.157,0.12,0.051,0.05,0.008,0.046,0.007,0.055,0.062,0.219,0.033,0.463,0.05,0.369,0.267,0.008,0.071,0.459
41,0.002,0.035,0.091,0.089,0.3,0.071,0.063,0.006,0.106,0.359,0.018,0.107,0.19,0.068,0.055,0.009,0.046,0.17,0.055,0.294,0.009,0.014,0.193,0.037,0.134,0.197,0.008,0.122,0.399,0.01,0.1,0.262,0.277,0.175,0.019,0.194,0.385,0.041,0.117,0.116,0.038,1.0,0.002,0.018,0.001,1.0,0.008,0.128,0.006,0.395,0.001,0.045,0.184,0.13,0.075,0.19,0.004,0.027,0.104,0.001,0.08,0.128,0.828,0.001,0.992,0.143,0.256,0.057,0.022,0.112,0.26,0.031,0.361,0.109,0.026,0.131,0.043,0.525,0.055,0.389,0.336,0.033,0.028,0.304,0.131,0.479,0.385,0.232,0.004,0.414,0.102,0.004,0.251,0.007,0.0,0.108,0.12,0.176,0.17,0.01
42,0.051,0.026,0.268,0.048,0.066,0.098,0.011,0.144,0.031,0.072,0.21,0.019,0.001,0.017,0.119,0.037,0.269,0.062,0.1,0.081,0.159,0.021,0.087,0.004,0.105,0.001,0.148,0.065,0.005,0.008,0.263,0.062,0.142,0.054,0.013,0.03,0.006,0.143,0.013,0.121,0.006,0.002,1.0,0.406,0.219,0.0,0.173,0.04,0.232,0.056,0.444,0.003,0.036,0.062,0.156,0.138,0.418,0.24,0.134,0.446,0.022,0.012,0.031,0.445,0.006,0.045,0.214,0.157,0.189,0.041,0.158,0.024,0.03,0.041,0.224,0.066,0.005,0.01,0.024,0.01,0.044,0.16,0.026,0.018,0.298,0.197,0.055,0.133,0.18,0.017,0.152,0.412,0.073,0.056,0.58,0.053,0.033,0.037,0.112,0.071
43,0.051,0.006,0.132,0.038,0.013,0.3,0.015,0.019,0.089,0.006,0.121,0.08,0.055,0.027,0.294,0.191,0.194,0.006,0.299,0.019,0.245,0.161,0.131,0.32,0.068,0.036,0.022,0.009,0.011,0.041,0.141,0.001,0.172,0.047,0.002,0.021,0.012,0.135,0.05,0.0,0.07,0.018,0.406,1.0,0.111,0.021,0.253,0.031,0.116,0.006,0.216,0.321,0.0,0.126,0.393,0.079,0.734,0.233,0.388,0.198,0.061,0.005,0.007,0.2,0.021,0.035,0.121,0.207,0.152,0.096,0.044,0.006,0.165,0.091,0.234,0.003,0.311,0.007,0.018,0.001,0.013,0.277,0.022,0.037,0.049,0.08,0.005,0.088,0.035,0.004,0.055,0.435,0.049,0.337,0.519,0.233,0.262,0.002,0.041,0.353
44,0.169,0.222,0.068,0.014,0.01,0.144,0.271,0.314,0.148,0.029,0.923,0.18,0.171,0.316,0.141,0.035,0.232,0.362,0.14,0.012,0.234,0.072,0.016,0.022,0.204,0.159,0.322,0.258,0.124,0.152,0.068,0.329,0.209,0.291,0.215,0.078,0.114,0.157,0.022,0.015,0.249,0.001,0.219,0.111,1.0,0.001,0.019,0.194,0.99,0.019,0.151,0.019,0.105,0.1,0.008,0.106,0.091,0.166,0.502,0.155,0.086,0.021,0.018,0.136,0.001,0.184,0.057,0.324,0.92,0.327,0.014,0.199,0.015,0.32,0.152,0.258,0.027,0.099,0.317,0.177,0.037,0.158,0.279,0.003,0.434,0.112,0.021,0.108,0.207,0.158,0.209,0.001,0.048,0.065,0.035,0.432,0.063,0.096,0.212,0.069
45,0.003,0.039,0.114,0.075,0.313,0.053,0.068,0.011,0.123,0.391,0.021,0.131,0.188,0.07,0.066,0.005,0.061,0.153,0.063,0.275,0.013,0.014,0.195,0.044,0.159,0.182,0.007,0.135,0.382,0.012,0.105,0.269,0.295,0.184,0.021,0.237,0.354,0.037,0.105,0.122,0.055,1.0,0.0,0.021,0.001,1.0,0.008,0.128,0.002,0.41,0.003,0.035,0.172,0.111,0.076,0.211,0.004,0.016,0.074,0.003,0.077,0.122,0.845,0.001,0.992,0.13,0.212,0.05,0.014,0.121,0.257,0.038,0.396,0.122,0.025,0.127,0.038,0.516,0.084,0.406,0.312,0.036,0.032,0.297,0.13,0.5,0.365,0.206,0.004,0.406,0.122,0.001,0.255,0.01,0.0,0.109,0.12,0.204,0.15,0.008
46,0.079,0.051,0.213,0.028,0.032,0.096,0.402,0.039,0.08,0.031,0.085,0.08,0.049,0.105,0.112,0.363,0.135,0.03,0.095,0.037,0.0,0.182,0.158,0.287,0.008,0.056,0.045,0.037,0.113,0.118,0.207,0.018,0.262,0.093,0.278,0.01,0.111,0.193,0.0,0.017,0.216,0.008,0.173,0.253,0.019,0.008,1.0,0.507,0.049,0.037,0.102,0.136,0.034,0.01,0.138,0.515,0.226,0.035,0.129,0.103,0.237,0.016,0.04,0.098,0.004,0.532,0.055,0.686,0.071,0.066,0.087,0.04,0.074,0.082,0.035,0.033,0.277,0.069,0.119,0.012,0.054,0.03,0.068,0.184,0.005,0.043,0.033,0.499,0.118,0.016,0.006,0.472,0.008,0.078,0.091,0.16,0.181,0.022,0.016,0.058
47,0.347,0.07,0.079,0.027,0.135,0.258,0.911,0.005,0.006,0.106,0.124,0.001,0.196,0.023,0.259,0.153,0.032,0.188,0.215,0.144,0.038,0.096,0.194,0.117,0.016,0.207,0.006,0.041,0.222,0.405,0.06,0.224,0.547,0.046,0.155,0.046,0.223,0.013,0.003,0.001,0.085,0.128,0.04,0.031,0.194,0.128,0.507,1.0,0.18,0.123,0.042,0.087,0.02,0.033,0.085,0.893,0.082,0.106,0.372,0.064,0.321,0.04,0.104,0.055,0.133,1.0,0.082,0.463,0.132,0.018,0.116,0.059,0.095,0.02,0.107,0.03,0.112,0.118,0.023,0.05,0.186,0.174,0.025,0.19,0.434,0.0,0.116,0.891,0.038,0.044,0.004,0.207,0.013,0.142,0.062,0.45,0.33,0.058,0.025,0.113
48,0.188,0.212,0.053,0.026,0.023,0.138,0.223,0.302,0.164,0.035,0.952,0.137,0.151,0.299,0.143,0.042,0.215,0.358,0.162,0.027,0.229,0.071,0.018,0.024,0.208,0.133,0.31,0.284,0.102,0.134,0.051,0.305,0.187,0.3,0.181,0.087,0.118,0.131,0.016,0.012,0.259,0.006,0.232,0.116,0.99,0.002,0.049,0.18,1.0,0.033,0.175,0.019,0.128,0.132,0.008,0.097,0.087,0.174,0.475,0.152,0.075,0.011,0.014,0.16,0.005,0.184,0.038,0.366,0.933,0.299,0.01,0.197,0.016,0.288,0.163,0.263,0.025,0.11,0.296,0.16,0.046,0.14,0.265,0.0,0.383,0.142,0.027,0.109,0.175,0.149,0.195,0.003,0.057,0.067,0.054,0.39,0.075,0.1,0.194,0.061
49,0.126,0.003,0.1,0.04,0.613,0.08,0.052,0.121,0.146,0.995,0.04,0.132,0.103,0.073,0.09,0.116,0.026,0.307,0.094,0.641,0.031,0.123,0.05,0.0,0.079,0.113,0.133,0.183,0.354,0.239,0.095,0.404,0.082,0.096,0.016,0.105,0.363,0.41,0.005,0.064,0.014,0.395,0.056,0.006,0.019,0.41,0.037,0.123,0.033,1.0,0.007,0.003,0.556,0.02,0.02,0.168,0.03,0.048,0.006,0.006,0.076,0.148,0.361,0.006,0.356,0.118,0.048,0.026,0.036,0.003,0.066,0.004,0.025,0.005,0.048,0.158,0.0,0.387,0.099,0.243,0.711,0.048,0.199,0.017,0.075,0.164,1.0,0.184,0.042,0.228,0.098,0.002,0.726,0.024,0.025,0.015,0.118,0.62,0.103,0.02
50,0.055,0.097,0.198,0.053,0.027,0.264,0.019,0.022,0.049,0.006,0.166,0.044,0.015,0.037,0.249,0.035,0.43,0.002,0.245,0.018,0.007,0.088,0.039,0.146,0.016,0.025,0.017,0.004,0.053,0.022,0.217,0.003,0.042,0.0,0.057,0.105,0.055,0.007,0.0,0.001,0.101,0.001,0.444,0.216,0.151,0.003,0.102,0.042,0.175,0.007,1.0,0.132,0.0,0.05,0.022,0.161,0.228,0.569,0.008,1.0,0.122,0.002,0.016,1.0,0.006,0.044,0.253,0.112,0.19,0.002,0.175,0.099,0.041,0.008,0.553,0.002,0.161,0.063,0.043,0.0,0.024,0.383,0.033,0.06,0.132,0.06,0.005,0.136,0.079,0.001,0.008,0.174,0.0,0.168,0.24,0.002,0.044,0.002,0.028,0.209
51,0.22,0.008,0.179,0.138,0.068,0.109,0.085,0.013,0.233,0.005,0.019,0.245,0.121,0.079,0.105,0.508,0.042,0.006,0.107,0.06,0.142,0.067,0.201,0.945,0.035,0.103,0.012,0.005,0.096,0.019,0.18,0.002,0.103,0.049,0.029,0.06,0.083,0.114,0.022,0.0,0.08,0.045,0.003,0.321,0.019,0.035,0.136,0.087,0.019,0.003,0.132,1.0,0.018,0.089,0.306,0.056,0.217,0.098,0.233,0.15,0.092,0.027,0.01,0.137,0.038,0.06,0.066,0.02,0.023,0.088,0.007,0.008,0.11,0.091,0.078,0.007,0.94,0.059,0.069,0.006,0.005,0.138,0.0,0.052,0.086,0.013,0.0,0.06,0.173,0.01,0.041,0.073,0.005,0.066,0.199,0.137,0.246,0.009,0.033,0.063
52,0.244,0.201,0.09,0.092,0.416,0.027,0.002,0.01,0.318,0.605,0.176,0.306,0.032,0.151,0.018,0.001,0.163,0.014,0.029,0.424,0.0,0.112,0.011,0.015,0.046,0.049,0.015,0.631,0.148,0.139,0.072,0.044,0.107,0.031,0.014,0.138,0.142,0.147,0.056,0.175,0.015,0.184,0.036,0.0,0.105,0.172,0.034,0.02,0.128,0.556,0.0,0.018,1.0,0.034,0.043,0.056,0.001,0.029,0.089,0.001,0.0,0.158,0.124,0.001,0.228,0.016,0.122,0.114,0.164,0.17,0.143,0.191,0.068,0.139,0.024,0.631,0.015,0.146,0.178,0.667,0.282,0.032,0.007,0.018,0.03,0.138,0.537,0.069,0.019,0.692,0.088,0.0,0.623,0.022,0.0,0.045,0.031,0.917,0.062,0.023
53,0.226,0.125,0.076,0.149,0.077,0.105,0.044,0.253,0.093,0.029,0.159,0.084,0.019,0.179,0.101,0.071,0.279,0.018,0.092,0.09,0.26,0.055,0.072,0.041,0.222,0.022,0.262,0.028,0.048,0.161,0.084,0.02,0.015,0.023,0.092,0.211,0.031,0.23,0.295,0.46,0.183,0.13,0.062,0.126,0.1,0.111,0.01,0.033,0.132,0.02,0.05,0.089,0.034,1.0,0.175,0.048,0.01,0.086,0.081,0.053,0.004,0.306,0.053,0.058,0.131,0.03,0.112,0.117,0.183,0.038,0.098,0.138,0.122,0.074,0.074,0.028,0.049,0.046,0.184,0.06,0.064,0.113,0.161,0.201,0.176,0.062,0.036,0.05,0.132,0.061,0.175,0.045,0.086,0.171,0.025,0.046,0.167,0.051,0.284,0.183
54,0.189,0.031,0.698,0.001,0.03,0.005,0.113,0.032,0.194,0.044,0.005,0.183,0.038,0.006,0.004,0.029,0.025,0.048,0.005,0.034,0.27,0.069,0.784,0.245,0.048,0.044,0.047,0.171,0.023,0.212,0.704,0.05,0.013,0.057,0.003,0.014,0.023,0.274,0.08,0.038,0.023,0.075,0.156,0.393,0.008,0.076,0.138,0.085,0.008,0.02,0.022,0.306,0.043,0.175,1.0,0.044,0.208,0.013,0.049,0.014,0.206,0.06,0.001,0.026,0.107,0.075,0.003,0.069,0.008,0.075,0.023,0.024,0.446,0.05,0.016,0.165,0.207,0.032,0.003,0.158,0.046,0.0,0.021,0.111,0.132,0.027,0.022,0.037,0.099,0.146,0.053,0.362,0.182,0.065,0.273,0.037,0.002,0.012,0.037,0.081
55,0.287,0.091,0.038,0.016,0.28,0.109,0.644,0.014,0.006,0.159,0.071,0.01,0.1,0.03,0.113,0.13,0.095,0.181,0.113,0.264,0.023,0.081,0.132,0.087,0.028,0.087,0.02,0.007,0.102,0.252,0.034,0.229,0.568,0.064,0.09,0.046,0.125,0.01,0.006,0.009,0.039,0.19,0.138,0.079,0.106,0.211,0.515,0.893,0.097,0.168,0.161,0.056,0.056,0.048,0.044,1.0,0.118,0.022,0.254,0.149,0.282,0.011,0.101,0.153,0.228,0.901,0.057,0.406,0.054,0.022,0.077,0.139,0.08,0.019,0.016,0.007,0.077,0.058,0.03,0.052,0.171,0.068,0.02,0.198,0.442,0.033,0.17,1.0,0.06,0.036,0.011,0.152,0.072,0.052,0.036,0.298,0.243,0.119,0.043,0.061
56,0.039,0.028,0.032,0.025,0.05,0.189,0.051,0.154,0.049,0.017,0.066,0.048,0.075,0.043,0.211,0.251,0.176,0.006,0.192,0.047,0.266,0.256,0.054,0.3,0.258,0.096,0.116,0.004,0.021,0.024,0.025,0.001,0.375,0.054,0.132,0.018,0.015,0.01,0.122,0.003,0.18,0.004,0.418,0.734,0.091,0.004,0.226,0.082,0.087,0.03,0.228,0.217,0.001,0.01,0.208,0.118,1.0,0.157,0.397,0.222,0.017,0.03,0.016,0.23,0.009,0.088,0.18,0.096,0.056,0.089,0.135,0.035,0.042,0.086,0.147,0.006,0.296,0.003,0.045,0.0,0.049,0.153,0.052,0.012,0.114,0.078,0.035,0.107,0.04,0.0,0.231,0.277,0.014,0.271,0.556,0.337,0.235,0.0,0.222,0.249
57,0.016,0.11,0.183,0.045,0.039,0.889,0.252,0.052,0.007,0.045,0.157,0.004,0.067,0.063,0.886,0.118,0.173,0.014,0.896,0.033,0.162,0.005,0.139,0.116,0.006,0.069,0.045,0.069,0.148,0.128,0.197,0.003,0.03,0.025,0.267,0.054,0.123,0.012,0.071,0.043,0.304,0.027,0.24,0.233,0.166,0.016,0.035,0.106,0.174,0.048,0.569,0.098,0.029,0.086,0.013,0.022,0.157,1.0,0.156,0.545,0.155,0.069,0.009,0.555,0.025,0.103,0.277,0.037,0.177,0.057,0.173,0.117,0.028,0.064,1.0,0.057,0.117,0.103,0.064,0.032,0.095,0.955,0.067,0.23,0.038,0.068,0.058,0.023,0.019,0.041,0.007,0.12,0.01,0.64,0.224,0.183,0.627,0.015,0.011,0.586
58,0.001,0.312,0.013,0.043,0.059,0.222,0.388,0.124,0.022,0.003,0.358,0.037,0.252,0.163,0.231,0.094,0.242,0.212,0.24,0.046,0.306,0.112,0.018,0.221,0.168,0.256,0.129,0.146,0.206,0.041,0.007,0.219,0.697,0.101,0.139,0.008,0.239,0.02,0.27,0.056,0.201,0.104,0.134,0.388,0.502,0.074,0.129,0.372,0.475,0.006,0.008,0.233,0.089,0.081,0.049,0.254,0.397,0.156,1.0,0.008,0.005,0.206,0.103,0.007,0.117,0.367,0.185,0.094,0.347,0.061,0.117,0.311,0.113,0.066,0.157,0.121,0.234,0.132,0.162,0.21,0.077,0.219,0.192,0.075,0.362,0.033,0.006,0.243,0.002,0.175,0.166,0.019,0.014,0.148,0.094,0.864,0.246,0.113,0.129,0.14
59,0.05,0.104,0.208,0.048,0.02,0.235,0.018,0.023,0.055,0.005,0.181,0.047,0.009,0.037,0.206,0.04,0.42,0.008,0.252,0.021,0.007,0.11,0.058,0.162,0.021,0.007,0.026,0.002,0.056,0.029,0.217,0.005,0.043,0.0,0.046,0.072,0.056,0.006,0.001,0.005,0.091,0.001,0.446,0.198,0.155,0.003,0.103,0.064,0.152,0.006,1.0,0.15,0.001,0.053,0.014,0.149,0.222,0.545,0.008,1.0,0.139,0.002,0.013,1.0,0.0,0.053,0.228,0.114,0.18,0.01,0.162,0.103,0.043,0.014,0.532,0.002,0.17,0.057,0.034,0.0,0.024,0.357,0.044,0.075,0.156,0.061,0.002,0.161,0.081,0.0,0.006,0.175,0.001,0.181,0.267,0.001,0.076,0.002,0.026,0.208
60,0.281,0.033,0.14,0.068,0.081,0.21,0.341,0.037,0.009,0.089,0.144,0.012,0.033,0.003,0.218,0.129,0.01,0.013,0.204,0.084,0.078,0.164,0.626,0.044,0.003,0.036,0.039,0.005,0.031,0.267,0.154,0.012,0.024,0.011,0.06,0.166,0.029,0.034,0.089,0.031,0.065,0.08,0.022,0.061,0.086,0.077,0.237,0.321,0.075,0.076,0.122,0.092,0.0,0.004,0.206,0.282,0.017,0.155,0.005,0.139,1.0,0.069,0.007,0.136,0.057,0.351,0.105,0.413,0.139,0.011,0.138,0.042,0.11,0.01,0.169,0.001,0.047,0.086,0.004,0.0,0.026,0.126,0.038,0.335,0.099,0.027,0.073,0.331,0.077,0.001,0.019,0.149,0.091,0.227,0.087,0.019,0.151,0.0,0.002,0.201
61,0.192,0.277,0.03,0.395,0.012,0.116,0.049,0.303,0.083,0.146,0.007,0.081,0.185,0.023,0.109,0.005,0.159,0.251,0.123,0.01,0.033,0.018,0.037,0.022,0.039,0.165,0.293,0.163,0.266,0.071,0.039,0.227,0.198,0.111,0.009,0.285,0.267,0.032,0.644,0.653,0.003,0.128,0.012,0.005,0.021,0.122,0.016,0.04,0.011,0.148,0.002,0.027,0.158,0.306,0.06,0.011,0.03,0.069,0.206,0.002,0.069,1.0,0.127,0.001,0.164,0.041,0.159,0.013,0.005,0.108,0.248,0.235,0.011,0.103,0.078,0.176,0.033,0.251,0.027,0.241,0.488,0.117,0.239,0.059,0.003,0.083,0.159,0.007,0.197,0.299,0.044,0.001,0.009,0.01,0.004,0.202,0.114,0.102,0.043,0.01
62,0.027,0.054,0.002,0.098,0.269,0.008,0.124,0.031,0.074,0.365,0.022,0.068,0.249,0.141,0.013,0.021,0.089,0.31,0.02,0.281,0.009,0.031,0.024,0.01,0.042,0.25,0.035,0.055,0.411,0.153,0.002,0.413,0.208,0.272,0.208,0.257,0.395,0.173,0.08,0.107,0.156,0.828,0.031,0.007,0.018,0.845,0.04,0.104,0.014,0.361,0.016,0.01,0.124,0.053,0.001,0.101,0.016,0.009,0.103,0.013,0.007,0.127,1.0,0.014,0.83,0.11,0.334,0.088,0.028,0.058,0.363,0.062,0.12,0.07,0.004,0.05,0.007,0.511,0.153,0.278,0.335,0.011,0.105,0.091,0.179,0.487,0.374,0.108,0.002,0.293,0.046,0.163,0.209,0.001,0.055,0.126,0.071,0.117,0.052,0.003
63,0.042,0.079,0.22,0.056,0.012,0.248,0.021,0.026,0.036,0.003,0.175,0.045,0.014,0.032,0.279,0.037,0.425,0.001,0.265,0.016,0.001,0.081,0.048,0.167,0.019,0.013,0.029,0.005,0.064,0.018,0.204,0.004,0.051,0.001,0.066,0.083,0.056,0.004,0.001,0.002,0.099,0.001,0.445,0.2,0.136,0.001,0.098,0.055,0.16,0.006,1.0,0.137,0.001,0.058,0.026,0.153,0.23,0.555,0.007,1.0,0.136,0.001,0.014,1.0,0.003,0.063,0.243,0.127,0.177,0.007,0.164,0.1,0.035,0.009,0.56,0.0,0.142,0.047,0.037,0.0,0.025,0.377,0.045,0.054,0.117,0.068,0.007,0.147,0.06,0.002,0.004,0.176,0.002,0.198,0.267,0.001,0.066,0.002,0.023,0.222
64,0.0,0.053,0.102,0.109,0.283,0.064,0.08,0.009,0.151,0.337,0.016,0.144,0.191,0.071,0.035,0.002,0.087,0.168,0.058,0.267,0.007,0.022,0.199,0.034,0.176,0.2,0.007,0.136,0.315,0.014,0.107,0.271,0.329,0.235,0.044,0.231,0.315,0.035,0.113,0.083,0.07,0.992,0.006,0.021,0.001,0.992,0.004,0.133,0.005,0.356,0.006,0.038,0.228,0.131,0.107,0.228,0.009,0.025,0.117,0.0,0.057,0.164,0.83,0.003,1.0,0.113,0.268,0.044,0.017,0.172,0.33,0.062,0.372,0.139,0.025,0.189,0.037,0.461,0.076,0.514,0.347,0.046,0.05,0.242,0.145,0.485,0.418,0.223,0.014,0.469,0.131,0.004,0.232,0.003,0.0,0.094,0.121,0.216,0.199,0.004
65,0.331,0.058,0.072,0.02,0.142,0.253,0.896,0.005,0.005,0.09,0.12,0.004,0.193,0.024,0.251,0.168,0.039,0.188,0.252,0.123,0.036,0.116,0.199,0.116,0.018,0.219,0.005,0.033,0.198,0.423,0.09,0.273,0.552,0.06,0.155,0.056,0.227,0.014,0.004,0.002,0.074,0.143,0.045,0.035,0.184,0.13,0.532,1.0,0.184,0.118,0.044,0.06,0.016,0.03,0.075,0.901,0.088,0.103,0.367,0.053,0.351,0.041,0.11,0.063,0.113,1.0,0.063,0.454,0.115,0.023,0.101,0.071,0.093,0.02,0.123,0.042,0.104,0.111,0.025,0.038,0.177,0.164,0.03,0.167,0.447,0.0,0.123,0.893,0.033,0.044,0.007,0.188,0.014,0.128,0.055,0.486,0.323,0.06,0.028,0.138
66,0.135,0.016,0.11,0.199,0.0,0.178,0.201,0.012,0.123,0.049,0.002,0.119,0.134,0.033,0.169,0.201,0.444,0.124,0.165,0.001,0.007,0.05,0.076,0.084,0.21,0.16,0.018,0.052,0.093,0.193,0.095,0.17,0.314,0.156,0.109,0.372,0.064,0.015,0.091,0.023,0.102,0.256,0.214,0.121,0.057,0.212,0.055,0.082,0.038,0.048,0.253,0.066,0.122,0.112,0.003,0.057,0.18,0.277,0.185,0.228,0.105,0.159,0.334,0.243,0.268,0.063,1.0,0.108,0.007,0.119,0.956,0.025,0.016,0.134,0.312,0.066,0.072,0.104,0.035,0.255,0.085,0.171,0.023,0.034,0.262,0.153,0.05,0.055,0.231,0.221,0.164,0.11,0.01,0.239,0.243,0.16,0.061,0.112,0.19,0.216
