,0,1,2,3,4,5,6,7,8,9,10,11,12,13,14,15,16,17,18,19,20,21,22,23,24,25,26,27,28,29,30,31,32,33,34,35,36,37,38,39,40,41,42,43,44,45,46,47,48,49,50,51,52,53,54,55,56,57,58,59,60,61,62,63,64,65,66,67,68,69,70,71,72,73,74,75,76,77,78,79,80,81,82,83,84,85,86,87,88,89,90,91,92,93,94,95,96,97,98,99
0,1.0,4.7778194921808595e-06,0.009465325173791046,0.0007287934919765276,0.01476905762748207,0.0011939309291265367,0.8941255884815053,0.02422924950528593,1.1831606691201486e-05,0.15583323911964256,0.3187261104798701,0.009465325173791046,0.0007287934919765276,0.0015772023137481629,0.03351186626546816,1.5544389213451926e-05,0.4370007583864635,0.9945510962006189,0.002509940673499991,0.0008575332577133516,1.5544389213451926e-05,1.3197116579809106e-05,0.11188338093500841,0.6880883436293572,0.12568063150953446,8.222537952364582e-06,0.9693873338070811,0.1737737326070434,0.2905753376623012,5.987685894916678e-05,0.07069492178721806,0.00011259690509597445,0.004232780700726076,0.027968725419252077,0.006538067387220895,0.0005173274070609928,0.04827794999222487,0.3079684117980311,0.001419158813544553,0.2627826389084414,0.062123428029327764,0.0028284327680340713,0.0011939309291265367,0.05209736224379605,5.790874344264829e-05,0.1737737326070434,0.20420887113178274,0.0011145706372563174,5.221583930597132e-05,0.1737737326070434,0.25846364533268656,0.20420887113178274,0.005200912618047315,1.0819673471223645e-05,0.5952473029688654,0.12831062269174873,0.03351186626546816,0.0007287934919765276,0.2482254723512117,0.014190112447029606,0.0017376052732349949,0.08819173317860254,0.0005725517376472237,0.4847355976093294,0.3079684117980311,0.12308859012782317,0.4032456097039696,0.3187261104798701,9.887201124845342e-05,0.002398313690145587,0.7283285323085056,0.07870155857202461,0.0015772023137481629,0.0014439531768011807,0.1807335214636088,0.04083020495030903,0.005408558446524373,0.12740499510252717,5.7034993510200415e-05,0.12740499510252717,0.12308859012782317,0.0028284327680340713,0.0010978651922948772,0.9959355193516138,9.95011543861867e-06,0.3079684117980311,0.22779341730640165,0.03351186626546816,4.212425918372202e-05,0.02422924950528593,0.0014057485966786102,0.001419158813544553,3.271481708770098e-05,5.7034993510200415e-05,0.9959355193516138,0.020080982977478783,0.08819173317860254,0.004253724327452828,0.0027065844193582813,0.00017771921218244372
1,4.7778194921808595e-06,1.0,0.0436014341293914,0.007354293711633223,0.0003536092684070858,0.4360442555576263,5.065473424784152e-06,0.018771345722555375,0.6713950187656527,0.004317522221965743,0.0015506800803294645,0.0436014341293914,0.007354293711633223,0.37271610123195315,0.01594694063914572,0.2672674440227618,0.000977640144747578,4.428853959160576e-06,0.25369746614690625,0.008405471224945794,0.2672674440227618,0.9404086054413124,0.0034449529249636402,4.1508049449202076e-06,0.0033429591021090425,0.5711138400496297,4.327270532009324e-06,0.002968754286075836,0.001442695831239226,0.06141454301071754,0.007789955543646342,0.08745766200303255,0.1306078001935597,0.0002106291416367181,0.08734647878167368,0.013472197216861203,9.324645823290428e-05,0.0015270312119446245,0.004451317787261829,1.3030270492829308e-05,0.007353870814512613,0.14656514716819158,0.4360442555576263,0.00984056532882995,0.15173711660541922,0.002968754286075836,0.002470071380861662,0.4501519651864373,0.0947303795966762,0.002968754286075836,0.001364158948522382,0.002470071380861662,0.09408423917034743,0.9634186373142085,6.295186788034428e-06,0.0031979773370701425,0.01594694063914572,0.007354293711633223,0.0018842231271500652,0.0004409297481964138,0.20717922815608647,4.5858024928356255e-05,0.027331437397307166,0.0008504000170866557,0.0015270312119446245,0.0029215663821997224,0.0011661917273285776,0.0015506800803294645,0.03762514643577908,0.23326267208366935,5.349808629367047e-06,5.7264972945839135e-05,0.37271610123195315,0.3899018531164233,1.7568757475197744e-05,0.013569038840050772,0.10581920670308019,3.807005096270112e-05,0.17970983689353257,3.807005096270112e-05,0.0029215663821997224,0.14656514716819158,0.00302261740147752,4.278954797216625e-06,0.7083754200743982,0.0015270312119446245,2.6838502033805416e-05,0.01594694063914572,0.2889101060929397,0.018771345722555375,0.412401152773368,0.004451317787261829,0.2206886832724518,0.17970983689353257,4.278954797216625e-06,0.030599621849558598,4.5858024928356255e-05,0.14610095365878703,0.24689717156237675,0.04214902672973796
2,0.009465325173791046,0.0436014341293914,1.0,0.5079544956624611,0.00089714113585845,0.26427910067846444,0.01682872091340029,0.9372080547898132,0.017792046775819487,0.06997277065771672,0.0722078084957472,1.0,0.5079544956624611,0.4656054816042497,0.046882266396854465,0.2410983178046185,0.19998767627373207,0.007946683275005738,0.1468067843920731,0.5445689297946122,0.2410983178046185,0.04655880444247706,0.5936082418406843,0.02191928163033042,0.5701057978941015,0.14766650229576392,0.006463513700271178,0.05459633550165843,0.33252355529747957,0.0019642717751459197,0.04869583607279927,0.0040989628397438815,0.08266367997647371,0.26991913437261333,0.07145690041171276,0.001670486804395513,0.0009099485442990971,0.31586237544566037,0.0012271528540013818,0.06596155988103478,0.7582961803974153,0.8620323658657609,0.26427910067846444,0.8082093264628255,0.005152452495798547,0.05459633550165843,0.05676718641888975,0.3198126182144957,0.00287093172862217,0.05459633550165843,0.04401900483184751,0.05676718641888975,0.9472073037458726,0.07959968246440678,0.031086199872562854,0.5625310514608537,0.046882266396854465,0.5079544956624611,0.05755707841783766,0.001026434591351496,0.765368948079291,0.14133813524916636,0.0034448374636715674,0.10427244943410206,0.31586237544566037,0.034681339185911764,0.2244617808148644,0.0722078084957472,0.4206547697168653,0.714443407798197,0.023683688761569878,0.0010076671574980802,0.4656054816042497,0.44301060654426977,0.08318228417749227,0.04829143394882791,0.07740393572648394,0.0012135401012216653,0.006231737327871357,0.0012135401012216653,0.034681339185911764,0.8620323658657609,0.43523995087045075,0.009912019517480357,0.13521894721883393,0.31586237544566037,0.0017733254512530706,0.046882266396854465,0.009522330657324201,0.9372080547898132,0.3611349478109291,0.0012271528540013818,0.3191579356248517,0.006231737327871357,0.009912019517480357,0.05784347048080963,0.14133813524916636,0.853733927012891,0.6709823099231458,0.002536407543348057
3,0.0007287934919765276,0.007354293711633223,0.5079544956624611,1.0,6.119102770647113e-06,0.031756947875257825,0.0022448008238176165,0.4487062066402242,0.0010766038127512706,0.0027991649829517463,0.003580807623816657,0.5079544956624611,1.0,0.09006115614481726,0.0013423359883977862,0.2227065297534689,0.027603116399781077,0.0005417683728550813,0.009673942346461564,0.9981122231908127,0.2227065297534689,0.005526646279303534,0.2186490543458297,0.004601627265745334,0.19518849121107104,0.07928086271669912,0.0003726538146922468,0.001988406531192658,0.0724248838703522,2.4705170835674235e-05,0.001477739598600856,6.492631677309947e-05,0.003532169779945822,0.3413424901976905,0.002687218906469044,1.4805872998129287e-05,7.175606577890547e-06,0.06224264238254417,9.040837261198834e-06,0.033269052505629094,0.3126999738017214,0.35853308511245047,0.031756947875257825,0.33121660241323647,0.00010292239460474705,0.001988406531192658,0.002184274285748029,0.04646512342108155,4.402657891814689e-05,0.001988406531192658,0.0016139873776853672,0.002184274285748029,0.40883230688061256,0.01667168887173092,0.00783081804283815,0.19263580782710446,0.0013423359883977862,1.0,0.002349849716328742,7.243995891407285e-06,0.2981141258929291,0.12540534170816856,4.033216555046828e-05,0.00808738269283431,0.06224264238254417,0.0009741862595440273,0.032750752828567244,0.003580807623816657,0.7512341993250028,0.2143744480862873,0.004605333629233508,8.941642444348315e-06,0.09006115614481726,0.08321899020636261,0.05285669697631927,0.0014102696569564003,0.0030997021909934543,1.2633777046362214e-05,0.000137495284560075,1.2633777046362214e-05,0.0009741862595440273,0.35853308511245047,0.9577077835741074,0.0008415042187030319,0.05551024765772674,0.06224264238254417,2.4087292368609237e-05,0.0013423359883977862,0.00028114038441203994,0.4487062066402242,0.055347039285719976,9.040837261198834e-06,0.30304066990714923,0.000137495284560075,0.0008415042187030319,0.00182955957386404,0.12540534170816856,0.295203817828161,0.17541089631052623,3.01943348753207e-05
4,0.01476905762748207,0.0003536092684070858,0.00089714113585845,6.119102770647113e-06,1.0,0.012790957805152678,0.004648235880994787,0.0012409351443105974,0.004086394024455053,0.31004959918700725,0.2001167921561313,0.00089714113585845,6.119102770647113e-06,0.005376952103579613,0.4246561834815996,1.3043260628097526e-05,0.024979552078815404,0.01826120236390536,0.05352280384871335,8.224149331700293e-06,1.3043260628097526e-05,0.0012768406165285075,0.002577415030947416,0.0014633810211465194,0.0031611918374074284,3.6888224628041174e-05,0.025029474274350837,0.3425886894603645,0.009150515027284324,0.09550198875147498,0.4353926327784541,0.10030911606717786,0.1331718821280783,2.9536463729028765e-05,0.18868054348114316,0.3685850355621134,0.8620302340782495,0.011874701305686611,0.614257314763324,0.0002253200455820317,0.0019839057028648867,0.001091493452450859,0.012790957805152678,0.0020431076610283516,0.05322570995190642,0.3425886894603645,0.3123124699628998,0.008469233690259625,0.07048942721812787,0.3425886894603645,0.3095972736009092,0.3123124699628998,0.0012059842294557777,0.0003628108650442563,0.001102775351057015,0.003140532678045563,0.4246561834815996,6.119102770647113e-06,0.27777344060489245,0.9983647254861756,0.0010802704552244336,6.342469140494975e-05,0.29785525052766215,0.0806643525349238,0.011874701305686611,0.47062430446445863,0.022895739513469397,0.2001167921561313,4.523031023695945e-06,0.0023268791906973,0.0019624745403087254,0.7393952204882538,0.005376952103579613,0.005519165917652402,0.00012806062494717893,0.42864117172114824,0.16082760133964488,0.5996681562413092,0.04623668377744416,0.5996681562413092,0.47062430446445863,0.001091493452450859,4.304060022500645e-06,0.011548265584142788,7.771309497030491e-05,0.011874701305686611,0.4258258885609423,0.4246561834815996,0.02607412475960304,0.0012409351443105974,0.008400878121540766,0.614257314763324,1.764649156819368e-05,0.04623668377744416,0.011548265584142788,0.33610927483677056,6.342469140494975e-05,0.0020147046143206533,0.0033821648544751473,0.17319051934004734
5,0.0011939309291265367,0.4360442555576263,0.26427910067846444,0.031756947875257825,0.012790957805152678,1.0,0.001145652131064396,0.18064325033854964,0.4540010098969838,0.12557506709529867,0.06886572243461904,0.26427910067846444,0.031756947875257825,0.9101491348917722,0.23181540220596808,0.18570076508767253,0.04770854753316151,0.0011409361598066362,0.8594484976066665,0.03683518200051455,0.18570076508767253,0.5600019445434076,0.07773662347855517,0.0008819953067288785,0.07890091986737068,0.2934172037595986,0.0011333152891419512,0.09866129968065665,0.05479586693728216,0.1361762875878666,0.16368801888284917,0.20337453175292564,0.6265730564276917,0.006008287187228429,0.5259627233045523,0.0792650753279623,0.006329552934400268,0.05861505767305416,0.04587569825310657,0.001476600561687292,0.11621791161693817,0.4880395256498014,1.0,0.13807492439606822,0.25243575698367005,0.09866129968065665,0.08917045080843138,0.986782118328629,0.17788417234432904,0.09866129968065665,0.0611917186432048,0.08917045080843138,0.40857003369998557,0.5113652818087744,0.0011372507170671325,0.07674442775315624,0.23181540220596808,0.031756947875257825,0.07617301022686808,0.014868289398867801,0.5611251952979034,0.0026881973794447645,0.13384533425708178,0.04684162824083783,0.05861505767305416,0.09165647819478517,0.052989066318866546,0.06886572243461904,0.06481021954949709,0.683552369140268,0.0010893913890963162,0.004930597254903483,0.9101491348917722,0.9229268753353785,0.00163675636597787,0.21579382034244715,0.5742249948886672,0.0040497045537508745,0.28230877378177616,0.0040497045537508745,0.09165647819478517,0.4880395256498014,0.0179933175580167,0.0010878204220873666,0.371697514835709,0.05861505767305416,0.0035256271594624865,0.23181540220596808,0.36102821070486507,0.18064325033854964,0.9757644181159365,0.04587569825310657,0.1942753379746811,0.28230877378177616,0.0010878204220873666,0.326893512190414,0.0026881973794447645,0.5507814156024224,0.7459055837466181,0.13671450157809684
6,0.8941255884815053,5.065473424784152e-06,0.01682872091340029,0.0022448008238176165,0.004648235880994787,0.001145652131064396,1.0,0.042510431013396126,8.312627974208266e-06,0.10105991581778559,0.22811503889351245,0.01682872091340029,0.0022448008238176165,0.0018438289937424152,0.018625054871157776,3.355991847383561e-05,0.4777512414491003,0.846429995384421,0.0018984430612781404,0.0025656470031814754,3.355991847383561e-05,1.2198563438489733e-05,0.1798568843503873,0.9261311769151415,0.19625862356522786,1.4096160185994408e-05,0.770316499066867,0.10877146935449272,0.3809933560399258,2.267198232131072e-05,0.04059975511684376,4.693358742863779e-05,0.0027011163919171263,0.07512770251833138,0.003980181768315493,0.0001736201202290374,0.01637514990095672,0.3875953048962035,0.00044736449645666984,0.4997709307838038,0.10372699500839222,0.0045653992150148604,0.001145652131064396,0.0865167831620957,2.634411388712396e-05,0.10877146935449272,0.1310066402718812,0.0011551891323865592,2.1367089602408257e-05,0.10877146935449272,0.16340224250763485,0.1310066402718812,0.008578389496977245,1.2599700666613383e-05,0.8602358606924305,0.20046293756353906,0.018625054871157776,0.0022448008238176165,0.16362031859376389,0.004521577866149541,0.0027164476383319492,0.20831047231734962,0.00021453639348502446,0.4192228486713393,0.3875953048962035,0.06913788738529389,0.4502728445969019,0.22811503889351245,0.0002861827432258524,0.0033739227866618846,0.9488881022664944,0.028183754251586438,0.0018438289937424152,0.0016665919916841337,0.3762421921053925,0.022927087150126285,0.0033704468751532255,0.04897400805763798,2.6993492786927703e-05,0.04897400805763798,0.06913788738529389,0.0045653992150148604,0.0035674957805981993,0.9274131110056566,1.5281474989714917e-05,0.3875953048962035,0.09819140615233736,0.018625054871157776,2.2353143211355925e-05,0.042510431013396126,0.001492095471626805,0.00044736449645666984,7.184230948323553e-05,2.6993492786927703e-05,0.9274131110056566,0.011541771124334904,0.20831047231734962,0.006382331847592855,0.0036002073324013974,6.638957413923852e-05
7,0.02422924950528593,0.018771345722555375,0.9372080547898132,0.4487062066402242,0.0012409351443105974,0.18064325033854964,0.042510431013396126,1.0,0.00843608601081357,0.09549540199415076,0.11179266442401918,0.9372080547898132,0.4487062066402242,0.32824071278995287,0.05206106089767786,0.12414296659719025,0.32707980882676,0.020450163812080754,0.11027620581070974,0.48212266088998496,0.12414296659719025,0.021690006596908645,0.8010925106225183,0.05507750220552643,0.7776952584891902,0.06875479884733958,0.016634859600847336,0.07718773146385907,0.512844790204214,0.0012500275310195375,0.060137613710296696,0.0026607887467723257,0.06773525205361668,0.40274005595166507,0.062239121896836946,0.0013892762908767344,0.0015110866512797398,0.4872731942943937,0.001190697745877534,0.14200985238894376,0.9277348307022543,0.6777648285002099,0.18064325033854964,0.9557815481237558,0.0030605343574606576,0.07718773146385907,0.08228983765155352,0.21694312512673453,0.001752253592443829,0.07718773146385907,0.06778095510948602,0.08228983765155352,0.8039023964536115,0.036453643783917626,0.07496572836268274,0.7709996637156992,0.05206106089767786,0.4487062066402242,0.08630139382630093,0.0013930448849354701,0.5664478857037684,0.2562673448599383,0.0027402364190798403,0.17373812394435317,0.4872731942943937,0.0478936629459601,0.3602863830793625,0.11179266442401918,0.2854416873211615,0.5368693711458286,0.058672232212699384,0.001796106698571542,0.32824071278995287,0.3093131993719627,0.170468502355748,0.05504222363517322,0.06556815026607243,0.002307058775540736,0.0036517523059379996,0.002307058775540736,0.0478936629459601,0.6777648285002099,0.4224745874310718,0.025565376008748045,0.06287314701128567,0.4872731942943937,0.0036057334566078885,0.05206106089767786,0.0052707785318669535,1.0,0.25071296404410764,0.001190697745877534,0.17589610427766555,0.0036517523059379996,0.025565376008748045,0.05901224624578851,0.2562673448599383,0.6918161037646915,0.5066776134658878,0.001795605541863896
8,1.1831606691201486e-05,0.6713950187656527,0.017792046775819487,0.0010766038127512706,0.004086394024455053,0.4540010098969838,8.312627974208266e-06,0.00843608601081357,1.0,0.013426972927138374,0.00433136474648995,0.017792046775819487,0.0010766038127512706,0.2764377314002654,0.05838384032866799,0.05493791937889287,0.0013106386585036982,1.202513945761569e-05,0.42788180179229773,0.0012984151203649314,0.05493791937889287,0.845257411263939,0.0020677987957159237,4.861583348917491e-06,0.0021272467049188335,0.16826195574876804,1.3298911158188618e-05,0.010038669689567481,0.0013480740298942439,0.3291925253665891,0.02852839181035681,0.3985417086685971,0.31431519555151943,5.293539321631172e-05,0.236823274676369,0.10429094016536883,0.001042803873308237,0.0015365870826982376,0.04206071840217559,7.498785628874069e-06,0.003901769454237979,0.06454391832422707,0.4540010098969838,0.005173167509334398,0.561858023914344,0.010038669689567481,0.008102094924445196,0.4060782988435499,0.4311771610569784,0.010038669689567481,0.004752331989249112,0.008102094924445196,0.04158776601016044,0.5652462162362129,6.3371920001666544e-06,0.0020385924906757666,0.05838384032866799,0.0010766038127512706,0.0059976153953258966,0.004930316110691847,0.09344000460464483,1.6211447249798446e-05,0.16915025119833785,0.0017586534585693411,0.0015365870826982376,0.011855284087400407,0.0014891285397918078,0.00433136474648995,0.005316643576917741,0.12836564192149927,6.592659644297147e-06,0.0006040853049702932,0.2764377314002654,0.2943481490789116,8.354720276440035e-06,0.049480459168793844,0.27080123597192274,0.0003663710416829603,0.6148928174082405,0.0003663710416829603,0.011855284087400407,0.06454391832422707,0.0004234974236093154,9.888720378389828e-06,0.25433594384680847,0.0015365870826982376,0.00021808319072523678,0.05838384032866799,0.778816258792769,0.00843608601081357,0.36101599190983885,0.04206071840217559,0.045697221635095646,0.6148928174082405,9.888720378389828e-06,0.10055241287174553,1.6211447249798446e-05,0.07465903904341399,0.15073518011663836,0.2457252207074176
9,0.15583323911964256,0.004317522221965743,0.06997277065771672,0.0027991649829517463,0.31004959918700725,0.12557506709529867,0.10105991581778559,0.09549540199415076,0.013426972927138374,1.0,0.9146062355636431,0.06997277065771672,0.0027991649829517463,0.10087312379469865,0.7921125701874033,0.0016659748352221002,0.45683169759357095,0.16437487198178147,0.2481327153448262,0.0034252549900169816,0.0016659748352221002,0.010173404790051258,0.15756061039216834,0.057943533043775,0.17632160221666965,0.0021793950167055655,0.18035582718734952,0.9929447527305915,0.29775423730273193,0.04518410088833375,0.925413553089635,0.06510718133880243,0.36285496902085607,0.009767968019622719,0.4474224337053063,0.12533335607295795,0.3552104248749483,0.33835059372296167,0.17656759396234864,0.026434162482775653,0.134124180982118,0.059773675264634875,0.12557506709529867,0.1346741588609792,0.04495918622216092,0.9929447527305915,0.9860245527794037,0.10657680716344176,0.042492484687784084,0.9929447527305915,0.9450303672480468,0.9860245527794037,0.07208972487545932,0.006091329046806802,0.05448362898503048,0.17563503188457022,0.7921125701874033,0.0027991649829517463,0.9649859138836756,0.3208132398549164,0.05260154022168073,0.014450067066775301,0.14333171409560813,0.6927117628353077,0.33835059372296167,0.9548596452446944,0.44654629134367746,0.9146062355636431,0.00159239573713759,0.08074546366720291,0.06969111388569714,0.36926304812390975,0.10087312379469865,0.0991132107765329,0.019917110757014144,0.831610432587129,0.4088133175486657,0.38242215027345966,0.04426504511850469,0.38242215027345966,0.9548596452446944,0.059773675264634875,0.002393006364966339,0.13925274161756018,0.00321288404003341,0.33835059372296167,0.3998612170806117,0.7921125701874033,0.035711736953602316,0.09549540199415076,0.11481230580772721,0.17656759396234864,0.0024190300063073717,0.04426504511850469,0.13925274161756018,0.6857292243666857,0.014450067066775301,0.08765805403519923,0.09797727659699575,0.08035789520479729
10,0.3187261104798701,0.0015506800803294645,0.0722078084957472,0.003580807623816657,0.2001167921561313,0.06886572243461904,0.22811503889351245,0.11179266442401918,0.00433136474648995,0.9146062355636431,1.0,0.0722078084957472,0.003580807623816657,0.06303582907971989,0.5429541172754008,0.0010264001126318537,0.6532994518146348,0.3297706438079027,0.13302767150542233,0.00432820109693098,0.0010264001126318537,0.003698108662925167,0.22452938153988625,0.14273665878063532,0.2503789628414275,0.0010790705479925772,0.34963649053267426,0.9250007023637645,0.4392219831133585,0.014451745840940998,0.7189355357399316,0.02229963891865514,0.19527935868944044,0.01995318289020319,0.2503415100860845,0.049627666890450055,0.28700608043497394,0.48909480421957163,0.07933745356335603,0.06610469703966,0.17619037837771945,0.04909502110787963,0.06886572243461904,0.17040452601028358,0.014691153321315596,0.9250007023637645,0.9540747900453068,0.06027678453086103,0.013538431687637072,0.9250007023637645,0.9655900601592663,0.9540747900453068,0.06472883748850475,0.0024428423261042497,0.13335290572741632,0.2506753273236865,0.5429541172754008,0.003580807623816657,0.9797903483144824,0.20433615438392186,0.039965011736504116,0.033786182277064106,0.05730553171504277,0.8977748552657089,0.48909480421957163,0.8225106559126203,0.633123444441657,1.0,0.001507340173860408,0.059102300816482746,0.1664602681611968,0.3296316103037478,0.06303582907971989,0.06093534723510275,0.04955005836418131,0.5884711531632045,0.22493255314641847,0.3778383718831107,0.014550459054328873,0.3778383718831107,0.8225106559126203,0.04909502110787963,0.0034629652658756806,0.29293205872039185,0.001503375125313063,0.48909480421957163,0.448227864052065,0.5429541172754008,0.011726848021502468,0.11179266442401918,0.0672906522451119,0.07933745356335603,0.0016114408967910603,0.014550459054328873,0.29293205872039185,0.43827955046367406,0.033786182277064106,0.07158870537744341,0.07007965321711908,0.028470435517910866
11,0.009465325173791046,0.0436014341293914,1.0,0.5079544956624611,0.00089714113585845,0.26427910067846444,0.01682872091340029,0.9372080547898132,0.017792046775819487,0.06997277065771672,0.0722078084957472,1.0,0.5079544956624611,0.4656054816042497,0.046882266396854465,0.2410983178046185,0.19998767627373207,0.007946683275005738,0.1468067843920731,0.5445689297946122,0.2410983178046185,0.04655880444247706,0.5936082418406843,0.02191928163033042,0.5701057978941015,0.14766650229576392,0.006463513700271178,0.05459633550165843,0.33252355529747957,0.0019642717751459197,0.04869583607279927,0.0040989628397438815,0.08266367997647371,0.26991913437261333,0.07145690041171276,0.001670486804395513,0.0009099485442990971,0.31586237544566037,0.0012271528540013818,0.06596155988103478,0.7582961803974153,0.8620323658657609,0.26427910067846444,0.8082093264628255,0.005152452495798547,0.05459633550165843,0.05676718641888975,0.3198126182144957,0.00287093172862217,0.05459633550165843,0.04401900483184751,0.05676718641888975,0.9472073037458726,0.07959968246440678,0.031086199872562854,0.5625310514608537,0.046882266396854465,0.5079544956624611,0.05755707841783766,0.001026434591351496,0.765368948079291,0.14133813524916636,0.0034448374636715674,0.10427244943410206,0.31586237544566037,0.034681339185911764,0.2244617808148644,0.0722078084957472,0.4206547697168653,0.714443407798197,0.023683688761569878,0.0010076671574980802,0.4656054816042497,0.44301060654426977,0.08318228417749227,0.04829143394882791,0.07740393572648394,0.0012135401012216653,0.006231737327871357,0.0012135401012216653,0.034681339185911764,0.8620323658657609,0.43523995087045075,0.009912019517480357,0.13521894721883393,0.31586237544566037,0.0017733254512530706,0.046882266396854465,0.009522330657324201,0.9372080547898132,0.3611349478109291,0.0012271528540013818,0.3191579356248517,0.006231737327871357,0.009912019517480357,0.05784347048080963,0.14133813524916636,0.853733927012891,0.6709823099231458,0.002536407543348057
12,0.0007287934919765276,0.007354293711633223,0.5079544956624611,1.0,6.119102770647113e-06,0.031756947875257825,0.0022448008238176165,0.4487062066402242,0.0010766038127512706,0.0027991649829517463,0.003580807623816657,0.5079544956624611,1.0,0.09006115614481726,0.0013423359883977862,0.2227065297534689,0.027603116399781077,0.0005417683728550813,0.009673942346461564,0.9981122231908127,0.2227065297534689,0.005526646279303534,0.2186490543458297,0.004601627265745334,0.19518849121107104,0.07928086271669912,0.0003726538146922468,0.001988406531192658,0.0724248838703522,2.4705170835674235e-05,0.001477739598600856,6.492631677309947e-05,0.003532169779945822,0.3413424901976905,0.002687218906469044,1.4805872998129287e-05,7.175606577890547e-06,0.06224264238254417,9.040837261198834e-06,0.033269052505629094,0.3126999738017214,0.35853308511245047,0.031756947875257825,0.33121660241323647,0.00010292239460474705,0.001988406531192658,0.002184274285748029,0.04646512342108155,4.402657891814689e-05,0.001988406531192658,0.0016139873776853672,0.002184274285748029,0.40883230688061256,0.01667168887173092,0.00783081804283815,0.19263580782710446,0.0013423359883977862,1.0,0.002349849716328742,7.243995891407285e-06,0.2981141258929291,0.12540534170816856,4.033216555046828e-05,0.00808738269283431,0.06224264238254417,0.0009741862595440273,0.032750752828567244,0.003580807623816657,0.7512341993250028,0.2143744480862873,0.004605333629233508,8.941642444348315e-06,0.09006115614481726,0.08321899020636261,0.05285669697631927,0.0014102696569564003,0.0030997021909934543,1.2633777046362214e-05,0.000137495284560075,1.2633777046362214e-05,0.0009741862595440273,0.35853308511245047,0.9577077835741074,0.0008415042187030319,0.05551024765772674,0.06224264238254417,2.4087292368609237e-05,0.0013423359883977862,0.00028114038441203994,0.4487062066402242,0.055347039285719976,9.040837261198834e-06,0.30304066990714923,0.000137495284560075,0.0008415042187030319,0.00182955957386404,0.12540534170816856,0.295203817828161,0.17541089631052623,3.01943348753207e-05
13,0.0015772023137481629,0.37271610123195315,0.4656054816042497,0.09006115614481726,0.005376952103579613,0.9101491348917722,0.0018438289937424152,0.32824071278995287,0.2764377314002654,0.10087312379469865,0.06303582907971989,0.4656054816042497,0.09006115614481726,1.0,0.1513513532623799,0.3198061906443462,0.06515934416771603,0.0014441115783061652,0.6511390737878884,0.1018340831683687,0.3198061906443462,0.43415257122673656,0.1410708249492577,0.0016745901950877122,0.13998213177565016,0.39700491285896533,0.0013484509854961551,0.07766163472353776,0.08647668753246479,0.0523301066464727,0.11401115287044218,0.08578780391099439,0.41911273659573023,0.017908216098990487,0.34404896521598965,0.029845503792801036,0.0030237437658290605,0.08915721833974223,0.017177803523828,0.0036386395032767128,0.21128501892205415,0.7436110639346641,0.9101491348917722,0.24701095252604444,0.11189137842555254,0.07766163472353776,0.0723617186625669,0.9603453617746218,0.0723097238877015,0.07766163472353776,0.04999274472309366,0.0723617186625669,0.6510263634097903,0.48551258388385865,0.002271224027086352,0.13642886700175072,0.1513513532623799,0.09006115614481726,0.06405494802459323,0.006280710655682104,0.8142398934557628,0.0076096483436718905,0.05484919208440623,0.052106297917271616,0.08915721833974223,0.06492853649686822,0.07330955532918311,0.06303582907971989,0.15927392667551254,0.9064106294205299,0.0019991101187016,0.002532172434864762,1.0,0.9992145488487244,0.004305134669933833,0.14343440009117792,0.3801099074390228,0.0022646902337779924,0.12909695785185607,0.0022646902337779924,0.06492853649686822,0.7436110639346641,0.05524518043779565,0.001494385897670151,0.4552326949488335,0.08915721833974223,0.002235318365224156,0.1513513532623799,0.17962382604021143,0.32824071278995287,0.977692162478369,0.017177803523828,0.3474626922812666,0.12909695785185607,0.001494385897670151,0.21391598413440358,0.0076096483436718905,0.7935842998931842,0.9418928004123375,0.05376055531022745
14,0.03351186626546816,0.01594694063914572,0.046882266396854465,0.0013423359883977862,0.4246561834815996,0.23181540220596808,0.018625054871157776,0.05206106089767786,0.05838384032866799,0.7921125701874033,0.5429541172754008,0.046882266396854465,0.0013423359883977862,0.1513513532623799,1.0,0.0026046005005381937,0.17718574963149608,0.036426857281224564,0.4720140868766147,0.0016744260414220278,0.0026046005005381937,0.03669757225227988,0.06216165998807705,0.009309913299668807,0.06990579224248608,0.004834859293271036,0.04218329140564487,0.7624919663557245,0.11037307985582091,0.19565591351083841,0.9533118205433628,0.252836462665214,0.6825340354252373,0.0021738712923292506,0.7887625655565889,0.3817150911083727,0.33795746149920514,0.12948233931919848,0.43670417792914606,0.004186383903958444,0.060498920851715675,0.05795767802494977,0.23181540220596808,0.06456808947040593,0.18900832137360554,0.7624919663557245,0.7122353365972486,0.18751531813541572,0.185586254468723,0.7624919663557245,0.6243104267910822,0.7122353365972486,0.06047917603257712,0.018844946930242867,0.008864839570338724,0.06905924818108652,1.0,0.0013423359883977862,0.644866066680862,0.4491731267367956,0.057865668622946224,0.002570059093839814,0.4310901924835365,0.3133188473226679,0.12948233931919848,0.8305693085570427,0.17575243502867183,0.5429541172754008,0.0012459847533253037,0.09410765083628757,0.01176426992813389,0.29906694431454794,0.1513513532623799,0.15265920690034668,0.003189476612410433,0.997007510280572,0.7412127490786975,0.2630059598846777,0.18450978794280273,0.2630059598846777,0.8305693085570427,0.05795767802494977,0.0009398842185943727,0.028637996556138877,0.007790935854721201,0.12948233931919848,0.2245567657251475,1.0,0.14960699522912455,0.05206106089767786,0.1907250619104483,0.43670417792914606,0.003330991458972007,0.18450978794280273,0.028637996556138877,0.9713188685728873,0.002570059093839814,0.08560553342839707,0.11837752134146559,0.29435000890566765
15,1.5544389213451926e-05,0.2672674440227618,0.2410983178046185,0.2227065297534689,1.3043260628097526e-05,0.18570076508767253,3.355991847383561e-05,0.12414296659719025,0.05493791937889287,0.0016659748352221002,0.0010264001126318537,0.2410983178046185,0.2227065297534689,0.3198061906443462,0.0026046005005381937,1.0,0.0028518915116970654,1.2368177342919432e-05,0.05821413840037261,0.23227748274576648,1.0,0.18353991165848407,0.02558701728231729,5.0017363631367136e-05,0.022996409681740316,0.8441050905047897,9.651733939653401e-06,0.0010835474512306362,0.006906506329192328,0.0010966576221177258,0.0016999766612415617,0.0022141502727416437,0.019925461749960308,0.010006518960336839,0.012678578349728289,0.0002563277981417261,6.0150445750439504e-06,0.006394390706040423,8.984523548957633e-05,0.00037424054540621994,0.05227643169217962,0.43672996055589897,0.18570076508767253,0.0648331203755561,0.004394573010596758,0.0010835474512306362,0.001020152235933266,0.2436264257092402,0.0020310148680673977,0.0010835474512306362,0.0005955777577668723,0.001020152235933266,0.34312659871423623,0.3894338839132797,8.926284366652855e-05,0.02221361681884074,0.0026046005005381937,0.2227065297534689,0.0009012683582187765,1.639372250827547e-05,0.5011301450650576,0.0019964194472962904,0.0006914786990889325,0.001187637990522997,0.006394390706040423,0.0007180664718592984,0.003530821544072328,0.0010264001126318537,0.5910723843091238,0.4097692429633581,5.6543661289559763e-05,4.983642076183523e-06,0.3198061906443462,0.31554016410647967,0.0006236270118577605,0.002397093851856359,0.015810411348366124,4.667983380602317e-06,0.005789226397896805,4.667983380602317e-06,0.0007180664718592984,0.43672996055589897,0.128233386623117,1.611284053540059e-05,0.7283118735128553,0.006394390706040423,5.3769718028345396e-06,0.0026046005005381937,0.012282090557898206,0.12414296659719025,0.2511037819249252,8.984523548957633e-05,0.9810761838744239,0.005789226397896805,1.611284053540059e-05,0.0048246342420167196,0.0019964194472962904,0.36083257395367274,0.36398914840774543,0.0008644313159274573
16,0.4370007583864635,0.000977640144747578,0.19998767627373207,0.027603116399781077,0.024979552078815404,0.04770854753316151,0.4777512414491003,0.32707980882676,0.0013106386585036982,0.45683169759357095,0.6532994518146348,0.19998767627373207,0.027603116399781077,0.06515934416771603,0.17718574963149608,0.0028518915116970654,1.0,0.4124282682385797,0.061738085432304884,0.03158781974910319,0.0028518915116970654,0.0018791571495589856,0.6419136696016222,0.4259365735042915,0.681372031258618,0.0018051437336718185,0.383083167341897,0.4410434601986608,0.9206178752846149,0.0015923364120938796,0.26696096646012785,0.00299413011001753,0.0689062088488054,0.16348626415826242,0.08377156954039612,0.005114758404860755,0.046359559476765864,0.9474102702484404,0.007972903425803314,0.3492396764102893,0.5099817350021637,0.10119042014372313,0.04770854753316151,0.47793349937634044,0.0022100652600597934,0.4410434601986608,0.48448717256041607,0.04822543294809137,0.0016884149375545,0.4410434601986608,0.4948593132306333,0.48448717256041607,0.14585365242337145,0.0019179404635188155,0.4449855520387843,0.6848241730893482,0.17718574963149608,0.027603116399781077,0.5353606954088889,0.025815826127082636,0.07459402991260608,0.24375414105314047,0.007106282974265632,0.8844572071417265,0.9474102702484404,0.3136190372796463,0.9978148680236643,0.6532994518146348,0.008750681050877248,0.09084816513900759,0.4623936368231415,0.06177894065189461,0.06515934416771603,0.0610853842269965,0.30227105355137224,0.19908311825168507,0.07739403595064309,0.08449608237015027,0.0023427073337643754,0.08449608237015027,0.3136190372796463,0.10119042014372313,0.031380359811342136,0.43642823412302084,0.002032409921353563,0.9474102702484404,0.1303587199581816,0.17718574963149608,0.002272695788317141,0.32707980882676,0.05718423008840317,0.007972903425803314,0.004826113236652202,0.0023427073337643754,0.43642823412302084,0.14478768859209867,0.24375414105314047,0.13057769390757598,0.09698088686041656,0.003265064522426713
17,0.9945510962006189,4.428853959160576e-06,0.007946683275005738,0.0005417683728550813,0.01826120236390536,0.0011409361598066362,0.846429995384421,0.020450163812080754,1.202513945761569e-05,0.16437487198178147,0.3297706438079027,0.007946683275005738,0.0005417683728550813,0.0014441115783061652,0.036426857281224564,1.2368177342919432e-05,0.4124282682385797,1.0,0.0025315031968583257,0.0006415768790556566,1.2368177342919432e-05,1.2625351881576307e-05,0.09668237037788208,0.6253846488255316,0.10932045154078965,6.869166163447697e-06,0.9894819076195251,0.18485006980521426,0.2632283608949766,7.007716994191419e-05,0.07644372832126183,0.00012907673111914734,0.0044385018167298,0.021634112600893835,0.006934913377345224,0.000624785471673985,0.058920103609707446,0.2815041326741429,0.001742628542877301,0.22075611472631887,0.05314149599621521,0.002417664283085838,0.0011409361598066362,0.04458996079727362,6.501568054989531e-05,0.18485006980521426,0.21615540177868206,0.0010470904354099456,6.0032558390236546e-05,0.18485006980521426,0.27477156027720523,0.21615540177868206,0.004430810938485912,9.836259636570292e-06,0.5322207712404248,0.11160595638658553,0.036426857281224564,0.0005417683728550813,0.2613523213117162,0.01749168415646884,0.0014940363775576952,0.07042294184719178,0.000674408422752923,0.48178444257875463,0.2815041326741429,0.1340244930284558,0.37867745669918423,0.3297706438079027,7.414592472140725e-05,0.002111019884462742,0.6665288073449932,0.09503715155986804,0.0014441115783061652,0.0013255869187344673,0.14871176250751245,0.04430306476739405,0.0057045551927688695,0.15165772723876558,6.34654161629648e-05,0.15165772723876558,0.1340244930284558,0.002417664283085838,0.0008080093272174084,0.981856139843122,8.515185870678199e-06,0.2815041326741429,0.2647543376141411,0.036426857281224564,4.566328753257489e-05,0.020450163812080754,0.0013143192762296134,0.001742628542877301,2.596580685824536e-05,6.34654161629648e-05,0.981856139843122,0.02163344180038638,0.07042294184719178,0.003696772431500034,0.002412037614339801,0.00020902359763549144
18,0.002509940673499991,0.25369746614690625,0.1468067843920731,0.009673942346461564,0.05352280384871335,0.8594484976066665,0.0018984430612781404,0.11027620581070974,0.42788180179229773,0.2481327153448262,0.13302767150542233,0.1468067843920731,0.009673942346461564,0.6511390737878884,0.4720140868766147,0.05821413840037261,0.061738085432304884,0.0025315031968583257,1.0,0.011576800674669784,0.05821413840037261,0.39393851486351267,0.06008777141744829,0.0012046035376630443,0.06325315861055522,0.10946420141489464,0.002698151869514288,0.20666331526384232,0.056731987668148146,0.29069531485574984,0.3443096969670763,0.3982690054072673,0.9162515977588297,0.002919050335374482,0.8385093915283083,0.22622671687610454,0.027483596313445657,0.06330115055837549,0.15368986903644188,0.0012846082709301173,0.08128456442721353,0.2683712977628709,0.8594484976066665,0.09507819282613873,0.427613730556979,0.20666331526384232,0.18498323460825514,0.7798860414791389,0.3416500739315346,0.20666331526384232,0.13379900284005947,0.18498323460825514,0.23045035888768262,0.2807999329768264,0.0014074008850252283,0.06167495737623915,0.4720140868766147,0.009673942346461564,0.1569509747994727,0.060708357377043456,0.3070692767686444,0.0016824956642129442,0.3318385153328989,0.07799491725179672,0.06330115055837549,0.21144387437092052,0.066320101960174,0.13302767150542233,0.017857163862473817,0.42081168138792213,0.001524880599638036,0.02116119781158901,0.6511390737878884,0.6650020218519278,0.0012585667506563288,0.4418897595775573,0.8783957871443148,0.01682353556266035,0.4553326371454281,0.01682353556266035,0.21144387437092052,0.2683712977628709,0.005501837908469387,0.0022038415387437196,0.15510214817080836,0.06330115055837549,0.013578436150461016,0.4720140868766147,0.49973396787627367,0.11027620581070974,0.7634853260084065,0.15368986903644188,0.06243507044103133,0.4553326371454281,0.0022038415387437196,0.6099978881875808,0.0016824956642129442,0.33264318243876223,0.48784404125624903,0.31621079314607764
