,0,1,2,3,4,5,6,7,8,9,10,11,12,13,14,15,16,17,18,19,20,21,22,23,24,25,26,27,28,29,30,31,32,33,34,35,36,37,38,39,40,41,42,43,44,45,46,47,48,49,50,51,52,53,54,55,56,57,58,59,60,61,62,63,64,65,66,67,68,69,70,71,72,73,74,75,76,77,78,79,80,81,82,83,84,85,86,87,88,89,90,91,92,93,94,95,96,97,98,99
0,1.0,0.046,0.223,0.05,0.025,0.19,0.111,0.386,0.222,0.105,0.087,0.057,0.232,0.229,0.831,0.037,0.072,0.061,0.178,0.139,0.088,0.003,0.214,0.06,0.072,0.1,0.014,0.184,0.262,0.173,0.036,0.052,0.012,0.09,0.062,0.147,0.025,0.094,0.039,0.215,0.072,0.049,0.057,0.274,0.119,0.187,0.176,0.17,0.033,0.002,0.199,0.211,0.083,0.81,0.227,0.071,0.17,0.181,0.202,0.061,0.045,0.379,0.054,0.234,0.151,0.318,0.373,0.16,0.191,0.726,0.053,0.102,0.454,0.028,0.03,0.064,0.257,0.182,0.076,0.207,0.039,0.266,0.166,0.539,0.038,0.016,0.163,0.097,0.023,0.047,0.09,0.145,0.798,0.016,0.063,0.06,0.2,0.104,0.181,0.156
1,0.046,1.0,0.03,0.19,0.012,0.43,0.166,0.314,0.337,0.022,0.04,0.052,0.343,0.362,0.157,0.009,0.129,0.08,0.027,0.015,0.003,0.004,0.057,0.122,0.004,0.016,0.026,0.042,0.68,0.089,0.01,0.007,0.034,0.137,0.02,0.15,0.027,0.054,0.001,0.004,0.003,0.068,0.013,0.079,0.037,0.219,0.233,0.07,0.04,0.042,0.296,0.005,0.012,0.057,0.03,0.003,0.333,0.006,0.03,0.004,0.024,0.138,0.044,0.01,0.231,0.081,0.36,0.265,0.069,0.114,0.239,0.02,0.372,0.0,0.067,0.142,0.003,0.046,0.003,0.417,0.066,0.002,0.832,0.363,0.001,0.097,0.258,0.86,0.0,0.951,0.006,0.012,0.077,0.015,0.014,0.14,0.36,0.038,0.063,0.067
2,0.223,0.03,1.0,0.025,0.117,0.008,0.024,0.3,0.005,0.049,0.072,0.262,0.202,0.192,0.109,0.116,0.027,0.219,0.021,0.069,0.33,0.232,0.052,0.017,0.166,0.059,0.184,0.053,0.007,0.011,0.248,0.261,0.037,0.035,0.015,0.026,0.268,0.106,0.1,0.222,0.172,0.033,0.378,0.009,0.023,0.118,0.011,0.253,0.047,0.042,0.086,0.192,0.361,0.318,0.019,0.231,0.032,0.38,0.177,0.172,0.296,0.206,0.021,0.257,0.002,0.0,0.111,0.134,0.067,0.216,0.008,0.042,0.015,0.05,0.03,0.026,0.293,0.306,0.013,0.012,0.012,0.273,0.005,0.019,0.096,0.054,0.098,0.097,0.057,0.054,0.018,0.11,0.1,0.152,0.2,0.029,0.004,0.025,0.071,0.223
3,0.05,0.19,0.025,1.0,0.021,0.141,0.196,0.023,0.072,0.192,0.065,0.517,0.021,0.016,0.04,0.026,0.03,0.689,0.092,0.005,0.041,0.002,0.21,0.023,0.115,0.192,0.035,0.188,0.166,0.002,0.009,0.027,0.12,0.835,0.001,0.101,0.005,0.075,0.109,0.004,0.114,0.001,0.091,0.111,0.021,0.285,0.135,0.065,0.002,0.178,0.013,0.006,0.012,0.042,0.061,0.072,0.126,0.003,0.039,0.119,0.228,0.51,0.003,0.022,0.019,0.008,0.074,0.284,0.023,0.009,0.025,0.187,0.058,0.152,0.003,0.027,0.012,0.056,0.01,0.163,0.116,0.019,0.123,0.066,0.084,0.045,0.263,0.286,0.148,0.264,0.018,0.003,0.011,0.115,0.089,0.022,0.078,0.044,0.011,0.09
4,0.025,0.012,0.117,0.021,1.0,0.005,0.053,0.001,0.0,0.002,0.198,0.194,0.017,0.016,0.063,1.0,0.045,0.136,0.0,0.001,0.163,0.044,0.001,0.028,0.273,0.0,0.825,0.0,0.018,0.097,0.119,0.7,0.117,0.001,0.022,0.0,0.127,0.189,0.523,0.004,0.233,0.072,0.006,0.002,0.488,0.006,0.018,0.113,0.037,0.159,0.004,0.005,0.099,0.007,0.0,0.212,0.001,0.002,0.158,0.234,0.05,0.009,0.016,0.051,0.039,0.123,0.0,0.005,0.053,0.039,0.038,0.001,0.057,0.49,0.05,0.035,0.009,0.203,0.002,0.007,0.069,0.059,0.009,0.059,0.522,0.027,0.003,0.001,0.47,0.006,0.001,0.004,0.082,0.646,0.197,0.04,0.0,0.0,0.052,0.092
5,0.19,0.43,0.008,0.141,0.005,1.0,0.711,0.078,0.85,0.046,0.168,0.044,0.076,0.073,0.134,0.005,0.03,0.055,0.207,0.059,0.176,0.026,0.122,0.043,0.171,0.059,0.019,0.134,0.165,0.022,0.124,0.003,0.0,0.055,0.146,0.463,0.126,0.174,0.013,0.01,0.162,0.004,0.108,0.281,0.022,0.009,0.903,0.092,0.029,0.002,0.064,0.001,0.189,0.16,0.181,0.167,0.036,0.058,0.033,0.159,0.128,0.128,0.09,0.036,0.128,0.06,0.095,0.013,0.026,0.158,0.138,0.043,0.155,0.032,0.031,0.023,0.025,0.0,0.289,1.0,0.423,0.018,0.632,0.147,0.014,0.152,0.012,0.543,0.035,0.412,0.254,0.025,0.121,0.145,0.2,0.032,0.855,0.022,0.023,0.07
6,0.111,0.166,0.024,0.196,0.053,0.711,1.0,0.005,0.319,0.126,0.169,0.089,0.007,0.008,0.097,0.056,0.044,0.126,0.078,0.01,0.136,0.159,0.148,0.046,0.069,0.117,0.072,0.174,0.191,0.133,0.256,0.074,0.246,0.055,0.449,0.383,0.26,0.161,0.095,0.165,0.063,0.105,0.145,0.231,0.061,0.032,0.886,0.145,0.065,0.207,0.029,0.12,0.195,0.048,0.087,0.108,0.166,0.287,0.177,0.068,0.223,0.129,0.292,0.199,0.004,0.108,0.096,0.039,0.026,0.025,0.037,0.121,0.05,0.199,0.058,0.06,0.22,0.001,0.053,0.695,0.903,0.193,0.189,0.064,0.107,0.077,0.037,0.303,0.174,0.191,0.041,0.025,0.075,0.181,0.15,0.064,0.313,0.088,0.046,0.134
7,0.386,0.314,0.3,0.023,0.001,0.078,0.005,1.0,0.137,0.219,0.018,0.039,0.89,0.878,0.129,0.006,0.034,0.037,0.179,0.12,0.164,0.002,0.17,0.051,0.044,0.207,0.015,0.188,0.113,0.122,0.101,0.009,0.044,0.024,0.092,0.06,0.071,0.023,0.012,0.136,0.033,0.197,0.204,0.022,0.067,0.463,0.019,0.11,0.194,0.058,0.259,0.125,0.186,0.808,0.187,0.1,0.313,0.22,0.165,0.043,0.085,0.327,0.106,0.212,0.215,0.113,0.256,0.46,0.027,0.726,0.068,0.207,0.047,0.007,0.21,0.048,0.181,0.08,0.146,0.076,0.01,0.205,0.158,0.048,0.011,0.016,0.476,0.446,0.012,0.438,0.155,0.13,0.281,0.002,0.024,0.036,0.119,0.048,0.024,0.147
8,0.222,0.337,0.005,0.072,0.0,0.85,0.319,0.137,1.0,0.039,0.079,0.017,0.089,0.093,0.175,0.0,0.06,0.031,0.337,0.211,0.227,0.005,0.13,0.115,0.206,0.038,0.011,0.114,0.076,0.08,0.033,0.001,0.045,0.043,0.107,0.365,0.029,0.078,0.026,0.017,0.205,0.185,0.096,0.253,0.059,0.063,0.639,0.102,0.23,0.048,0.038,0.029,0.185,0.221,0.347,0.254,0.035,0.008,0.041,0.199,0.027,0.065,0.074,0.02,0.425,0.041,0.06,0.066,0.064,0.176,0.149,0.045,0.287,0.014,0.255,0.072,0.007,0.009,0.543,0.824,0.141,0.017,0.72,0.251,0.029,0.232,0.059,0.32,0.021,0.285,0.546,0.126,0.105,0.108,0.181,0.072,1.0,0.047,0.069,0.102
9,0.105,0.022,0.049,0.192,0.002,0.046,0.126,0.219,0.039,1.0,0.263,0.379,0.166,0.169,0.013,0.0,0.09,0.332,0.293,0.195,0.129,0.081,0.556,0.1,0.074,1.0,0.006,0.586,0.176,0.223,0.35,0.003,0.183,0.135,0.214,0.295,0.368,0.242,0.001,0.238,0.086,0.275,0.029,0.339,0.009,0.354,0.115,0.294,0.276,0.144,0.205,0.251,0.161,0.235,0.319,0.059,0.219,0.232,0.038,0.077,0.003,0.323,0.177,0.12,0.111,0.179,0.162,0.339,0.118,0.044,0.019,1.0,0.024,0.002,0.254,0.082,0.174,0.156,0.12,0.052,0.193,0.12,0.0,0.018,0.002,0.001,0.321,0.01,0.004,0.023,0.144,0.236,0.002,0.001,0.198,0.091,0.037,0.195,0.135,0.271
10,0.087,0.04,0.072,0.065,0.198,0.168,0.169,0.018,0.079,0.263,1.0,0.167,0.126,0.131,0.243,0.18,0.006,0.162,0.01,0.03,0.456,0.037,0.336,0.003,0.635,0.252,0.149,0.35,0.04,0.584,0.764,0.33,0.014,0.08,0.049,0.14,0.783,1.0,0.024,0.093,0.626,0.376,0.021,0.367,0.167,0.122,0.187,0.122,0.287,0.011,0.229,0.081,0.487,0.015,0.014,0.48,0.014,0.183,0.01,0.607,0.029,0.014,0.02,0.015,0.12,0.681,0.139,0.115,0.006,0.181,0.001,0.253,0.148,0.016,0.262,0.008,0.044,0.07,0.001,0.159,0.1,0.011,0.066,0.165,0.026,0.072,0.119,0.049,0.015,0.053,0.0,0.046,0.347,0.034,0.83,0.011,0.067,0.001,0.003,0.105
11,0.057,0.052,0.262,0.517,0.194,0.044,0.089,0.039,0.017,0.379,0.167,1.0,0.003,0.003,0.013,0.161,0.01,0.97,0.049,0.006,0.055,0.099,0.114,0.005,0.1,0.355,0.081,0.1,0.105,0.06,0.137,0.175,0.124,0.287,0.008,0.168,0.109,0.171,0.254,0.013,0.086,0.022,0.002,0.031,0.047,0.125,0.047,0.005,0.022,0.18,0.014,0.011,0.067,0.102,0.051,0.062,0.061,0.028,0.013,0.08,0.033,0.57,0.016,0.0,0.006,0.062,0.011,0.124,0.002,0.004,0.028,0.342,0.013,0.262,0.026,0.01,0.006,0.354,0.008,0.046,0.08,0.0,0.034,0.006,0.278,0.028,0.108,0.094,0.284,0.083,0.004,0.004,0.004,0.256,0.163,0.013,0.019,0.032,0.001,0.001
12,0.232,0.343,0.202,0.021,0.017,0.076,0.007,0.89,0.089,0.166,0.126,0.003,1.0,1.0,0.08,0.021,0.055,0.001,0.131,0.063,0.039,0.003,0.026,0.051,0.008,0.186,0.047,0.027,0.171,0.184,0.067,0.024,0.02,0.15,0.068,0.097,0.075,0.125,0.016,0.081,0.007,0.232,0.259,0.032,0.11,0.187,0.013,0.204,0.205,0.014,0.298,0.078,0.078,0.557,0.116,0.013,0.244,0.153,0.202,0.011,0.103,0.152,0.078,0.18,0.201,0.241,0.22,0.202,0.008,0.695,0.135,0.177,0.077,0.027,0.219,0.034,0.105,0.089,0.099,0.088,0.018,0.144,0.216,0.056,0.015,0.005,0.181,0.359,0.024,0.423,0.09,0.072,0.278,0.014,0.02,0.046,0.097,0.042,0.009,0.193
13,0.229,0.362,0.192,0.016,0.016,0.073,0.008,0.878,0.093,0.169,0.131,0.003,1.0,1.0,0.081,0.018,0.035,0.0,0.132,0.063,0.033,0.003,0.022,0.046,0.009,0.177,0.046,0.031,0.154,0.18,0.066,0.022,0.014,0.141,0.057,0.119,0.073,0.146,0.009,0.089,0.007,0.235,0.284,0.029,0.079,0.212,0.011,0.208,0.219,0.016,0.332,0.073,0.071,0.568,0.139,0.024,0.269,0.149,0.191,0.008,0.097,0.149,0.075,0.166,0.195,0.208,0.223,0.236,0.005,0.69,0.108,0.172,0.086,0.019,0.234,0.039,0.12,0.067,0.085,0.076,0.011,0.12,0.216,0.068,0.013,0.002,0.211,0.375,0.016,0.41,0.105,0.059,0.265,0.013,0.009,0.063,0.102,0.044,0.011,0.23
14,0.831,0.157,0.109,0.04,0.063,0.134,0.097,0.129,0.175,0.013,0.243,0.013,0.08,0.081,1.0,0.063,0.091,0.015,0.142,0.033,0.043,0.026,0.138,0.089,0.067,0.016,0.029,0.133,0.361,0.514,0.07,0.072,0.0,0.068,0.013,0.084,0.069,0.214,0.029,0.096,0.057,0.25,0.014,0.274,0.132,0.05,0.098,0.181,0.135,0.003,0.281,0.084,0.027,0.506,0.124,0.047,0.079,0.038,0.134,0.052,0.012,0.212,0.027,0.126,0.358,0.624,0.385,0.049,0.175,0.53,0.098,0.018,0.822,0.008,0.148,0.104,0.12,0.06,0.019,0.15,0.024,0.16,0.319,0.859,0.026,0.074,0.05,0.093,0.01,0.086,0.016,0.052,0.901,0.007,0.076,0.084,0.144,0.077,0.17,0.191
15,0.037,0.009,0.116,0.026,1.0,0.005,0.056,0.006,0.0,0.0,0.18,0.161,0.021,0.018,0.063,1.0,0.029,0.126,0.0,0.008,0.181,0.043,0.0,0.039,0.242,0.0,0.802,0.0,0.024,0.101,0.124,0.701,0.117,0.0,0.029,0.0,0.117,0.161,0.515,0.003,0.262,0.063,0.01,0.001,0.475,0.002,0.026,0.102,0.03,0.141,0.003,0.002,0.1,0.009,0.0,0.218,0.005,0.001,0.174,0.255,0.043,0.007,0.018,0.053,0.043,0.107,0.0,0.003,0.051,0.034,0.033,0.0,0.06,0.459,0.047,0.033,0.007,0.202,0.002,0.008,0.081,0.054,0.009,0.058,0.504,0.036,0.001,0.001,0.469,0.003,0.001,0.002,0.064,0.663,0.228,0.042,0.0,0.0,0.053,0.101
16,0.072,0.129,0.027,0.03,0.045,0.03,0.044,0.034,0.06,0.09,0.006,0.01,0.055,0.035,0.091,0.029,1.0,0.012,0.095,0.7,0.115,0.04,0.105,0.988,0.021,0.084,0.229,0.114,0.263,0.007,0.07,0.002,0.273,0.006,0.297,0.051,0.064,0.007,0.078,0.409,0.025,0.035,0.221,0.117,0.077,0.094,0.085,0.009,0.103,0.203,0.106,0.452,0.142,0.015,0.105,0.08,0.205,0.27,0.225,0.017,0.106,0.005,0.327,0.303,0.006,0.002,0.081,0.096,0.867,0.001,0.017,0.082,0.08,0.042,0.102,1.0,0.327,0.119,0.567,0.039,0.076,0.302,0.02,0.075,0.096,0.04,0.1,0.05,0.038,0.11,0.557,0.612,0.033,0.013,0.028,1.0,0.079,0.257,0.858,0.01
17,0.061,0.08,0.219,0.689,0.136,0.055,0.126,0.037,0.031,0.332,0.162,0.97,0.001,0.0,0.015,0.126,0.012,1.0,0.031,0.001,0.067,0.055,0.143,0.014,0.126,0.347,0.06,0.159,0.086,0.035,0.114,0.147,0.112,0.39,0.018,0.146,0.078,0.179,0.265,0.002,0.122,0.011,0.003,0.061,0.064,0.178,0.067,0.006,0.006,0.167,0.018,0.001,0.056,0.082,0.036,0.085,0.057,0.012,0.019,0.117,0.078,0.619,0.017,0.001,0.002,0.041,0.0,0.171,0.006,0.003,0.011,0.328,0.014,0.298,0.009,0.014,0.001,0.226,0.009,0.059,0.097,0.0,0.057,0.01,0.263,0.048,0.155,0.166,0.296,0.123,0.008,0.0,0.0,0.231,0.154,0.012,0.025,0.037,0.005,0.019
18,0.178,0.027,0.021,0.092,0.0,0.207,0.078,0.179,0.337,0.293,0.01,0.049,0.131,0.132,0.142,0.0,0.095,0.031,1.0,0.182,0.085,0.177,0.34,0.107,0.132,0.306,0.002,0.373,0.017,0.115,0.008,0.016,0.202,0.063,0.13,0.556,0.002,0.012,0.002,0.076,0.134,0.205,0.009,0.445,0.024,0.329,0.177,0.009,0.23,0.204,0.073,0.089,0.079,0.24,1.0,0.117,0.381,0.051,0.042,0.138,0.0,0.041,0.117,0.058,0.3,0.078,0.019,0.301,0.067,0.215,0.078,0.302,0.173,0.001,0.233,0.089,0.046,0.032,0.31,0.216,0.101,0.054,0.184,0.142,0.0,0.002,0.295,0.045,0.0,0.021,0.316,0.121,0.147,0.0,0.065,0.083,0.355,0.068,0.087,0.007
19,0.139,0.015,0.069,0.005,0.001,0.059,0.01,0.12,0.211,0.195,0.03,0.006,0.063,0.063,0.033,0.008,0.7,0.001,0.182,1.0,0.04,0.037,0.126,0.783,0.011,0.205,0.076,0.146,0.168,0.115,0.162,0.002,0.495,0.002,0.146,0.061,0.154,0.019,0.16,0.682,0.016,0.348,0.137,0.137,0.168,0.091,0.029,0.019,0.505,0.432,0.081,0.79,0.034,0.126,0.178,0.045,0.242,0.364,0.261,0.012,0.089,0.02,0.202,0.374,0.258,0.025,0.098,0.097,0.799,0.051,0.006,0.216,0.001,0.137,0.509,0.691,0.492,0.283,0.806,0.05,0.084,0.439,0.022,0.0,0.195,0.071,0.092,0.0,0.115,0.013,0.83,0.971,0.012,0.046,0.003,0.715,0.176,0.28,0.806,0.014
20,0.088,0.003,0.33,0.041,0.163,0.176,0.136,0.164,0.227,0.129,0.456,0.055,0.039,0.033,0.043,0.181,0.115,0.067,0.085,0.04,1.0,0.023,0.355,0.102,0.872,0.093,0.083,0.353,0.058,0.056,0.537,0.194,0.007,0.007,0.182,0.048,0.527,0.473,0.102,0.126,0.871,0.019,0.397,0.243,0.083,0.375,0.217,0.054,0.002,0.003,0.14,0.094,0.958,0.139,0.08,0.973,0.215,0.357,0.124,0.862,0.169,0.072,0.177,0.207,0.013,0.09,0.206,0.379,0.077,0.051,0.047,0.095,0.015,0.069,0.003,0.126,0.21,0.0,0.164,0.193,0.154,0.163,0.048,0.015,0.108,0.036,0.364,0.007,0.087,0.008,0.161,0.02,0.036,0.039,0.824,0.112,0.213,0.078,0.088,0.073
21,0.003,0.004,0.232,0.002,0.044,0.026,0.159,0.002,0.005,0.081,0.037,0.099,0.003,0.003,0.026,0.043,0.04,0.055,0.177,0.037,0.023,1.0,0.059,0.045,0.055,0.097,0.024,0.074,0.0,0.013,0.009,0.435,0.299,0.057,0.475,0.236,0.005,0.035,0.002,0.055,0.05,0.003,0.03,0.09,0.146,0.045,0.086,0.291,0.0,0.25,0.073,0.058,0.011,0.0,0.175,0.043,0.056,0.02,0.083,0.053,0.129,0.001,0.499,0.074,0.004,0.034,0.033,0.045,0.044,0.002,0.068,0.099,0.021,0.002,0.0,0.05,0.061,0.04,0.013,0.015,0.312,0.092,0.011,0.019,0.002,0.017,0.048,0.001,0.002,0.002,0.023,0.056,0.014,0.0,0.045,0.05,0.006,0.509,0.057,0.308
22,0.214,0.057,0.052,0.21,0.001,0.122,0.148,0.17,0.13,0.556,0.336,0.114,0.026,0.022,0.138,0.0,0.105,0.143,0.34,0.126,0.355,0.059,1.0,0.109,0.414,0.549,0.003,1.0,0.23,0.078,0.324,0.001,0.202,0.168,0.239,0.416,0.337,0.347,0.008,0.149,0.432,0.049,0.017,0.816,0.002,0.766,0.202,0.18,0.055,0.221,0.212,0.165,0.36,0.23,0.355,0.367,0.412,0.189,0.037,0.412,0.0,0.225,0.215,0.118,0.002,0.115,0.257,0.762,0.111,0.057,0.013,0.55,0.053,0.006,0.067,0.108,0.154,0.03,0.14,0.125,0.212,0.09,0.019,0.06,0.005,0.003,0.767,0.033,0.001,0.064,0.129,0.137,0.099,0.001,0.436,0.097,0.123,0.129,0.101,0.162
23,0.06,0.122,0.017,0.023,0.028,0.043,0.046,0.051,0.115,0.1,0.003,0.005,0.051,0.046,0.089,0.039,0.988,0.014,0.107,0.783,0.102,0.045,0.109,1.0,0.028,0.1,0.202,0.119,0.251,0.004,0.061,0.001,0.264,0.005,0.268,0.059,0.068,0.004,0.082,0.402,0.031,0.067,0.218,0.14,0.085,0.115,0.113,0.003,0.136,0.241,0.113,0.469,0.136,0.032,0.105,0.06,0.231,0.231,0.252,0.024,0.08,0.006,0.321,0.289,0.03,0.002,0.111,0.111,0.874,0.002,0.025,0.098,0.056,0.049,0.132,0.993,0.32,0.14,0.688,0.046,0.08,0.334,0.014,0.062,0.11,0.008,0.116,0.036,0.047,0.092,0.661,0.648,0.025,0.022,0.021,0.985,0.099,0.283,0.883,0.007
24,0.072,0.004,0.166,0.115,0.273,0.171,0.069,0.044,0.206,0.074,0.635,0.1,0.008,0.009,0.067,0.242,0.021,0.126,0.132,0.011,0.872,0.055,0.414,0.028,1.0,0.078,0.172,0.416,0.021,0.066,0.437,0.295,0.001,0.066,0.059,0.084,0.455,0.619,0.087,0.033,1.0,0.009,0.1,0.38,0.104,0.298,0.146,0.132,0.0,0.003,0.111,0.022,0.73,0.071,0.141,0.945,0.176,0.161,0.021,1.0,0.05,0.071,0.05,0.054,0.031,0.142,0.125,0.335,0.016,0.061,0.011,0.078,0.033,0.064,0.0,0.027,0.05,0.005,0.111,0.153,0.057,0.038,0.081,0.035,0.089,0.032,0.27,0.0,0.068,0.0,0.109,0.006,0.108,0.077,0.906,0.026,0.222,0.02,0.013,0.109
25,0.1,0.016,0.059,0.192,0.0,0.059,0.117,0.207,0.038,1.0,0.252,0.355,0.186,0.177,0.016,0.0,0.084,0.347,0.306,0.205,0.093,0.097,0.549,0.1,0.078,1.0,0.007,0.526,0.162,0.216,0.372,0.005,0.198,0.137,0.219,0.328,0.368,0.267,0.001,0.229,0.074,0.28,0.035,0.339,0.011,0.343,0.112,0.29,0.273,0.137,0.205,0.252,0.139,0.221,0.282,0.079,0.244,0.224,0.047,0.086,0.005,0.307,0.177,0.137,0.115,0.179,0.163,0.331,0.135,0.039,0.024,1.0,0.028,0.007,0.263,0.077,0.18,0.128,0.123,0.051,0.191,0.119,0.0,0.025,0.006,0.007,0.338,0.015,0.006,0.019,0.124,0.23,0.007,0.001,0.193,0.073,0.025,0.184,0.136,0.249
26,0.014,0.026,0.184,0.035,0.825,0.019,0.072,0.015,0.011,0.006,0.149,0.081,0.047,0.046,0.029,0.802,0.229,0.06,0.002,0.076,0.083,0.024,0.003,0.202,0.172,0.007,1.0,0.008,0.046,0.09,0.166,0.571,0.03,0.023,0.078,0.001,0.168,0.161,0.211,0.052,0.179,0.073,0.166,0.018,0.289,0.009,0.068,0.146,0.066,0.028,0.043,0.054,0.09,0.006,0.003,0.125,0.002,0.095,0.107,0.189,0.074,0.001,0.062,0.045,0.044,0.078,0.009,0.006,0.123,0.027,0.014,0.016,0.046,0.18,0.08,0.201,0.045,0.222,0.076,0.012,0.063,0.03,0.009,0.06,0.213,0.058,0.006,0.002,0.194,0.012,0.078,0.056,0.036,0.553,0.173,0.224,0.011,0.027,0.13,0.143
27,0.184,0.042,0.053,0.188,0.0,0.134,0.174,0.188,0.114,0.586,0.35,0.1,0.027,0.031,0.133,0.0,0.114,0.159,0.373,0.146,0.353,0.074,1.0,0.119,0.416,0.526,0.008,1.0,0.227,0.105,0.357,0.0,0.209,0.175,0.255,0.427,0.37,0.347,0.01,0.164,0.443,0.063,0.019,0.814,0.005,0.779,0.203,0.173,0.063,0.203,0.201,0.154,0.356,0.247,0.321,0.386,0.433,0.208,0.05,0.401,0.004,0.213,0.231,0.1,0.004,0.112,0.247,0.775,0.106,0.045,0.016,0.559,0.045,0.003,0.077,0.089,0.162,0.029,0.136,0.15,0.224,0.113,0.019,0.073,0.007,0.001,0.76,0.035,0.004,0.046,0.136,0.123,0.095,0.0,0.451,0.101,0.137,0.141,0.109,0.193
28,0.262,0.68,0.007,0.166,0.018,0.165,0.191,0.113,0.076,0.176,0.04,0.105,0.171,0.154,0.361,0.024,0.263,0.086,0.017,0.168,0.058,0.0,0.23,0.251,0.021,0.162,0.046,0.227,1.0,0.084,0.063,0.002,0.053,0.178,0.04,0.147,0.074,0.05,0.006,0.086,0.021,0.054,0.052,0.265,0.008,0.226,0.117,0.039,0.045,0.053,0.467,0.111,0.061,0.076,0.021,0.066,0.661,0.053,0.005,0.028,0.039,0.045,0.025,0.019,0.079,0.073,0.678,0.211,0.249,0.008,0.245,0.186,0.432,0.007,0.05,0.299,0.055,0.207,0.084,0.167,0.129,0.033,0.425,0.443,0.009,0.04,0.211,0.368,0.003,0.569,0.086,0.173,0.146,0.005,0.042,0.308,0.093,0.0,0.24,0.041
29,0.173,0.089,0.011,0.002,0.097,0.022,0.133,0.122,0.08,0.223,0.584,0.06,0.184,0.18,0.514,0.101,0.007,0.035,0.115,0.115,0.056,0.013,0.078,0.004,0.066,0.216,0.09,0.105,0.084,1.0,0.524,0.119,0.075,0.01,0.018,0.014,0.537,0.604,0.001,0.09,0.072,0.887,0.014,0.085,0.129,0.019,0.054,0.172,0.785,0.065,0.165,0.096,0.105,0.083,0.122,0.031,0.032,0.15,0.018,0.072,0.035,0.018,0.005,0.008,0.73,0.919,0.107,0.016,0.002,0.263,0.018,0.242,0.617,0.006,0.762,0.001,0.052,0.116,0.123,0.016,0.122,0.006,0.134,0.612,0.001,0.271,0.009,0.065,0.01,0.059,0.118,0.135,0.554,0.002,0.277,0.005,0.07,0.002,0.0,0.177
30,0.036,0.01,0.248,0.009,0.119,0.124,0.256,0.101,0.033,0.35,0.764,0.137,0.067,0.066,0.07,0.124,0.07,0.114,0.008,0.162,0.537,0.009,0.324,0.061,0.437,0.372,0.166,0.357,0.063,0.524,1.0,0.153,0.087,0.007,0.225,0.085,1.0,0.767,0.039,0.412,0.447,0.493,0.162,0.228,0.024,0.192,0.222,0.012,0.431,0.088,0.226,0.404,0.652,0.058,0.01,0.431,0.062,0.644,0.097,0.459,0.225,0.04,0.16,0.283,0.177,0.459,0.222,0.181,0.107,0.004,0.001,0.354,0.078,0.027,0.45,0.078,0.403,0.206,0.02,0.14,0.3,0.241,0.005,0.103,0.032,0.154,0.21,0.014,0.03,0.013,0.017,0.219,0.095,0.003,0.744,0.083,0.033,0.077,0.103,0.028
31,0.052,0.007,0.261,0.027,0.7,0.003,0.074,0.009,0.001,0.003,0.33,0.175,0.024,0.022,0.072,0.701,0.002,0.147,0.016,0.002,0.194,0.435,0.001,0.001,0.295,0.005,0.571,0.0,0.002,0.119,0.153,1.0,0.169,0.001,0.189,0.005,0.162,0.294,0.294,0.011,0.277,0.045,0.02,0.009,0.465,0.013,0.024,0.18,0.03,0.133,0.0,0.005,0.137,0.018,0.01,0.246,0.01,0.0,0.175,0.269,0.014,0.001,0.172,0.069,0.017,0.17,0.004,0.009,0.012,0.09,0.015,0.008,0.025,0.243,0.033,0.002,0.017,0.088,0.0,0.006,0.153,0.066,0.005,0.029,0.328,0.033,0.013,0.014,0.236,0.014,0.001,0.01,0.108,0.358,0.301,0.004,0.0,0.128,0.018,0.183
32,0.012,0.034,0.037,0.12,0.117,0.0,0.246,0.044,0.045,0.183,0.014,0.124,0.02,0.014,0.0,0.117,0.273,0.112,0.202,0.495,0.007,0.299,0.202,0.264,0.001,0.198,0.03,0.209,0.053,0.075,0.087,0.169,1.0,0.108,0.294,0.117,0.105,0.012,0.244,0.46,0.001,0.188,0.026,0.166,0.171,0.166,0.049,0.243,0.281,0.983,0.0,0.496,0.024,0.03,0.195,0.002,0.188,0.287,0.27,0.001,0.049,0.016,0.257,0.311,0.157,0.023,0.016,0.186,0.405,0.01,0.061,0.202,0.018,0.224,0.275,0.24,0.408,0.013,0.284,0.0,0.412,0.378,0.023,0.012,0.21,0.002,0.176,0.019,0.193,0.032,0.295,0.493,0.0,0.156,0.009,0.24,0.035,0.357,0.394,0.227
33,0.09,0.137,0.035,0.835,0.001,0.055,0.055,0.024,0.043,0.135,0.08,0.287,0.15,0.141,0.068,0.0,0.006,0.39,0.063,0.002,0.007,0.057,0.168,0.005,0.066,0.137,0.023,0.175,0.178,0.01,0.007,0.001,0.108,1.0,0.0,0.13,0.009,0.061,0.028,0.013,0.08,0.001,0.203,0.144,0.017,0.153,0.043,0.243,0.0,0.144,0.093,0.009,0.003,0.046,0.076,0.032,0.129,0.022,0.056,0.063,0.275,0.281,0.002,0.026,0.006,0.026,0.168,0.147,0.006,0.088,0.057,0.155,0.052,0.062,0.0,0.005,0.023,0.115,0.001,0.065,0.019,0.033,0.093,0.045,0.039,0.021,0.181,0.119,0.069,0.134,0.005,0.0,0.057,0.03,0.049,0.013,0.04,0.021,0.007,0.242
34,0.062,0.02,0.015,0.001,0.022,0.146,0.449,0.092,0.107,0.214,0.049,0.008,0.068,0.057,0.013,0.029,0.297,0.018,0.13,0.146,0.182,0.475,0.239,0.268,0.059,0.219,0.078,0.255,0.04,0.018,0.225,0.189,0.294,0.0,1.0,0.172,0.22,0.043,0.041,0.42,0.061,0.045,0.202,0.147,0.318,0.264,0.385,0.124,0.051,0.258,0.017,0.355,0.262,0.114,0.113,0.1,0.116,0.525,0.534,0.059,0.063,0.044,0.974,0.579,0.007,0.005,0.041,0.219,0.213,0.06,0.022,0.201,0.0,0.046,0.049,0.29,0.514,0.005,0.125,0.161,0.661,0.563,0.001,0.0,0.044,0.0,0.239,0.015,0.038,0.029,0.126,0.206,0.02,0.003,0.101,0.276,0.111,0.722,0.226,0.132
35,0.147,0.15,0.026,0.101,0.0,0.463,0.383,0.06,0.365,0.295,0.14,0.168,0.097,0.119,0.084,0.0,0.051,0.146,0.556,0.061,0.048,0.236,0.416,0.059,0.084,0.328,0.001,0.427,0.147,0.014,0.085,0.005,0.117,0.13,0.172,1.0,0.068,0.134,0.005,0.039,0.087,0.001,0.007,0.71,0.005,0.095,0.449,0.195,0.011,0.087,0.064,0.067,0.035,0.106,0.538,0.068,0.137,0.038,0.003,0.095,0.016,0.101,0.118,0.028,0.043,0.035,0.051,0.106,0.055,0.093,0.093,0.299,0.073,0.0,0.01,0.053,0.044,0.025,0.121,0.432,0.258,0.032,0.279,0.066,0.001,0.006,0.093,0.21,0.005,0.146,0.114,0.054,0.078,0.0,0.123,0.05,0.338,0.076,0.062,0.18
36,0.025,0.027,0.268,0.005,0.127,0.126,0.26,0.071,0.029,0.368,0.783,0.109,0.075,0.073,0.069,0.117,0.064,0.078,0.002,0.154,0.527,0.005,0.337,0.068,0.455,0.368,0.168,0.37,0.074,0.537,1.0,0.162,0.105,0.009,0.22,0.068,1.0,0.766,0.036,0.464,0.446,0.51,0.187,0.21,0.013,0.197,0.198,0.019,0.465,0.074,0.22,0.418,0.652,0.074,0.006,0.443,0.073,0.628,0.078,0.436,0.236,0.045,0.172,0.283,0.19,0.448,0.202,0.194,0.106,0.007,0.003,0.318,0.094,0.028,0.449,0.071,0.397,0.221,0.015,0.134,0.306,0.237,0.01,0.08,0.039,0.154,0.193,0.014,0.033,0.013,0.023,0.24,0.088,0.005,0.723,0.066,0.041,0.096,0.096,0.027
37,0.094,0.054,0.106,0.075,0.189,0.174,0.161,0.023,0.078,0.242,1.0,0.171,0.125,0.146,0.214,0.161,0.007,0.179,0.012,0.019,0.473,0.035,0.347,0.004,0.619,0.267,0.161,0.347,0.05,0.604,0.767,0.294,0.012,0.061,0.043,0.134,0.766,1.0,0.019,0.071,0.615,0.396,0.014,0.371,0.159,0.118,0.183,0.119,0.261,0.009,0.18,0.076,0.481,0.01,0.02,0.505,0.018,0.201,0.01,0.625,0.029,0.012,0.021,0.009,0.101,0.697,0.14,0.123,0.002,0.201,0.0,0.254,0.16,0.011,0.26,0.003,0.058,0.07,0.0,0.164,0.117,0.012,0.058,0.169,0.027,0.081,0.122,0.056,0.009,0.054,0.0,0.034,0.338,0.03,0.835,0.006,0.076,0.001,0.003,0.127
38,0.039,0.001,0.1,0.109,0.523,0.013,0.095,0.012,0.026,0.001,0.024,0.254,0.016,0.009,0.029,0.515,0.078,0.265,0.002,0.16,0.102,0.002,0.008,0.082,0.087,0.001,0.211,0.01,0.006,0.001,0.039,0.294,0.244,0.028,0.041,0.005,0.036,0.019,1.0,0.236,0.102,0.037,0.063,0.002,0.178,0.018,0.028,0.011,0.082,0.293,0.031,0.238,0.101,0.022,0.001,0.112,0.015,0.167,0.231,0.109,0.335,0.066,0.029,0.233,0.035,0.005,0.014,0.013,0.165,0.033,0.15,0.003,0.0,0.971,0.07,0.074,0.237,0.02,0.089,0.012,0.15,0.27,0.007,0.003,1.0,0.172,0.016,0.001,0.943,0.0,0.106,0.202,0.03,0.688,0.067,0.099,0.023,0.034,0.159,0.009
39,0.215,0.004,0.222,0.004,0.004,0.01,0.165,0.136,0.017,0.238,0.093,0.013,0.081,0.089,0.096,0.003,0.409,0.002,0.076,0.682,0.126,0.055,0.149,0.402,0.033,0.229,0.052,0.164,0.086,0.09,0.412,0.011,0.46,0.013,0.42,0.039,0.464,0.071,0.236,1.0,0.039,0.302,0.247,0.13,0.258,0.122,0.058,0.005,0.402,0.379,0.074,0.989,0.229,0.245,0.065,0.058,0.117,0.875,0.601,0.051,0.333,0.068,0.397,0.854,0.12,0.016,0.128,0.111,0.64,0.14,0.013,0.243,0.001,0.235,0.408,0.391,0.961,0.282,0.297,0.009,0.329,0.876,0.0,0.01,0.243,0.038,0.127,0.005,0.211,0.003,0.292,0.818,0.063,0.021,0.106,0.4,0.012,0.417,0.642,0.001
40,0.072,0.003,0.172,0.114,0.233,0.162,0.063,0.033,0.205,0.086,0.626,0.086,0.007,0.007,0.057,0.262,0.025,0.122,0.134,0.016,0.871,0.05,0.432,0.031,1.0,0.074,0.179,0.443,0.021,0.072,0.447,0.277,0.001,0.08,0.061,0.087,0.446,0.615,0.102,0.039,1.0,0.018,0.111,0.361,0.126,0.311,0.156,0.112,0.001,0.005,0.125,0.015,0.747,0.071,0.149,0.95,0.185,0.177,0.015,1.0,0.049,0.058,0.056,0.037,0.031,0.159,0.143,0.318,0.02,0.061,0.018,0.085,0.037,0.083,0.001,0.021,0.05,0.003,0.102,0.168,0.035,0.038,0.102,0.028,0.103,0.031,0.313,0.0,0.073,0.0,0.101,0.003,0.082,0.081,0.919,0.022,0.182,0.021,0.022,0.1
41,0.049,0.068,0.033,0.001,0.072,0.004,0.105,0.197,0.185,0.275,0.376,0.022,0.232,0.235,0.25,0.063,0.035,0.011,0.205,0.348,0.019,0.003,0.049,0.067,0.009,0.28,0.073,0.063,0.054,0.887,0.493,0.045,0.188,0.001,0.045,0.001,0.51,0.396,0.037,0.302,0.018,1.0,0.018,0.027,0.075,0.036,0.005,0.122,0.963,0.214,0.112,0.298,0.046,0.065,0.174,0.003,0.068,0.239,0.03,0.003,0.072,0.007,0.025,0.078,0.864,0.677,0.085,0.05,0.072,0.15,0.013,0.275,0.481,0.051,0.97,0.049,0.202,0.204,0.373,0.009,0.15,0.08,0.167,0.441,0.047,0.352,0.035,0.038,0.046,0.047,0.383,0.391,0.291,0.003,0.114,0.045,0.186,0.016,0.047,0.153
42,0.057,0.013,0.378,0.091,0.006,0.108,0.145,0.204,0.096,0.029,0.021,0.002,0.259,0.284,0.014,0.01,0.221,0.003,0.009,0.137,0.397,0.03,0.017,0.218,0.1,0.035,0.166,0.019,0.052,0.014,0.162,0.02,0.026,0.203,0.202,0.007,0.187,0.014,0.063,0.247,0.111,0.018,1.0,0.003,0.245,0.042,0.18,0.049,0.013,0.032,0.132,0.203,0.475,0.137,0.003,0.269,0.068,0.453,0.492,0.122,0.692,0.013,0.183,0.506,0.01,0.0,0.136,0.057,0.215,0.126,0.185,0.028,0.004,0.116,0.023,0.242,0.368,0.1,0.173,0.123,0.116,0.395,0.006,0.006,0.082,0.003,0.044,0.001,0.116,0.013,0.178,0.133,0.029,0.03,0.111,0.236,0.093,0.07,0.205,0.056
43,0.274,0.079,0.009,0.111,0.002,0.281,0.231,0.022,0.253,0.339,0.367,0.031,0.032,0.029,0.274,0.001,0.117,0.061,0.445,0.137,0.243,0.09,0.816,0.14,0.38,0.339,0.018,0.814,0.265,0.085,0.228,0.009,0.166,0.144,0.147,0.71,0.21,0.371,0.002,0.13,0.361,0.027,0.003,1.0,0.021,0.433,0.285,0.196,0.003,0.156,0.128,0.106,0.198,0.174,0.464,0.279,0.327,0.086,0.054,0.378,0.011,0.069,0.096,0.076,0.017,0.145,0.192,0.444,0.162,0.138,0.032,0.331,0.14,0.001,0.014,0.11,0.094,0.049,0.137,0.291,0.22,0.079,0.17,0.146,0.0,0.01,0.428,0.022,0.002,0.03,0.142,0.131,0.228,0.003,0.394,0.138,0.208,0.076,0.139,0.202
44,0.119,0.037,0.023,0.021,0.488,0.022,0.061,0.067,0.059,0.009,0.167,0.047,0.11,0.079,0.132,0.475,0.077,0.064,0.024,0.168,0.083,0.146,0.002,0.085,0.104,0.011,0.289,0.005,0.008,0.129,0.024,0.465,0.171,0.017,0.318,0.005,0.013,0.159,0.178,0.258,0.126,0.075,0.245,0.021,1.0,0.019,0.047,0.052,0.116,0.136,0.002,0.281,0.07,0.083,0.025,0.108,0.02,0.196,0.798,0.107,0.203,0.015,0.348,0.539,0.095,0.19,0.0,0.037,0.15,0.19,0.008,0.015,0.065,0.223,0.121,0.075,0.37,0.147,0.182,0.034,0.147,0.514,0.031,0.073,0.196,0.211,0.035,0.043,0.19,0.039,0.157,0.189,0.208,0.12,0.088,0.077,0.059,0.312,0.146,0.038
45,0.187,0.219,0.118,0.285,0.006,0.009,0.032,0.463,0.063,0.354,0.122,0.125,0.187,0.212,0.05,0.002,0.094,0.178,0.329,0.091,0.375,0.045,0.766,0.115,0.298,0.343,0.009,0.779,0.226,0.019,0.192,0.013,0.166,0.153,0.264,0.095,0.197,0.118,0.018,0.122,0.311,0.036,0.042,0.433,0.019,1.0,0.056,0.031,0.062,0.185,0.184,0.11,0.357,0.378,0.327,0.339,0.564,0.182,0.098,0.317,0.01,0.35,0.266,0.152,0.039,0.003,0.217,1.0,0.049,0.163,0.034,0.315,0.0,0.003,0.058,0.105,0.155,0.007,0.174,0.02,0.112,0.116,0.041,0.0,0.007,0.001,1.0,0.292,0.008,0.348,0.158,0.089,0.057,0.0,0.256,0.105,0.072,0.163,0.059,0.03
46,0.176,0.233,0.011,0.135,0.018,0.903,0.886,0.019,0.639,0.115,0.187,0.047,0.013,0.011,0.098,0.026,0.085,0.067,0.177,0.029,0.217,0.086,0.202,0.113,0.146,0.112,0.068,0.203,0.117,0.054,0.222,0.024,0.049,0.043,0.385,0.449,0.198,0.183,0.028,0.058,0.156,0.005,0.18,0.285,0.047,0.056,1.0,0.078,0.0,0.035,0.034,0.042,0.286,0.118,0.153,0.167,0.11,0.172,0.103,0.147,0.149,0.093,0.263,0.137,0.033,0.086,0.101,0.036,0.049,0.064,0.09,0.114,0.055,0.067,0.0,0.093,0.103,0.001,0.232,0.888,0.708,0.108,0.397,0.05,0.032,0.093,0.045,0.344,0.081,0.231,0.227,0.005,0.094,0.156,0.209,0.097,0.67,0.062,0.048,0.09
47,0.17,0.07,0.253,0.065,0.113,0.092,0.145,0.11,0.102,0.294,0.122,0.005,0.204,0.208,0.181,0.102,0.009,0.006,0.009,0.019,0.054,0.291,0.18,0.003,0.132,0.29,0.146,0.173,0.039,0.172,0.012,0.18,0.243,0.243,0.124,0.195,0.019,0.119,0.011,0.005,0.112,0.122,0.049,0.196,0.052,0.031,0.078,1.0,0.131,0.202,0.02,0.005,0.038,0.123,0.005,0.098,0.001,0.0,0.007,0.115,0.109,0.0,0.119,0.0,0.18,0.199,0.032,0.033,0.012,0.284,0.038,0.249,0.189,0.003,0.106,0.008,0.002,0.064,0.034,0.088,0.188,0.001,0.105,0.189,0.01,0.074,0.037,0.034,0.008,0.045,0.033,0.017,0.276,0.014,0.075,0.005,0.077,0.132,0.012,1.0
48,0.033,0.04,0.047,0.002,0.037,0.029,0.065,0.194,0.23,0.276,0.287,0.022,0.205,0.219,0.135,0.03,0.103,0.006,0.23,0.505,0.002,0.0,0.055,0.136,0.0,0.273,0.066,0.063,0.045,0.785,0.431,0.03,0.281,0.0,0.051,0.011,0.465,0.261,0.082,0.402,0.001,0.963,0.013,0.003,0.116,0.062,0.0,0.131,1.0,0.251,0.099,0.44,0.026,0.097,0.201,0.0,0.116,0.299,0.078,0.001,0.101,0.005,0.051,0.14,0.859,0.505,0.052,0.05,0.144,0.099,0.014,0.29,0.407,0.08,1.0,0.099,0.248,0.236,0.473,0.026,0.128,0.15,0.19,0.349,0.063,0.344,0.055,0.023,0.104,0.04,0.498,0.523,0.182,0.019,0.064,0.102,0.24,0.047,0.157,0.094
49,0.002,0.042,0.042,0.178,0.159,0.002,0.207,0.058,0.048,0.144,0.011,0.18,0.014,0.016,0.003,0.141,0.203,0.167,0.204,0.432,0.003,0.25,0.221,0.241,0.003,0.137,0.028,0.203,0.053,0.065,0.088,0.133,0.983,0.144,0.258,0.087,0.074,0.009,0.293,0.379,0.005,0.214,0.032,0.156,0.136,0.185,0.035,0.202,0.251,1.0,0.0,0.426,0.015,0.035,0.191,0.0,0.173,0.225,0.206,0.003,0.057,0.043,0.199,0.279,0.175,0.025,0.01,0.186,0.338,0.015,0.077,0.14,0.041,0.267,0.249,0.201,0.334,0.024,0.297,0.0,0.424,0.301,0.038,0.03,0.305,0.018,0.188,0.028,0.294,0.04,0.291,0.463,0.003,0.199,0.005,0.224,0.058,0.231,0.367,0.217
50,0.199,0.296,0.086,0.013,0.004,0.064,0.029,0.259,0.038,0.205,0.229,0.014,0.298,0.332,0.281,0.003,0.106,0.018,0.073,0.081,0.14,0.073,0.212,0.113,0.111,0.205,0.043,0.201,0.467,0.165,0.226,0.0,0.0,0.093,0.017,0.064,0.22,0.18,0.031,0.074,0.125,0.112,0.132,0.128,0.002,0.184,0.034,0.02,0.099,0.0,1.0,0.075,0.174,0.162,0.063,0.129,0.137,0.092,0.004,0.141,0.021,0.075,0.007,0.019,0.105,0.161,0.881,0.184,0.112,0.02,0.363,0.171,0.368,0.009,0.083,0.115,0.055,0.126,0.041,0.051,0.025,0.023,0.237,0.385,0.022,0.01,0.174,0.121,0.017,0.21,0.036,0.102,0.114,0.012,0.168,0.108,0.031,0.0,0.115,0.032
51,0.211,0.005,0.192,0.006,0.005,0.001,0.12,0.125,0.029,0.251,0.081,0.011,0.078,0.073,0.084,0.002,0.452,0.001,0.089,0.79,0.094,0.058,0.165,0.469,0.022,0.252,0.054,0.154,0.111,0.096,0.404,0.005,0.496,0.009,0.355,0.067,0.418,0.076,0.238,0.989,0.015,0.298,0.203,0.106,0.281,0.11,0.042,0.005,0.44,0.426,0.075,1.0,0.182,0.231,0.08,0.047,0.128,0.795,0.571,0.024,0.288,0.066,0.315,0.787,0.155,0.027,0.153,0.107,0.692,0.122,0.013,0.242,0.001,0.197,0.444,0.471,0.929,0.323,0.395,0.003,0.298,0.83,0.0,0.002,0.241,0.046,0.084,0.001,0.189,0.004,0.4,0.893,0.043,0.032,0.081,0.44,0.032,0.392,0.706,0.003
52,0.083,0.012,0.361,0.012,0.099,0.189,0.195,0.186,0.185,0.161,0.487,0.067,0.078,0.071,0.027,0.1,0.142,0.056,0.079,0.034,0.958,0.011,0.36,0.136,0.73,0.139,0.09,0.356,0.061,0.105,0.652,0.137,0.024,0.003,0.262,0.035,0.652,0.481,0.101,0.229,0.747,0.046,0.475,0.198,0.07,0.357,0.286,0.038,0.026,0.015,0.174,0.182,1.0,0.174,0.074,0.883,0.198,0.519,0.224,0.714,0.325,0.068,0.252,0.326,0.0,0.085,0.211,0.301,0.116,0.059,0.035,0.144,0.002,0.063,0.022,0.154,0.335,0.007,0.116,0.202,0.197,0.318,0.028,0.006,0.107,0.032,0.361,0.003,0.067,0.023,0.133,0.044,0.021,0.011,0.765,0.153,0.172,0.133,0.125,0.038
53,0.81,0.057,0.318,0.042,0.007,0.16,0.048,0.808,0.221,0.235,0.015,0.102,0.557,0.568,0.506,0.009,0.015,0.082,0.24,0.126,0.139,0.0,0.23,0.032,0.071,0.221,0.006,0.247,0.076,0.083,0.058,0.018,0.03,0.046,0.114,0.106,0.074,0.01,0.022,0.245,0.071,0.065,0.137,0.174,0.083,0.378,0.118,0.123,0.097,0.035,0.162,0.231,0.174,1.0,0.236,0.116,0.204,0.26,0.215,0.069,0.072,0.462,0.11,0.294,0.131,0.135,0.223,0.357,0.098,0.824,0.015,0.228,0.16,0.015,0.12,0.023,0.276,0.166,0.15,0.158,0.027,0.283,0.116,0.207,0.014,0.004,0.369,0.223,0.017,0.148,0.154,0.146,0.581,0.006,0.044,0.021,0.227,0.091,0.08,0.122
54,0.227,0.03,0.019,0.061,0.0,0.181,0.087,0.187,0.347,0.319,0.014,0.051,0.116,0.139,0.124,0.0,0.105,0.036,1.0,0.178,0.08,0.175,0.355,0.105,0.141,0.282,0.003,0.321,0.021,0.122,0.01,0.01,0.195,0.076,0.113,0.538,0.006,0.02,0.001,0.065,0.149,0.174,0.003,0.464,0.025,0.327,0.153,0.005,0.201,0.191,0.063,0.08,0.074,0.236,1.0,0.133,0.364,0.046,0.047,0.165,0.0,0.053,0.092,0.052,0.294,0.094,0.01,0.321,0.082,0.202,0.064,0.259,0.16,0.0,0.246,0.09,0.064,0.036,0.323,0.192,0.088,0.05,0.193,0.154,0.0,0.003,0.313,0.031,0.0,0.033,0.303,0.133,0.142,0.001,0.07,0.106,0.36,0.055,0.084,0.005
55,0.071,0.003,0.231,0.072,0.212,0.167,0.108,0.1,0.254,0.059,0.48,0.062,0.013,0.024,0.047,0.218,0.08,0.085,0.117,0.045,0.973,0.043,0.367,0.06,0.945,0.079,0.125,0.386,0.066,0.031,0.431,0.246,0.002,0.032,0.1,0.068,0.443,0.505,0.112,0.058,0.95,0.003,0.269,0.279,0.108,0.339,0.167,0.098,0.0,0.0,0.129,0.047,0.883,0.116,0.133,1.0,0.26,0.247,0.072,0.962,0.104,0.069,0.106,0.106,0.04,0.071,0.141,0.372,0.051,0.045,0.034,0.062,0.022,0.095,0.0,0.072,0.107,0.018,0.197,0.158,0.092,0.099,0.049,0.016,0.111,0.041,0.343,0.001,0.082,0.006,0.161,0.018,0.059,0.07,0.843,0.059,0.227,0.043,0.054,0.096
56,0.17,0.333,0.032,0.126,0.001,0.036,0.166,0.313,0.035,0.219,0.014,0.061,0.244,0.269,0.079,0.005,0.205,0.057,0.381,0.242,0.215,0.056,0.412,0.231,0.176,0.244,0.002,0.433,0.661,0.032,0.062,0.01,0.188,0.129,0.116,0.137,0.073,0.018,0.015,0.117,0.185,0.068,0.068,0.327,0.02,0.564,0.11,0.001,0.116,0.173,0.137,0.128,0.198,0.204,0.364,0.26,1.0,0.108,0.06,0.165,0.033,0.006,0.116,0.076,0.05,0.0,0.355,0.614,0.158,0.138,0.078,0.221,0.025,0.015,0.12,0.211,0.081,0.187,0.261,0.04,0.198,0.074,0.055,0.043,0.018,0.0,0.598,0.243,0.012,0.326,0.255,0.225,0.054,0.002,0.082,0.228,0.044,0.032,0.167,0.0
57,0.181,0.006,0.38,0.003,0.002,0.058,0.287,0.22,0.008,0.232,0.183,0.028,0.153,0.149,0.038,0.001,0.27,0.012,0.051,0.364,0.357,0.02,0.189,0.231,0.161,0.224,0.095,0.208,0.053,0.15,0.644,0.0,0.287,0.022,0.525,0.038,0.628,0.201,0.167,0.875,0.177,0.239,0.453,0.086,0.196,0.182,0.172,0.0,0.299,0.225,0.092,0.795,0.519,0.26,0.046,0.247,0.108,1.0,0.62,0.155,0.494,0.069,0.473,0.86,0.091,0.051,0.166,0.179,0.364,0.143,0.01,0.242,0.001,0.181,0.299,0.246,0.912,0.236,0.086,0.07,0.426,0.822,0.0,0.001,0.166,0.058,0.172,0.005,0.185,0.019,0.087,0.504,0.028,0.004,0.292,0.258,0.015,0.339,0.419,0.0
58,0.202,0.03,0.177,0.039,0.158,0.033,0.177,0.165,0.041,0.038,0.01,0.013,0.202,0.191,0.134,0.174,0.225,0.019,0.042,0.261,0.124,0.083,0.037,0.252,0.021,0.047,0.107,0.05,0.005,0.018,0.097,0.175,0.27,0.056,0.534,0.003,0.078,0.01,0.231,0.601,0.015,0.03,0.492,0.054,0.798,0.098,0.103,0.007,0.078,0.206,0.004,0.571,0.224,0.215,0.047,0.072,0.06,0.62,1.0,0.015,0.411,0.039,0.558,0.897,0.029,0.049,0.017,0.117,0.351,0.291,0.016,0.056,0.044,0.248,0.077,0.22,0.767,0.123,0.164,0.03,0.331,0.887,0.005,0.04,0.266,0.063,0.08,0.042,0.218,0.036,0.14,0.363,0.178,0.05,0.012,0.245,0.04,0.452,0.361,0.003
59,0.061,0.004,0.172,0.119,0.234,0.159,0.068,0.043,0.199,0.077,0.607,0.08,0.011,0.008,0.052,0.255,0.017,0.117,0.138,0.012,0.862,0.053,0.412,0.024,1.0,0.086,0.189,0.401,0.028,0.072,0.459,0.269,0.001,0.063,0.059,0.095,0.436,0.625,0.109,0.051,1.0,0.003,0.122,0.378,0.107,0.317,0.147,0.115,0.001,0.003,0.141,0.024,0.714,0.069,0.165,0.962,0.165,0.155,0.015,1.0,0.054,0.065,0.057,0.044,0.037,0.142,0.103,0.329,0.024,0.076,0.009,0.098,0.032,0.077,0.003,0.025,0.042,0.001,0.12,0.159,0.042,0.028,0.08,0.035,0.091,0.029,0.296,0.0,0.084,0.0,0.096,0.001,0.093,0.084,0.923,0.016,0.19,0.011,0.027,0.118
60,0.045,0.024,0.296,0.228,0.05,0.128,0.223,0.085,0.027,0.003,0.029,0.033,0.103,0.097,0.012,0.043,0.106,0.078,0.0,0.089,0.169,0.129,0.0,0.08,0.05,0.005,0.074,0.004,0.039,0.035,0.225,0.014,0.049,0.275,0.063,0.016,0.236,0.029,0.335,0.333,0.049,0.072,0.692,0.011,0.203,0.01,0.149,0.109,0.101,0.057,0.021,0.288,0.325,0.072,0.0,0.104,0.033,0.494,0.411,0.054,1.0,0.066,0.033,0.457,0.023,0.012,0.061,0.01,0.141,0.07,0.186,0.007,0.011,0.44,0.089,0.103,0.436,0.16,0.023,0.108,0.183,0.397,0.015,0.017,0.326,0.06,0.01,0.034,0.438,0.023,0.022,0.158,0.018,0.158,0.072,0.117,0.034,0.0,0.133,0.104
61,0.379,0.138,0.206,0.51,0.009,0.128,0.129,0.327,0.065,0.323,0.014,0.57,0.152,0.149,0.212,0.007,0.005,0.619,0.041,0.02,0.072,0.001,0.225,0.006,0.071,0.307,0.001,0.213,0.045,0.018,0.04,0.001,0.016,0.281,0.044,0.101,0.045,0.012,0.066,0.068,0.058,0.007,0.013,0.069,0.015,0.35,0.093,0.0,0.005,0.043,0.075,0.066,0.068,0.462,0.053,0.069,0.006,0.069,0.039,0.065,0.066,1.0,0.089,0.068,0.037,0.029,0.033,0.366,0.029,0.255,0.054,0.358,0.099,0.099,0.007,0.009,0.088,0.123,0.011,0.113,0.043,0.058,0.083,0.135,0.063,0.065,0.375,0.42,0.097,0.275,0.006,0.024,0.185,0.082,0.066,0.002,0.074,0.201,0.02,0.0
62,0.054,0.044,0.021,0.003,0.016,0.09,0.292,0.106,0.074,0.177,0.02,0.016,0.078,0.075,0.027,0.018,0.327,0.017,0.117,0.202,0.177,0.499,0.215,0.321,0.05,0.177,0.062,0.231,0.025,0.005,0.16,0.172,0.257,0.002,0.974,0.118,0.172,0.021,0.029,0.397,0.056,0.025,0.183,0.096,0.348,0.266,0.263,0.119,0.051,0.199,0.007,0.315,0.252,0.11,0.092,0.106,0.116,0.473,0.558,0.057,0.033,0.089,1.0,0.546,0.005,0.0,0.032,0.249,0.25,0.093,0.029,0.17,0.002,0.023,0.049,0.323,0.493,0.008,0.164,0.101,0.497,0.56,0.001,0.001,0.022,0.011,0.277,0.03,0.021,0.078,0.19,0.222,0.047,0.002,0.059,0.314,0.065,0.839,0.235,0.118
63,0.234,0.01,0.257,0.022,0.051,0.036,0.199,0.212,0.02,0.12,0.015,0.0,0.18,0.166,0.126,0.053,0.303,0.001,0.058,0.374,0.207,0.074,0.118,0.289,0.054,0.137,0.045,0.1,0.019,0.008,0.283,0.069,0.311,0.026,0.579,0.028,0.283,0.009,0.233,0.854,0.037,0.078,0.506,0.076,0.539,0.152,0.137,0.0,0.14,0.279,0.019,0.787,0.326,0.294,0.052,0.106,0.076,0.86,0.897,0.044,0.457,0.068,0.546,1.0,0.016,0.011,0.071,0.144,0.49,0.248,0.011,0.119,0.018,0.248,0.133,0.286,0.949,0.143,0.145,0.036,0.399,0.995,0.0,0.042,0.256,0.015,0.137,0.025,0.25,0.015,0.141,0.528,0.147,0.029,0.079,0.293,0.03,0.475,0.474,0.0
64,0.151,0.231,0.002,0.019,0.039,0.128,0.004,0.215,0.425,0.111,0.12,0.006,0.201,0.195,0.358,0.043,0.006,0.002,0.3,0.258,0.013,0.004,0.002,0.03,0.031,0.115,0.044,0.004,0.079,0.73,0.177,0.017,0.157,0.006,0.007,0.043,0.19,0.101,0.035,0.12,0.031,0.864,0.01,0.017,0.095,0.039,0.033,0.18,0.859,0.175,0.105,0.155,0.0,0.131,0.294,0.04,0.05,0.091,0.029,0.037,0.023,0.037,0.005,0.016,1.0,0.542,0.072,0.043,0.016,0.209,0.09,0.124,0.712,0.03,0.852,0.011,0.06,0.087,0.383,0.174,0.031,0.022,0.49,0.681,0.029,0.445,0.038,0.101,0.046,0.13,0.408,0.249,0.341,0.023,0.006,0.017,0.466,0.011,0.031,0.19
65,0.318,0.081,0.0,0.008,0.123,0.06,0.108,0.113,0.041,0.179,0.681,0.062,0.241,0.208,0.624,0.107,0.002,0.041,0.078,0.025,0.09,0.034,0.115,0.002,0.142,0.179,0.078,0.112,0.073,0.919,0.459,0.17,0.023,0.026,0.005,0.035,0.448,0.697,0.005,0.016,0.159,0.677,0.0,0.145,0.19,0.003,0.086,0.199,0.505,0.025,0.161,0.027,0.085,0.135,0.094,0.071,0.0,0.051,0.049,0.142,0.012,0.029,0.0,0.011,0.542,1.0,0.11,0.007,0.019,0.436,0.014,0.173,0.598,0.002,0.516,0.004,0.001,0.046,0.043,0.058,0.065,0.008,0.092,0.635,0.012,0.169,0.003,0.085,0.001,0.067,0.048,0.02,0.765,0.013,0.327,0.004,0.037,0.009,0.012,0.215
66,0.373,0.36,0.111,0.074,0.0,0.095,0.096,0.256,0.06,0.162,0.139,0.011,0.22,0.223,0.385,0.0,0.081,0.0,0.019,0.098,0.206,0.033,0.257,0.111,0.125,0.163,0.009,0.247,0.678,0.107,0.222,0.004,0.016,0.168,0.041,0.051,0.202,0.14,0.014,0.128,0.143,0.085,0.136,0.192,0.0,0.217,0.101,0.032,0.052,0.01,0.881,0.153,0.211,0.223,0.01,0.141,0.355,0.166,0.017,0.103,0.061,0.033,0.032,0.071,0.072,0.11,1.0,0.226,0.147,0.079,0.345,0.193,0.418,0.004,0.058,0.095,0.124,0.235,0.031,0.097,0.081,0.065,0.229,0.417,0.004,0.0,0.225,0.135,0.006,0.217,0.051,0.135,0.194,0.001,0.187,0.094,0.055,0.005,0.106,0.036
