,0,1,2,3,4,5,6,7,8,9,10,11,12,13,14,15,16,17,18,19,20,21,22,23,24,25,26,27,28,29,30,31,32,33,34,35,36,37,38,39,40,41,42,43,44,45,46,47,48,49,50,51,52,53,54,55,56,57,58,59,60,61,62,63,64,65,66,67,68,69,70,71,72,73,74,75,76,77,78,79
0,1,0.493002169965141,0.959045454092836,0.532270649264898,0.147529403351374,1.76E-05,8.50E-05,0.245220099381492,0.0353288319958017,0.913321029802831,0.532270649264898,0.000154041711838023,0.0057192530830563,0.216361338203584,0.000205282894084404,0.244781392065452,0.337598084079952,1.76E-05,0.532914146948716,0.127984083135668,0.306172013787737,0.884386838736528,0.0954117612269897,0.372766416660378,0.128168930822021,0.532270649264898,0.01641219130103,0.7424711403666,0.0504366952155208,0.969788596561574,0.110898321989911,0.272210876515886,0.851592017106911,0.782507849154714,0.493944057672672,0.303692932417559,6.27E-05,0.782507849154714,0.19243885224833,0.245220099381492,0.00224402582958852,0.082108995197054,0.996259927843024,0.00456356905968054,0.303692932417559,0.782507849154714,0.703215095379258,0.0951434494994696,0.936258251834871,6.27E-05,0.782227848877117,0.0353288319958017,0.372766416660378,0.0954117612269897,0.082108995197054,0.913321029802831,0.275333893131474,0.701163136458673,0.01641219130103,0.00710024641871396,0.814095398480467,0.703215095379258,0.0954117612269897,0.275333893131474,0.532914146948716,0.337598084079952,0.659164712889057,0.914467913210419,0.876229422258972,0.376080001060357,1.76E-05,0.000361493079263044,0.852429093035842,0.000807751679714151,0.959045454092836,0.166961452579028,0.000113806250055486,0.303692932417559,0.0353288319958017,0.00136883617165645
1,0.493002169965141,1,0.656718210237501,0.992818431340139,0.741395119248714,3.35E-08,2.46E-07,0.886694406868388,0.000807552419405164,0.741194193472821,0.992818431340139,5.23E-07,6.20E-05,0.839662258756483,7.60E-07,0.0166004110021926,0.028901108476499,3.35E-08,0.0694552391048544,0.00566919394836462,0.929225519894401,0.779417268614889,0.616604223314272,0.956534702419823,0.694913176327705,0.992818431340139,0.000269527402242852,0.906024922459423,0.00136891332878299,0.607200632448597,0.653585733781326,0.0199126421823567,0.216092735476202,0.168926247695972,0.0595968629080596,0.0239397834292339,1.66E-07,0.168926247695972,0.818230992130648,0.886694406868388,1.74E-05,0.0028400121681789,0.452159272497204,4.60E-05,0.0239397834292339,0.168926247695972,0.934179202296365,0.00355640989638623,0.303084118925699,1.66E-07,0.884559480487635,0.000807552419405164,0.956534702419823,0.616604223314272,0.0028400121681789,0.741194193472821,0.914243770214669,0.127875477516044,0.000269527402242852,8.39E-05,0.838301847622702,0.934179202296365,0.616604223314272,0.914243770214669,0.0694552391048544,0.028901108476499,0.948305686201639,0.273938836078949,0.24010281253426,0.0355221245584126,3.35E-08,1.58E-06,0.810815546864852,4.49E-06,0.656718210237501,0.766866631675689,3.54E-07,0.0239397834292339,0.000807552419405164,9.05E-06
2,0.959045454092836,0.656718210237501,1,0.691459661610438,0.243073103467594,4.60E-06,2.42E-05,0.375533824306284,0.0164146126770935,0.979415827887866,0.691459661610438,4.59E-05,0.00223180220371702,0.339592992028655,6.20E-05,0.146303389369617,0.215456673781214,4.60E-06,0.372956812987579,0.0696443689885258,0.451670409871768,0.966838099682149,0.166042591037265,0.526842597052025,0.216517203187271,0.691459661610438,0.00702426812842405,0.884252949090056,0.0243721529098676,0.990065477865468,0.190659033800408,0.16527066206106,0.694961655868093,0.617826330096416,0.33901718286383,0.189719052341031,1.76E-05,0.617826330096416,0.30660266246849,0.375533824306284,0.000816443197091542,0.0424384428425021,0.939957151825327,0.0017382073831603,0.189719052341031,0.617826330096416,0.85396367587675,0.0500184679848825,0.814575077586248,1.76E-05,0.907755862568801,0.0164146126770935,0.526842597052025,0.166042591037265,0.0424384428425021,0.979415827887866,0.412959860433494,0.529096179056759,0.00702426812842405,0.0028064097952822,0.934780133764359,0.85396367587675,0.166042591037265,0.412959860433494,0.372956812987579,0.215456673781214,0.81964275102065,0.78332482006741,0.730119355138336,0.243132327237193,4.60E-06,0.000113481513812883,0.95681445394924,0.000269792633849657,1,0.269668343856448,3.33E-05,0.189719052341031,0.0164146126770935,0.000478407646178543
3,0.532270649264898,0.992818431340139,0.691459661610438,1,0.702893317431192,4.99E-08,3.61E-07,0.848776109192941,0.00105401791077034,0.782652387650724,1,7.58E-07,8.44E-05,0.803508124448436,1.10E-06,0.020182395498813,0.0348046044506875,4.99E-08,0.0818054040845603,0.00710533071286593,0.90456049427032,0.819645597622326,0.57777326014824,0.947828099938801,0.654748774770118,1,0.000360663660010641,0.929304488470358,0.00175798723242625,0.648417504578213,0.61431357417874,0.0244101124374143,0.244874707818825,0.190741649794513,0.0701231437706053,0.0290426957929459,2.44E-07,0.190741649794513,0.777914652553831,0.848776109192941,2.40E-05,0.00356862462891602,0.488125412425503,6.28E-05,0.0290426957929459,0.190741649794513,0.951599515032924,0.00448821435903692,0.337372877076386,2.44E-07,0.914450686726039,0.00105401791077034,0.947828099938801,0.57777326014824,0.00356862462891602,0.782652387650724,0.883317042100029,0.147642718540242,0.000360663660010641,0.000114475504668313,0.868511041743177,0.951599515032924,0.57777326014824,0.883317042100029,0.0818054040845603,0.0348046044506875,0.958273256709556,0.302933060241939,0.271875589197173,0.0423325922200638,4.99E-08,2.27E-06,0.845260715011839,6.38E-06,0.691459661610438,0.736323771013213,5.18E-07,0.0290426957929459,0.00105401791077034,1.25E-05
4,0.147529403351374,0.741395119248714,0.243073103467594,0.702893317431192,1,2.76E-10,2.66E-09,0.956667941113054,3.35E-05,0.307306642674811,0.702893317431192,6.30E-09,1.59E-06,0.967131761242093,9.68E-09,0.00136775368245594,0.00283799908658867,2.76E-10,0.00889536380129744,0.00036166290100701,0.911069267132721,0.341245240348217,0.97695265789713,0.8485286031084,0.992792423009864,0.702893317431192,9.06E-06,0.491757373312516,6.28E-05,0.215421170748845,0.98655423955602,0.0017561711802107,0.0424216216801554,0.0294212067351805,0.00717499701935299,0.00223142398498199,1.70E-09,0.0294212067351805,0.987395672361274,0.956667941113054,3.58E-07,0.000152787434478735,0.127771215091663,1.11E-06,0.00223142398498199,0.0294212067351805,0.533443834332591,0.00020395480419238,0.0699729223666941,1.70E-09,0.453877998752052,3.35E-05,0.8485286031084,0.97695265789713,0.000152787434478735,0.307306642674811,0.939381115041966,0.0202272665627806,9.06E-06,2.27E-06,0.40994624754421,0.533443834332591,0.97695265789713,0.939381115041966,0.00889536380129744,0.00283799908658867,0.571323365104349,0.0592315853203182,0.0500891788265249,0.00362644545644059,2.76E-10,2.24E-08,0.375234042391741,7.53E-08,0.243073103467594,0.990710987433976,4.07E-09,0.00223142398498199,3.35E-05,1.66E-07
5,1.76E-05,3.35E-08,4.60E-06,4.99E-08,2.76E-10,1,0.931851461727212,1.70E-09,0.110445077778003,2.25E-06,4.99E-08,0.885946722738994,0.338605898938662,1.09E-09,0.84565095405236,0.010872522069383,0.0057115427914626,1,0.00174747319258926,0.0293942620408108,4.10E-09,1.58E-06,6.66E-11,9.58E-09,1.74E-10,4.99E-08,0.188842704148848,3.61E-07,0.0817589107416237,6.47E-06,1.09E-10,0.00873461352367981,0.000203906169457952,0.000360795779965201,0.00223768728840003,0.00711133331582708,0.960542536292314,0.000360795779965201,6.95E-10,1.70E-09,0.494193736383458,0.050469780988018,2.44E-05,0.370867832260347,0.00711133331582708,0.000360795779965201,2.47E-07,0.0422407374206761,8.47E-05,0.960542536292314,5.23E-07,0.110445077778003,9.58E-09,6.66E-11,0.050469780988018,2.25E-06,2.64E-09,0.000619529867752074,0.188842704148848,0.300959238679515,7.65E-07,2.47E-07,6.66E-11,2.64E-09,0.00174747319258926,0.0057115427914626,1.68E-07,0.000114716851954446,0.000152042630612762,0.0045245647143709,1,0.774645407992871,1.11E-06,0.654188116229368,4.60E-06,4.34E-10,0.909598584250338,0.00711133331582708,0.110445077778003,0.577097555857827
6,8.50E-05,2.46E-07,2.42E-05,3.61E-07,2.66E-09,0.931851461727212,1,1.47E-08,0.217114241423478,1.27E-05,3.61E-07,0.985688675613575,0.533473035045063,9.59E-09,0.976379683100273,0.0295367456249096,0.0164038809271829,0.931851461727212,0.00573136580432765,0.069958888664298,3.37E-08,9.10E-06,6.96E-10,7.53E-08,1.70E-09,3.61E-07,0.339106070768991,2.27E-06,0.169074023938272,3.32E-05,1.09E-09,0.0243976249125474,0.000816917645779086,0.0013656278821433,0.00717792254164238,0.0199958472195299,0.993041871189309,0.0013656278821433,6.31E-09,1.47E-08,0.69672616661085,0.110439906228904,0.0001142799460107,0.576953584272119,0.0199958472195299,0.0013656278821433,1.59E-06,0.0949056956892361,0.000361316362257174,0.993041871189309,3.25E-06,0.217114241423478,7.53E-08,6.96E-10,0.110439906228904,1.27E-05,2.24E-08,0.00225366417792135,0.339106070768991,0.491946813555037,4.55E-06,1.59E-06,6.96E-10,2.24E-08,0.00573136580432765,0.0164038809271829,1.10E-06,0.000475262077583752,0.000621378637524431,0.0135388132029274,0.931851461727212,0.939275793274844,6.46E-06,0.846229855968045,2.42E-05,4.08E-09,0.98671663958901,0.0199958472195299,0.217114241423478,0.777881048215348
7,0.245220099381492,0.886694406868388,0.375533824306284,0.848776109192941,0.956667941113054,1.70E-09,1.47E-08,1,0.000113533088793506,0.451303165753793,0.848776109192941,3.36E-08,6.41E-06,0.983743948584501,5.03E-08,0.00362931628130651,0.00703741359065076,1.70E-09,0.0199951797483755,0.00104840725878412,0.980808892086885,0.491029433031425,0.879573220656802,0.941663690023641,0.931003703958811,0.848776109192941,3.30E-05,0.657077323796756,0.000205900858933327,0.33563475444432,0.905177310293434,0.00450141520454694,0.0816173396075611,0.0597179234479403,0.0165683702460014,0.00562870896830845,9.64E-09,0.0597179234479403,0.988746816337309,1,1.58E-06,0.000475500201531661,0.21766026144134,4.58E-06,0.00562870896830845,0.0597179234479403,0.700807030771217,0.000615881114411916,0.127220167316772,9.64E-09,0.617622352284451,0.000113533088793506,0.941663690023641,0.879573220656802,0.000475500201531661,0.451303165753793,0.996208597923496,0.0421215988752888,3.30E-05,8.95E-06,0.568797275213176,0.700807030771217,0.879573220656802,0.996208597923496,0.0199951797483755,0.00703741359065076,0.737805732269294,0.111241520659901,0.0939692397399047,0.00890432930269268,1.70E-09,1.12E-07,0.530662570817138,3.54E-07,0.375533824306284,0.957102879241664,2.20E-08,0.00562870896830845,0.000113533088793506,7.65E-07
8,0.0353288319958017,0.000807552419405164,0.0164146126770935,0.00105401791077034,3.35E-05,0.110445077778003,0.217114241423478,0.000113533088793506,1,0.0109938261769865,0.00105401791077034,0.274534792024809,0.820732130333517,8.47E-05,0.307123263531652,0.655080100578447,0.533817821471399,0.110445077778003,0.341272131536595,0.855216957188812,0.00020591737277167,0.00889704380621187,1.26E-05,0.000362755760276916,2.44E-05,0.00105401791077034,0.960086267781198,0.00362654178305527,0.985517458907288,0.0201361178460816,1.77E-05,0.618476309306653,0.128572675705321,0.166971223263058,0.375400483431607,0.576293508536894,0.191706941021401,0.166971223263058,6.24E-05,0.000113533088793506,0.657160468944758,0.931568561403933,0.0419599731621995,0.776373897567776,0.576293508536894,0.166971223263058,0.00285873976206337,0.912032403017934,0.0823127784739264,0.191706941021401,0.0045681827920208,1,0.000362755760276916,1.26E-05,0.931568561403933,0.0109938261769865,0.000153528753725057,0.217490584074578,0.960086267781198,0.853075695699831,0.00572055888144557,0.00285873976206337,1.26E-05,0.000153528753725057,0.341272131536595,0.533817821471399,0.00223564734427118,0.0949582938318619,0.111313245347516,0.488985760137397,0.110445077778003,0.376866285908824,0.00716605425507176,0.493389575495001,0.0164146126770935,4.60E-05,0.244891170910513,0.576293508536894,1,0.571372480554999
9,0.913321029802831,0.741194193472821,0.979415827887866,0.782652387650724,0.307306642674811,2.25E-06,1.27E-05,0.451303165753793,0.0109938261769865,1,0.782652387650724,2.43E-05,0.00136657540359525,0.409760834141276,3.36E-05,0.111144863940537,0.167117814653683,2.25E-06,0.306477135780926,0.0502424987339831,0.532660137729873,0.997523577085,0.217674770282009,0.61502456618779,0.273972832976287,0.782652387650724,0.00456366730451046,0.935508428192827,0.0165917875983996,0.966542792088468,0.244598071931495,0.128253239640232,0.619741044875048,0.532347920943025,0.275161443864508,0.146299094092955,9.06E-06,0.532347920943025,0.375874748216077,0.451303165753793,0.000472882062777582,0.0292642443288981,0.880328771297732,0.00105990701088248,0.146299094092955,0.532347920943025,0.911559317679187,0.0351025569493611,0.740704767198912,9.06E-06,0.961601918991511,0.0109938261769865,0.61502456618779,0.217674770282009,0.0292642443288981,1,0.493403477248442,0.453832196284243,0.00456366730451046,0.00175756161563411,0.96635350694912,0.911559317679187,0.217674770282009,0.493403477248442,0.306477135780926,0.167117814653683,0.876738438650473,0.697686766494122,0.657337378259522,0.191872357124451,2.25E-06,6.27E-05,0.984875620574258,0.000152905918713941,0.979415827887866,0.338984981908537,1.75E-05,0.146299094092955,0.0109938261769865,0.000271828250812931
10,0.532270649264898,0.992818431340139,0.691459661610438,1,0.702893317431192,4.99E-08,3.61E-07,0.848776109192941,0.00105401791077034,0.782652387650724,1,7.58E-07,8.44E-05,0.803508124448436,1.10E-06,0.020182395498813,0.0348046044506875,4.99E-08,0.0818054040845603,0.00710533071286593,0.90456049427032,0.819645597622326,0.57777326014824,0.947828099938801,0.654748774770118,1,0.000360663660010641,0.929304488470358,0.00175798723242625,0.648417504578213,0.61431357417874,0.0244101124374143,0.244874707818825,0.190741649794513,0.0701231437706053,0.0290426957929459,2.44E-07,0.190741649794513,0.777914652553831,0.848776109192941,2.40E-05,0.00356862462891602,0.488125412425503,6.28E-05,0.0290426957929459,0.190741649794513,0.951599515032924,0.00448821435903692,0.337372877076386,2.44E-07,0.914450686726039,0.00105401791077034,0.947828099938801,0.57777326014824,0.00356862462891602,0.782652387650724,0.883317042100029,0.147642718540242,0.000360663660010641,0.000114475504668313,0.868511041743177,0.951599515032924,0.57777326014824,0.883317042100029,0.0818054040845603,0.0348046044506875,0.958273256709556,0.302933060241939,0.271875589197173,0.0423325922200638,4.99E-08,2.27E-06,0.845260715011839,6.38E-06,0.691459661610438,0.736323771013213,5.18E-07,0.0290426957929459,0.00105401791077034,1.25E-05
11,0.000154041711838023,5.23E-07,4.59E-05,7.58E-07,6.30E-09,0.885946722738994,0.985688675613575,3.36E-08,0.274534792024809,2.43E-05,7.58E-07,1,0.618681679157562,2.24E-08,0.992941672807221,0.0420242469774055,0.0244444167584785,0.885946722738994,0.00889333539868534,0.0958851333962489,7.60E-08,1.76E-05,1.69E-09,1.67E-07,4.11E-09,7.58E-07,0.410890160941819,4.60E-06,0.217051770603123,6.27E-05,2.65E-09,0.0351469625745583,0.00136479241329935,0.00224005189313299,0.0109821264954786,0.0294593690140786,0.978231842457237,0.00224005189313299,1.48E-08,3.36E-08,0.782643887388246,0.147607790814833,0.000205484930390636,0.655067615931226,0.0294593690140786,0.00224005189313299,3.25E-06,0.128370758642847,0.000626474234187832,0.978231842457237,6.46E-06,0.274534792024809,1.67E-07,1.69E-09,0.147607790814833,2.43E-05,5.07E-08,0.00361681838261026,0.410890160941819,0.571529384513361,9.09E-06,3.25E-06,1.69E-09,5.07E-08,0.00889333539868534,0.0244444167584785,2.28E-06,0.000815061108341947,0.00105411630082292,0.0200395954393299,0.885946722738994,0.973754705868123,1.27E-05,0.910601578822264,4.59E-05,9.62E-09,0.994436382738855,0.0294593690140786,0.274534792024809,0.852922782824484
12,0.0057192530830563,6.20E-05,0.00223180220371702,8.44E-05,1.59E-06,0.338605898938662,0.533473035045063,6.41E-06,0.820732130333517,0.00136657540359525,8.44E-05,0.618681679157562,1,4.58E-06,0.661579285075907,0.303689677243463,0.21735383030781,0.338605898938662,0.111456956520688,0.494297964332587,1.27E-05,0.00105843997709221,5.24E-07,2.44E-05,1.11E-06,8.44E-05,0.938518753758882,0.000362517201247778,0.740699851016846,0.00286080703924065,7.67E-07,0.274343976207791,0.0295441442286373,0.0419173547955121,0.128067488390384,0.245098220975503,0.492819023759844,0.0419173547955121,3.23E-06,6.41E-06,0.955595535055921,0.614816640026054,0.00710086930032861,0.987151387020929,0.245098220975503,0.0419173547955121,0.000273469037718645,0.576005163604654,0.0165997046970985,0.492819023759844,0.000476496511596513,0.820732130333517,2.44E-05,5.24E-07,0.614816640026054,0.00136657540359525,9.06E-06,0.0595584874258788,0.938518753758882,0.993548083879812,0.000624655482762827,0.000273469037718645,5.24E-07,9.06E-06,0.111456956520688,0.21735383030781,0.00020484655968552,0.0200159515782981,0.0244923216274343,0.190213533659825,0.338605898938662,0.74358816656262,0.00081704793679437,0.854187028407121,0.00223180220371702,2.28E-06,0.576716034855153,0.245098220975503,0.820732130333517,0.906670779640324
13,0.216361338203584,0.839662258756483,0.339592992028655,0.803508124448436,0.967131761242093,1.09E-09,9.59E-09,0.983743948584501,8.47E-05,0.409760834141276,0.803508124448436,2.24E-08,4.58E-06,1,3.35E-08,0.00281539429491366,0.00574126909874142,1.09E-09,0.0165102352357431,0.000815245548038818,0.97712571290184,0.448500493336979,0.897315201034093,0.935180597506351,0.959999250090721,0.803508124448436,2.41E-05,0.619374382788288,0.000152773061707403,0.30720806574567,0.937415635420815,0.00357671117693484,0.0695898074143943,0.0497973151093063,0.0134232478906249,0.00456873800365755,6.32E-09,0.0497973151093063,0.991064372582737,0.983743948584501,1.11E-06,0.000362236516310331,0.190801702955811,3.18E-06,0.00456873800365755,0.0497973151093063,0.660518315448658,0.000478099801338363,0.111225452210391,6.32E-09,0.571278803450449,8.47E-05,0.935180597506351,0.897315201034093,0.000362236516310331,0.409760834141276,0.981398889308387,0.0351164741119266,2.41E-05,6.38E-06,0.535690945707908,0.660518315448658,0.897315201034093,0.981398889308387,0.0165102352357431,0.00574126909874142,0.703122625145288,0.0953757454475565,0.0816749134112795,0.00704641723004154,1.09E-09,7.53E-08,0.493670992140471,2.45E-07,0.339592992028655,0.979893597227393,1.48E-08,0.00456873800365755,8.47E-05,5.25E-07
14,0.000205282894084404,7.60E-07,6.20E-05,1.10E-06,9.68E-09,0.84565095405236,0.976379683100273,5.03E-08,0.307123263531652,3.36E-05,1.10E-06,0.992941672807221,0.661579285075907,3.35E-08,1,0.0500892295328698,0.0293823527367447,0.84565095405236,0.01101993863887,0.111261245276033,1.13E-07,2.44E-05,2.65E-09,2.46E-07,6.31E-09,1.10E-06,0.453289570051572,6.46E-06,0.244768949222636,8.45E-05,4.10E-09,0.0423925424700467,0.00176291705872455,0.00283894984110858,0.0135232448415907,0.0353271809750044,0.956710665376191,0.00283894984110858,2.23E-08,5.03E-08,0.812014173818664,0.167096732379926,0.000271303824810118,0.699941502411946,0.0353271809750044,0.00283894984110858,4.58E-06,0.14672243539221,0.00081583191712355,0.956710665376191,9.09E-06,0.307123263531652,2.46E-07,2.65E-09,0.167096732379926,3.36E-05,7.57E-08,0.00458228371344334,0.453289570051572,0.619304403358032,1.26E-05,4.58E-06,2.65E-09,7.57E-08,0.01101993863887,0.0293823527367447,3.21E-06,0.00104916806217765,0.00136767355825782,0.0243410395881693,0.84565095405236,0.990285734222587,1.76E-05,0.936723561819931,6.20E-05,1.47E-08,0.984403291622567,0.0353271809750044,0.307123263531652,0.87674475376533
15,0.244781392065452,0.0166004110021926,0.146303389369617,0.020182395498813,0.00136775368245594,0.010872522069383,0.0295367456249096,0.00362931628130651,0.655080100578447,0.111144863940537,0.020182395498813,0.0420242469774055,0.303689677243463,0.00281539429491366,0.0500892295328698,1,0.95611341370815,0.010872522069383,0.846598621375284,0.928715506389871,0.00568067141755664,0.0957187634480851,0.000625133779072319,0.00874081306657349,0.00104879889851806,0.020182395498813,0.487185911999126,0.0499152615513198,0.743434252442861,0.165569393440611,0.000808299900838814,0.985426823367065,0.532400115623243,0.618553783648992,0.886029939481856,0.967951796486882,0.0243009581149818,0.618553783648992,0.00224672010498398,0.00362931628130651,0.189345796721839,0.844601702171739,0.273788796143418,0.275232599045864,0.967951796486882,0.618553783648992,0.0421228221336998,0.868005682588792,0.409403244866521,0.0243009581149818,0.0595962020461281,0.655080100578447,0.00874081306657349,0.000625133779072319,0.844601702171739,0.111144863940537,0.00457520539680403,0.70078308490268,0.487185911999126,0.337471659410103,0.0688708927420749,0.0421228221336998,0.000625133779072319,0.00457520539680403,0.846598621375284,0.95611341370815,0.0349725501106365,0.450591269367481,0.484742130469944,0.961726655368357,0.010872522069383,0.0698182242049226,0.0814044320879033,0.109038170900831,0.146303389369617,0.00173083884949096,0.0347846738661056,0.967951796486882,0.655080100578447,0.146605002534779
16,0.337598084079952,0.028901108476499,0.215456673781214,0.0348046044506875,0.00283799908658867,0.0057115427914626,0.0164038809271829,0.00703741359065076,0.533817821471399,0.167117814653683,0.0348046044506875,0.0244444167584785,0.21735383030781,0.00574126909874142,0.0293823527367447,0.95611341370815,1,0.0057115427914626,0.937380996175696,0.854031455579003,0.0110055764101034,0.146241544892956,0.00134528639489022,0.0165761116366162,0.0022515782311868,0.0348046044506875,0.374014744983805,0.0821609620537401,0.612310124514566,0.245439697241574,0.00175922587934771,0.978947482895309,0.656735289222281,0.729934067319063,0.949745307867233,0.997205918807809,0.0135047875270058,0.729934067319063,0.0045371761411515,0.00703741359065076,0.128133508639325,0.738423234226335,0.371497853284118,0.188195346690826,0.997205918807809,0.729934067319063,0.0699146417517652,0.783508582830754,0.534994371120607,0.0135047875270058,0.0949065647879317,0.533817821471399,0.0165761116366162,0.00134528639489022,0.738423234226335,0.167117814653683,0.00881092771329617,0.812247787826554,0.374014744983805,0.24257720779253,0.111364207368754,0.0699146417517652,0.00134528639489022,0.00881092771329617,0.937380996175696,1,0.0593913211690524,0.569915029752716,0.617907852639741,0.975494587068166,0.0057115427914626,0.0421315781116361,0.12846549396887,0.0702130750342708,0.215456673781214,0.00361812414670446,0.0202311398701086,0.997205918807809,0.533817821471399,0.0948962359978808
17,1.76E-05,3.35E-08,4.60E-06,4.99E-08,2.76E-10,1,0.931851461727212,1.70E-09,0.110445077778003,2.25E-06,4.99E-08,0.885946722738994,0.338605898938662,1.09E-09,0.84565095405236,0.010872522069383,0.0057115427914626,1,0.00174747319258926,0.0293942620408108,4.10E-09,1.58E-06,6.66E-11,9.58E-09,1.74E-10,4.99E-08,0.188842704148848,3.61E-07,0.0817589107416237,6.47E-06,1.09E-10,0.00873461352367981,0.000203906169457952,0.000360795779965201,0.00223768728840003,0.00711133331582708,0.960542536292314,0.000360795779965201,6.95E-10,1.70E-09,0.494193736383458,0.050469780988018,2.44E-05,0.370867832260347,0.00711133331582708,0.000360795779965201,2.47E-07,0.0422407374206761,8.47E-05,0.960542536292314,5.23E-07,0.110445077778003,9.58E-09,6.66E-11,0.050469780988018,2.25E-06,2.64E-09,0.000619529867752074,0.188842704148848,0.300959238679515,7.65E-07,2.47E-07,6.66E-11,2.64E-09,0.00174747319258926,0.0057115427914626,1.68E-07,0.000114716851954446,0.000152042630612762,0.0045245647143709,1,0.774645407992871,1.11E-06,0.654188116229368,4.60E-06,4.34E-10,0.909598584250338,0.00711133331582708,0.110445077778003,0.577097555857827
18,0.532914146948716,0.0694552391048544,0.372956812987579,0.0818054040845603,0.00889536380129744,0.00174747319258926,0.00573136580432765,0.0199951797483755,0.341272131536595,0.306477135780926,0.0818054040845603,0.00889333539868534,0.111456956520688,0.0165102352357431,0.01101993863887,0.846598621375284,0.937380996175696,0.00174747319258926,1,0.662077700065997,0.029536392763846,0.274755425673875,0.00455595160867552,0.04238558296799,0.00717106058164134,0.0818054040845603,0.217514078601512,0.168675851296622,0.412908692381374,0.412797372694199,0.00574955650162505,0.884944304760926,0.854698056651081,0.904887707663382,0.993285036903614,0.913426299886795,0.004567992773253,0.904887707663382,0.0134912111656793,0.0199951797483755,0.0592683806995054,0.530662810412719,0.571429270976083,0.0952108973921447,0.913426299886795,0.904887707663382,0.147316740551275,0.575304014726608,0.743889206816447,0.004567992773253,0.191814886753322,0.341272131536595,0.04238558296799,0.00455595160867552,0.530662810412719,0.306477135780926,0.0244028648236848,0.959986437336132,0.217514078601512,0.12833159437445,0.216776916667236,0.147316740551275,0.00455595160867552,0.0244028648236848,1,0.937380996175696,0.127628609431157,0.775032421963121,0.819501885818322,0.951804182866596,0.00174747319258926,0.0165956082180388,0.245140442762277,0.0295311221405698,0.372956812987579,0.0110079360526402,0.00715890428424839,0.913426299886795,0.341272131536595,0.0419994322267738
19,0.127984083135668,0.00566919394836462,0.0696443689885258,0.00710533071286593,0.00036166290100701,0.0293942620408108,0.069958888664298,0.00104840725878412,0.855216957188812,0.0502424987339831,0.00710533071286593,0.0958851333962489,0.494297964332587,0.000815245548038818,0.111261245276033,0.928715506389871,0.854031455579003,0.0293942620408108,0.662077700065997,1,0.00176150559373045,0.0422763119276649,0.000152936736058253,0.00286767039590914,0.000274353342150558,0.00710533071286593,0.701543223580443,0.0202013767105747,0.910672140220721,0.0821872035926651,0.000206338987869252,0.911393329325492,0.340417641787109,0.409444877042895,0.699985484186153,0.886184865234988,0.059564249648124,0.409444877042895,0.000623651289864069,0.00104840725878412,0.339481479767682,0.970877228143878,0.146325840783225,0.448534582524888,0.886184865234988,0.409444877042895,0.016553856427515,0.98817027197453,0.245533363845087,0.059564249648124,0.024408199460371,0.855216957188812,0.00286767039590914,0.000152936736058253,0.970877228143878,0.0502424987339831,0.00136332812519155,0.492543753080915,0.701543223580443,0.532903449273537,0.0295095119196996,0.016553856427515,0.000152936736058253,0.00136332812519155,0.662077700065997,0.854031455579003,0.0134821671935908,0.272575191167488,0.30677079927112,0.810431556229188,0.0293942620408108,0.147596440613735,0.0355040800043416,0.217619881174435,0.0696443689885258,0.000477364891163883,0.0822893185246842,0.886184865234988,0.855216957188812,0.272764539424561
20,0.306172013787737,0.929225519894401,0.451670409871768,0.90456049427032,0.911069267132721,4.10E-09,3.37E-08,0.980808892086885,0.00020591737277167,0.532660137729873,0.90456049427032,7.60E-08,1.27E-05,0.97712571290184,1.13E-07,0.00568067141755664,0.0110055764101034,4.10E-09,0.029536392763846,0.00176150559373045,1,0.574560568211751,0.811088663700076,0.986826561609468,0.887299543661466,0.90456049427032,6.23E-05,0.744463475537659,0.000361358002950563,0.414257882202146,0.85477198713145,0.00711250192636422,0.110963388256097,0.0816075447988745,0.0244022682614857,0.00889594336549264,2.24E-08,0.0816075447988745,0.958454237081258,0.980808892086885,3.24E-06,0.000815261949320821,0.273571685135534,8.99E-06,0.00889594336549264,0.0816075447988745,0.782800244172138,0.00106030086882156,0.169066118863168,2.24E-08,0.700135237751007,0.00020591737277167,0.986826561609468,0.811088663700076,0.000815261949320821,0.532660137729873,0.992947676668551,0.0593958381773488,6.23E-05,1.75E-05,0.661530209279299,0.782800244172138,0.811088663700076,0.992947676668551,0.029536392763846,0.0110055764101034,0.818874798674345,0.147023721819833,0.128066136616858,0.0134057617257494,4.10E-09,2.46E-07,0.620137738127565,7.64E-07,0.451670409871768,0.93522536341795,5.08E-08,0.00889594336549264,0.00020591737277167,1.59E-06
21,0.884386838736528,0.779417268614889,0.966838099682149,0.819645597622326,0.341245240348217,1.58E-06,9.10E-06,0.491029433031425,0.00889704380621187,0.997523577085,0.819645597622326,1.76E-05,0.00105843997709221,0.448500493336979,2.44E-05,0.0957187634480851,0.146241544892956,1.58E-06,0.274755425673875,0.0422763119276649,0.574560568211751,1,0.245286116193627,0.65744535079447,0.305817931623836,0.819645597622326,0.00362321412856011,0.956270302652342,0.0135473459423832,0.950539692107034,0.274404407896221,0.111151148730149,0.577596582010158,0.490715487145343,0.245285743849113,0.127421484595441,6.45E-06,0.490715487145343,0.413155214750176,0.491029433031425,0.000358942611460411,0.0242428619547776,0.84796908047428,0.00081617318056348,0.127421484595441,0.490715487145343,0.936084108293029,0.0292512575520054,0.700558448375927,6.45E-06,0.977973466380887,0.00889704380621187,0.65744535079447,0.245286116193627,0.0242428619547776,0.997523577085,0.534479204898405,0.414743874221467,0.00362321412856011,0.00136818754579131,0.978477861269368,0.936084108293029,0.245286116193627,0.534479204898405,0.274755425673875,0.146241544892956,0.904691601478538,0.655882765080173,0.616050786420786,0.16849263089097,1.58E-06,4.60E-05,0.992263992954082,0.000113950955186682,0.966838099682149,0.374974749281028,1.26E-05,0.127421484595441,0.00889704380621187,0.000204214891221634
22,0.0954117612269897,0.616604223314272,0.166042591037265,0.57777326014824,0.97695265789713,6.66E-11,6.96E-10,0.879573220656802,1.26E-05,0.217674770282009,0.57777326014824,1.69E-09,5.24E-07,0.897315201034093,2.65E-09,0.000625133779072319,0.00134528639489022,6.66E-11,0.00455595160867552,0.000152936736058253,0.811088663700076,0.245286116193627,1,0.734877977879494,0.979689149366749,0.57777326014824,3.23E-06,0.372678732458134,2.44E-05,0.144935821586561,0.989071705250932,0.000814935391428431,0.0244738801580536,0.0164444916841365,0.00362599699963531,0.00104357567988066,4.37E-10,0.0164444916841365,0.933701311871121,0.879573220656802,1.11E-07,6.16E-05,0.0812934341469798,3.62E-07,0.00104357567988066,0.0164444916841365,0.410419881564109,8.35E-05,0.0420021850938236,4.37E-10,0.340702758500578,1.26E-05,0.734877977879494,1,6.16E-05,0.217674770282009,0.851328252259439,0.0110113078920003,3.23E-06,7.65E-07,0.301037408454574,0.410419881564109,1,0.851328252259439,0.00455595160867552,0.00134528639489022,0.444690585255431,0.0350024653195142,0.0292624643309087,0.00175677399714742,6.66E-11,6.31E-09,0.272245740366898,2.21E-08,0.166042591037265,0.952553106811439,1.08E-09,0.00104357567988066,1.26E-05,5.01E-08
23,0.372766416660378,0.956534702419823,0.526842597052025,0.947828099938801,0.8485286031084,9.58E-09,7.53E-08,0.941663690023641,0.000362755760276916,0.61502456618779,0.947828099938801,1.67E-07,2.44E-05,0.935180597506351,2.46E-07,0.00874081306657349,0.0165761116366162,9.58E-09,0.04238558296799,0.00286767039590914,0.986826561609468,0.65744535079447,0.734877977879494,1,0.81882843761206,0.947828099938801,0.00011464333303891,0.816814334725105,0.00062014044594382,0.492406845960394,0.782614866570363,0.0109730695643639,0.147220635757812,0.109104548565527,0.0351439947534301,0.0135561253871329,5.05E-08,0.109104548565527,0.905388669393689,0.941663690023641,6.43E-06,0.00135284154236849,0.334964695713821,1.74E-05,0.0135561253871329,0.109104548565527,0.848734836153947,0.00175770988266339,0.217531838128026,5.05E-08,0.776359180028923,0.000362755760276916,1,0.734877977879494,0.00135284154236849,0.61502456618779,0.966669102682765,0.0818598755784881,0.00011464333303891,3.35E-05,0.740987614395194,0.848734836153947,0.734877977879494,0.966669102682765,0.04238558296799,0.0165761116366162,0.877641623940056,0.189010952484508,0.169069894331641,0.0198316950186996,9.58E-09,5.26E-07,0.701602853936641,1.59E-06,0.526842597052025,0.886662930540276,1.13E-07,0.0135561253871329,0.000362755760276916,3.19E-06
24,0.128168930822021,0.694913176327705,0.216517203187271,0.654748774770118,0.992792423009864,1.74E-10,1.70E-09,0.931003703958811,2.44E-05,0.273972832976287,0.654748774770118,4.11E-09,1.11E-06,0.959999250090721,6.31E-09,0.00104879889851806,0.0022515782311868,1.74E-10,0.00717106058164134,0.000274353342150558,0.887299543661466,0.305817931623836,0.979689149366749,0.81882843761206,1,0.654748774770118,6.45E-06,0.453717252828011,4.58E-05,0.192159459918549,0.997195973135916,0.00136126293598333,0.0354044753290167,0.0242716433120887,0.00572152918551217,0.00175963598246486,1.09E-09,0.0242716433120887,0.974381577047803,0.931003703958811,2.46E-07,0.00011440290613272,0.110591571128916,7.58E-07,0.00175963598246486,0.0242716433120887,0.49352099854892,0.000154152807170964,0.0597169002190086,1.09E-09,0.412679998048365,2.44E-05,0.81882843761206,0.979689149366749,0.00011440290613272,0.273972832976287,0.911471123538049,0.0165313916993837,6.45E-06,1.58E-06,0.376535059208849,0.49352099854892,0.979689149366749,0.911471123538049,0.00717106058164134,0.0022515782311868,0.533858740561751,0.0501060722023454,0.0422988604296938,0.00283684259936478,1.74E-10,1.47E-08,0.341246705046362,5.07E-08,0.216517203187271,0.985908881087285,2.65E-09,0.00175963598246486,2.44E-05,1.12E-07
25,0.532270649264898,0.992818431340139,0.691459661610438,1,0.702893317431192,4.99E-08,3.61E-07,0.848776109192941,0.00105401791077034,0.782652387650724,1,7.58E-07,8.44E-05,0.803508124448436,1.10E-06,0.020182395498813,0.0348046044506875,4.99E-08,0.0818054040845603,0.00710533071286593,0.90456049427032,0.819645597622326,0.57777326014824,0.947828099938801,0.654748774770118,1,0.000360663660010641,0.929304488470358,0.00175798723242625,0.648417504578213,0.61431357417874,0.0244101124374143,0.244874707818825,0.190741649794513,0.0701231437706053,0.0290426957929459,2.44E-07,0.190741649794513,0.777914652553831,0.848776109192941,2.40E-05,0.00356862462891602,0.488125412425503,6.28E-05,0.0290426957929459,0.190741649794513,0.951599515032924,0.00448821435903692,0.337372877076386,2.44E-07,0.914450686726039,0.00105401791077034,0.947828099938801,0.57777326014824,0.00356862462891602,0.782652387650724,0.883317042100029,0.147642718540242,0.000360663660010641,0.000114475504668313,0.868511041743177,0.951599515032924,0.57777326014824,0.883317042100029,0.0818054040845603,0.0348046044506875,0.958273256709556,0.302933060241939,0.271875589197173,0.0423325922200638,4.99E-08,2.27E-06,0.845260715011839,6.38E-06,0.691459661610438,0.736323771013213,5.18E-07,0.0290426957929459,0.00105401791077034,1.25E-05
26,0.01641219130103,0.000269527402242852,0.00702426812842405,0.000360663660010641,9.06E-06,0.188842704148848,0.339106070768991,3.30E-05,0.960086267781198,0.00456366730451046,0.000360663660010641,0.410890160941819,0.938518753758882,2.41E-05,0.453289570051572,0.487185911999126,0.374014744983805,0.188842704148848,0.217514078601512,0.701543223580443,6.23E-05,0.00362321412856011,3.23E-06,0.00011464333303891,6.45E-06,0.000360663660010641,1,0.00135939773611849,0.907945524886149,0.00881932513666693,4.59E-06,0.453749614144052,0.0701852669591408,0.0941267152036602,0.243498069618302,0.412376848450793,0.304075274268239,0.0941267152036602,1.75E-05,3.30E-05,0.807050375272851,0.804705465891078,0.0198186843713635,0.905922856759986,0.412376848450793,0.0941267152036602,0.00105020312179486,0.775763697721137,0.0422401775430618,0.304075274268239,0.00175234454558623,0.960086267781198,0.00011464333303891,3.23E-06,0.804705465891078,0.00456366730451046,4.56E-05,0.128337864454711,1,0.961167234487503,0.00222761562478985,0.00105020312179486,3.23E-06,4.56E-05,0.217514078601512,0.374014744983805,0.00080325120374339,0.0494221283260864,0.0596399429136409,0.33625203641485,0.188842704148848,0.534916160243682,0.00285038395707612,0.660022798370062,0.00702426812842405,1.27E-05,0.374506302031295,0.412376848450793,0.960086267781198,0.729140862794693
27,0.7424711403666,0.906024922459423,0.884252949090056,0.929304488470358,0.491757373312516,3.61E-07,2.27E-06,0.657077323796756,0.00362654178305527,0.935508428192827,0.929304488470358,4.60E-06,0.000362517201247778,0.619374382788288,6.46E-06,0.0499152615513198,0.0821609620537401,3.61E-07,0.168675851296622,0.0202013767105747,0.744463475537659,0.956270302652342,0.372678732458134,0.816814334725105,0.453717252828011,0.929304488470358,0.00135939773611849,1,0.00572479136333375,0.854128287398538,0.414145206106678,0.0590914134811773,0.412707220350664,0.338617746853444,0.147225047230389,0.0700499370484145,1.59E-06,0.338617746853444,0.576374168856665,0.657077323796756,0.000114795301880369,0.0110006446919344,0.700441078061342,0.000271211921777647,0.0700499370484145,0.338617746853444,0.997038129332157,0.0135369074363768,0.535342350518619,1.59E-06,0.992473275533992,0.00362654178305527,0.816814334725105,0.372678732458134,0.0110006446919344,0.935508428192827,0.701298941151647,0.273830085119715,0.00135939773611849,0.000473368176387349,0.988821861602256,0.997038129332157,0.372678732458134,0.701298941151647,0.168675851296622,0.0821609620537401,0.988655857087188,0.492180983917399,0.450953410900661,0.0950551978337661,3.61E-07,1.27E-05,0.978157084505794,3.35E-05,0.884252949090056,0.531716810195377,3.24E-06,0.0700499370484145,0.00362654178305527,6.26E-05
28,0.0504366952155208,0.00136891332878299,0.0243721529098676,0.00175798723242625,6.28E-05,0.0817589107416237,0.169074023938272,0.000205900858933327,0.985517458907288,0.0165917875983996,0.00175798723242625,0.217051770603123,0.740699851016846,0.000152773061707403,0.244768949222636,0.743434252442861,0.612310124514566,0.0817589107416237,0.412908692381374,0.910672140220721,0.000361358002950563,0.0135473459423832,2.44E-05,0.00062014044594382,4.58E-05,0.00175798723242625,0.907945524886149,0.00572479136333375,1,0.0292556888775361,3.35E-05,0.698418525601452,0.168682360365302,0.217378154721367,0.453913159675312,0.653933821406034,0.147358432731082,0.217378154721367,0.000114828355181545,0.000205900858933327,0.572794945169734,0.971322337194286,0.0595016310723813,0.70268173580985,0.653933821406034,0.217378154721367,0.00457155180434366,0.950176038301736,0.110835258830566,0.147358432731082,0.00717709865966484,0.985517458907288,0.00062014044594382,2.44E-05,0.971322337194286,0.0165917875983996,0.000274390877105444,0.274895033130582,0.907945524886149,0.777953562296025,0.00881917755476436,0.00457155180434366,2.44E-05,0.000274390877105444,0.412908692381374,0.612310124514566,0.00360523706349546,0.128138524282704,0.146236446499562,0.577027235418583,0.0817589107416237,0.306403550941,0.010970679338817,0.409608540327893,0.0243721529098676,8.43E-05,0.190249483735899,0.653933821406034,0.985517458907288,0.49181437897931
29,0.969788596561574,0.607200632448597,0.990065477865468,0.648417504578213,0.215421170748845,6.47E-06,3.32E-05,0.33563475444432,0.0201361178460816,0.966542792088468,0.648417504578213,6.27E-05,0.00286080703924065,0.30720806574567,8.45E-05,0.165569393440611,0.245439697241574,6.47E-06,0.412797372694199,0.0821872035926651,0.414257882202146,0.950539692107034,0.144935821586561,0.492406845960394,0.192159459918549,0.648417504578213,0.00881932513666693,0.854128287398538,0.0292556888775361,1,0.168645117179161,0.189694196908713,0.737489980445978,0.651608426291397,0.372857990454505,0.217551506837729,2.44E-05,0.651608426291397,0.2731478969156,0.33563475444432,0.00105966679408211,0.0502256775692673,0.950888700703091,0.00220693357191966,0.217551506837729,0.651608426291397,0.817646699869228,0.0597146164861045,0.854185411753837,2.44E-05,0.877030392592627,0.0201361178460816,0.492406845960394,0.144935821586561,0.0502256775692673,0.966542792088468,0.373239197674544,0.571366523892431,0.00881932513666693,0.0035825475807639,0.915929181068625,0.817646699869228,0.144935821586561,0.373239197674544,0.412797372694199,0.245439697241574,0.781517390558202,0.812677216298106,0.778794610438761,0.26979547998079,6.47E-06,0.000153046547878934,0.939615972908933,0.000361983002730823,0.990065477865468,0.243618527512253,4.60E-05,0.217551506837729,0.0201361178460816,0.000621836860939508
