,0,1,2,3,4,5,6,7,8,9,10,11,12,13,14,15,16,17,18,19,20,21,22,23,24,25,26,27,28,29,30,31,32,33,34,35,36,37,38,39,40,41,42,43,44,45,46,47,48,49,50,51,52,53,54,55,56,57,58,59,60,61,62,63,64,65,66,67,68,69,70,71,72,73,74,75,76,77,78,79
0,1.0,0.9044044451036934,0.4144297079291724,0.08734019094222698,0.13603297498235062,0.11723018396989429,0.008247212362413136,0.015945008009319136,0.006534337681177151,0.9884337468929266,0.08734019094222698,0.7977661777926749,0.9884337468929266,0.029419976485056988,0.9311792503869375,0.9493054770124173,0.1821936143116538,0.005305849185078454,0.9493054770124173,0.44662259360946993,0.006534337681177151,0.11971411234868809,0.019476575855298328,0.3752580777781561,0.15663333818088052,0.042680096325357686,0.9273912057733115,0.41500501175961213,0.33838154387914343,0.010393581588158167,0.9044044451036934,0.9884337468929266,0.33832865992524397,0.024545457025736312,0.005305562709614396,0.006582593968358694,0.005305849185078454,0.2641614653241958,0.029471433041603073,0.04298207702046521,0.0008780590429749689,0.7977661777926749,0.8648500221054977,0.575549576282091,0.614623763901556,0.33838154387914343,0.0005002813358937323,0.006582593968358694,0.9553748257411497,0.008452270155242322,0.029419976485056988,0.15663333818088052,0.0019592181328308422,0.41500501175961213,0.16003837838296758,0.11723018396989429,0.302485104280798,0.2697322082706104,0.8648500221054977,0.41500501175961213,0.2697322082706104,0.11723018396989429,0.2940193301962368,0.9718831823995899,0.02460486719964701,0.9971586748304253,0.8382452249559298,0.003260866827346701,0.029471433041603073,0.2940193301962368,0.013155088044708068,0.0041671285190264295,0.0005002813358937323,0.6990478502556773,0.20989363646865924,0.13536440715065498,0.6654384299743508,0.9553748257411497,0.15663333818088052,0.9573544684135747
1,0.9044044451036934,1.0,0.6768263614841679,0.21036373189365107,0.30056916275257634,0.04344338669437375,0.001942124934925149,0.0041355458970588795,0.0014908705686656764,0.956039428129065,0.21036373189365107,0.5436265269665188,0.956039428129065,0.08697365463610404,0.9961177055306425,0.9639922751397328,0.375513130685881,0.02008754101402061,0.9639922751397328,0.23655073693529577,0.0014908705686656764,0.2699426189138251,0.06169844968532802,0.6330495387814012,0.06197960245563774,0.11852025113285684,0.7513253110140178,0.2103530228128936,0.16047914566068106,0.036105509862312986,1.0,0.956039428129065,0.5883289689037378,0.006707828788764784,0.0011554460528538082,0.02442422772601219,0.02008754101402061,0.49598287808745817,0.008409277942006682,0.013094489948859336,0.00417618215563663,0.5436265269665188,0.6309378297446951,0.33564353590578866,0.37147076655514955,0.16047914566068106,0.002538028893743694,0.02442422772601219,0.9891598530650284,0.030005509004168634,0.08697365463610404,0.06197960245563774,0.00846269592634581,0.2103530228128936,0.3388761906503188,0.04344338669437375,0.1390726156921129,0.11985456950185738,0.6309378297446951,0.2103530228128936,0.11985456950185738,0.04344338669437375,0.5361834272791155,0.8358703617453566,0.07425324198322751,0.8731563461252969,0.9889463830882222,0.0006653463035089102,0.008409277942006682,0.5361834272791155,0.0032653989630716048,0.01633094201739452,0.002538028893743694,0.9212965184670469,0.41612748879711137,0.051905349243355554,0.41373187123513666,0.9891598530650284,0.06197960245563774,0.7976933236882765
2,0.4144297079291724,0.6768263614841679,1.0,0.6772996608083816,0.795857948288557,0.0032356744534033756,5.834883250525477e-05,0.00015104701576585948,4.2001618647059606e-05,0.4994831671714754,0.6772996608083816,0.13888232596801395,0.4994831671714754,0.4129930997562406,0.6305968206016226,0.5371153647224645,0.8729108785718908,0.16001163215094055,0.5371153647224645,0.03591923073707913,4.2001618647059606e-05,0.7623219273489945,0.33372124279316945,0.996680959769141,0.005265083823526061,0.4949818936306731,0.2662467843931573,0.030013142052872904,0.020098447331050494,0.23776264098688957,0.6768263614841679,0.4994831671714754,0.9882977352290984,0.0002790496361126311,3.0433948917219847e-05,0.183141115075996,0.16001163215094055,0.950451534057391,0.0003724868644656769,0.0006607887293925468,0.052490038863009576,0.13888232596801395,0.18353569455781069,0.06221598679381288,0.07320729114124425,0.020098447331050494,0.03629774899424326,0.183141115075996,0.5880948443110096,0.21017667650340635,0.4129930997562406,0.005265083823526061,0.08751924073190447,0.030013142052872904,0.8405287850128803,0.0032356744534033756,0.016285423251387463,0.013169663217062153,0.18353569455781069,0.030013142052872904,0.013169663217062153,0.0032356744534033756,0.9624314204077528,0.3371192335028248,0.3757824163580198,0.3752078704259741,0.761426281289282,1.5390269453810796e-05,0.0003724868644656769,0.9624314204077528,0.00011145876413291084,0.13906521492478474,0.03629774899424326,0.8640636521227079,0.9070207359047004,0.004130212010756319,0.08711309728078244,0.5880948443110096,0.005265083823526061,0.3011530016039881
3,0.08734019094222698,0.21036373189365107,0.6772996608083816,1.0,0.9653703679025553,0.00011040947111448594,8.020791000096819e-07,2.5230864696185767e-06,5.409773938257011e-07,0.11980835966566981,1.0,0.016292736264925996,0.11980835966566981,0.8987721575320118,0.1837128568193709,0.1371184837371844,0.930618861122943,0.5866224195478468,0.1371184837371844,0.0025036620597219707,5.409773938257011e-07,0.9887044159973642,0.8263765528630712,0.7203955971324374,0.00020452787156501572,0.9455838167332751,0.04313123850516101,0.001963862684238689,0.0011552971846987411,0.7158874966125098,0.21036373189365107,0.11980835966566981,0.7625230811045073,5.3184366922272914e-06,3.6824098428560166e-07,0.6277866034531474,0.5866224195478468,0.8333113862722183,7.5632078618930144e-06,1.5275580561753608e-05,0.30307951780632936,0.016292736264925996,0.024503550675629104,0.005268694556376253,0.006613198266802094,0.0011552971846987411,0.23867024053596528,0.6277866034531474,0.16054571526629707,0.676589527059843,0.8987721575320118,0.00020452787156501572,0.4158374642797125,0.001963862684238689,0.9570623243657559,0.00011040947111448594,0.0008771796864444948,0.0006648939758025086,0.024503550675629104,0.001963862684238689,0.0006648939758025086,0.00011040947111448594,0.7903651041176609,0.06223881069024786,0.8744009799676005,0.07409886594245549,0.26949087109652337,1.6354790492579783e-07,7.5632078618930144e-06,0.7903651041176609,1.7483046961640162e-06,0.5437880867102349,0.23867024053596528,0.37071761757342175,0.9071098230733864,0.00015033575252351375,0.008402346334614607,0.16054571526629707,0.00020452787156501572,0.052100491706224265
4,0.13603297498235062,0.30056916275257634,0.795857948288557,0.9653703679025553,1.0,0.00027927858489359253,2.548682569387103e-06,7.620151371382322e-06,1.7487816141455434e-06,0.18115505153916853,0.9653703679025553,0.029872766639206492,0.18115505153916853,0.8031489278151979,0.2670265448214399,0.21044547364087332,0.9875222626261058,0.45077893338224834,0.21044547364087332,0.005308170434035868,1.7487816141455434e-06,0.9854183104980171,0.7202529155144844,0.8340229952056428,0.0005005630096089742,0.8753757039413755,0.07419916708322769,0.004129588955907491,0.0025034057831661944,0.5872857654981658,0.30056916275257634,0.18115505153916853,0.8652044084301923,1.5178555388804199e-05,1.1810762420321464e-06,0.4994661532207167,0.45077893338224834,0.9340610598690785,2.1719903749839078e-05,4.248894460753695e-05,0.20788768046993095,0.029872766639206492,0.04376245542430464,0.010565082586862494,0.013179167808469576,0.0025034057831661944,0.1584805273840516,0.4994661532207167,0.23654441020134884,0.5369355248963377,0.8031489278151979,0.0005005630096089742,0.300150300198543,0.004129588955907491,0.9890656741413199,0.00027927858489359253,0.0019417569017036076,0.001489244609640657,0.04376245542430464,0.004129588955907491,0.001489244609640657,0.00027927858489359253,0.9065202435869425,0.10270014977764066,0.7527728407259671,0.1172481932891409,0.3730752510623628,5.416334753547147e-07,2.1719903749839078e-05,0.9065202435869425,5.267535328768992e-06,0.41196533773069693,0.1584805273840516,0.4999296675941162,0.9660840146229183,0.0003748520799267675,0.016325396068126576,0.23654441020134884,0.0005005630096089742,0.08761105682567513
5,0.11723018396989429,0.04344338669437375,0.0032356744534033756,0.00011040947111448594,0.00027927858489359253,1.0,0.588230234079589,0.7202435936380511,0.5434888163467148,0.08608980596664863,0.00011040947111448594,0.3747906811829971,0.08608980596664863,1.5407182499195545e-05,0.051976358171360273,0.07427201819219317,0.0005001024035687046,7.99917287177042e-07,0.07427201819219317,0.7200429554522252,0.5434888163467148,0.0002043746253392834,7.619687605513772e-06,0.002518251726761473,0.9883693386256854,3.044839459810947e-05,0.21022901515313835,0.754219616273389,0.8290895677846555,2.544223092810833e-06,0.04344338669437375,0.08608980596664863,0.0019400186762186249,0.7911597735666176,0.4943179118997265,1.1932797335774987e-06,7.99917287177042e-07,0.001154948671644425,0.8408224519329884,0.9070735360528881,4.594463680146092e-08,0.3747906811829971,0.30279382083679285,0.5868002030558829,0.5436796732447425,0.8290895677846555,1.93163730038558e-08,1.1932797335774987e-06,0.06199506781841327,1.7276238185966583e-06,1.5407182499195545e-05,0.9883693386256854,1.619777393727205e-07,0.754219616273389,0.00037196387200492845,1.0,0.8660539929850248,0.8943866162200109,0.30279382083679285,0.754219616273389,0.8943866162200109,1.0,0.0015094230197522972,0.16047275261463012,1.072441916944477e-05,0.13605783955643366,0.02973885724197443,0.4110592963542803,0.8408224519329884,0.0015094230197522972,0.6705114697166231,5.428416224629427e-07,1.93163730038558e-08,0.016318846418568934,0.0006587912540160311,0.9967008709921482,0.5001009922491947,0.06199506781841327,0.9883693386256854,0.18435150746474938
6,0.008247212362413136,0.001942124934925149,5.834883250525477e-05,8.020791000096819e-07,2.548682569387103e-06,0.588230234079589,1.0,0.9757784053687263,0.997142590883884,0.005210860921472052,8.020791000096819e-07,0.052194269581339964,0.005210860921472052,7.109076259397429e-08,0.0025031173704646846,0.004174330814441663,5.306215419630368e-06,2.007828897553859e-09,0.004174330814441663,0.1838787616544471,0.997142590883884,1.725925725121241e-06,3.023856041437306e-08,4.2061033213018134e-05,0.5002364419009665,1.636746620545081e-07,0.02010672829925909,0.2078284178194894,0.26568767598948473,8.049673611121042e-09,0.001942124934925149,0.005210860921472052,3.0029411534342936e-05,0.9199291656919837,0.9751285139744882,3.245077604287564e-09,2.007828897553859e-09,1.5404759988954615e-05,0.906267220138855,0.8405814942331803,6.794241082169378e-11,0.052194269581339964,0.03625424836652196,0.11973688622777776,0.10264327837366709,0.26568767598948473,2.453690206924626e-11,3.245077604287564e-09,0.0032249515302254545,5.050225272005389e-09,7.109076259397429e-08,0.5002364419009665,3.0063126838239206e-10,0.2078284178194894,3.6561265756118246e-06,0.588230234079589,0.29898394613923973,0.3332714552873921,0.03625424836652196,0.2078284178194894,0.3332714552873921,0.588230234079589,2.171897660087255e-05,0.013178071986257889,4.577154631424084e-08,0.010329554441069904,0.0011418602520455357,0.9434708405448702,0.906267220138855,2.171897660087255e-05,0.9767627749479552,1.2649597523576003e-09,2.453690206924626e-11,0.0005008515088309382,7.536831721655016e-06,0.5440540754520485,0.0875540808531349,0.0032249515302254545,0.5002364419009665,0.01631975731229686
7,0.015945008009319136,0.0041355458970588795,0.00015104701576585948,2.5230864696185767e-06,7.620151371382322e-06,0.7202435936380511,0.9757784053687263,1.0,0.957423871578854,0.010408490850628626,2.5230864696185767e-06,0.08706905143141012,0.010408490850628626,2.459992773462364e-07,0.0052408490614763254,0.008450191300585864,1.536749996615868e-05,7.920685030431668e-09,0.008450191300585864,0.2689598626246535,0.957423871578854,5.254051285792025e-06,1.0803036786708403e-07,0.00011060543670008044,0.633056068085945,5.483856428021437e-07,0.036350454519438274,0.2999716859917616,0.3712550296330545,3.0242589112473494e-08,0.0041355458970588795,0.010408490850628626,8.028325878464908e-05,0.9759983876108457,0.9224871806672841,1.2592044855401618e-08,7.920685030431668e-09,4.2492188647585846e-05,0.9746994470118622,0.9339888832411257,3.004202055522155e-10,0.08706905143141012,0.062440050214126894,0.18424930829144692,0.16021463619286336,0.3712550296330545,1.1205043069138163e-10,1.2592044855401618e-08,0.0066492918272017115,1.9294053049517147e-08,2.459992773462364e-07,0.633056068085945,1.2657696584316145e-09,0.2999716859917616,1.0771220300744409e-05,0.7202435936380511,0.4105914801336889,0.45065829947544084,0.062440050214126894,0.2999716859917616,0.45065829947544084,0.7202435936380511,5.890157308626262e-05,0.024626567637492092,1.6121264430484725e-07,0.01965407457597113,0.0025107848286117012,0.8640512730632506,0.9746994470118622,5.890157308626262e-05,0.9856635063878111,5.073667079386674e-09,1.1205043069138163e-10,0.0011548806931555328,2.1503304779197418e-05,0.677188270711986,0.13906012395718656,0.0066492918272017115,0.633056068085945,0.029989343405402522
8,0.006534337681177151,0.0014908705686656764,4.2001618647059606e-05,5.409773938257011e-07,1.7487816141455434e-06,0.5434888163467148,0.997142590883884,0.957423871578854,1.0,0.00408706423899131,5.409773938257011e-07,0.043461473962691836,0.00408706423899131,4.645146932998176e-08,0.0019304779115792167,0.003261492680530939,3.678159915377153e-06,1.2537428674205219e-09,0.003261492680530939,0.1599714879502922,1.0,1.1760873390726165e-06,1.9557058290191082e-08,3.0098656922482512e-05,0.45751819037542657,1.0819452639645501e-07,0.01632988761145485,0.18173426726878186,0.23477259046259819,5.123165748684901e-09,0.0014908705686656764,0.00408706423899131,2.1367152669487255e-05,0.891775789344114,0.9808961733182578,2.0432986266572817e-09,1.2537428674205219e-09,1.0864239373615564e-05,0.8741292705801927,0.802247470471814,4.0875832269095906e-11,0.043461473962691836,0.029874036902875295,0.10265120457648638,0.08743839830024902,0.23477259046259819,1.459880373319089e-11,2.0432986266572817e-09,0.0025025474168306043,3.18945932224523e-09,4.645146932998176e-08,0.45751819037542657,1.8383125140737622e-10,0.18173426726878186,2.5191168151350194e-06,0.5434888163467148,0.2654527570020978,0.29758384885831407,0.029874036902875295,0.18173426726878186,0.29758384885831407,0.5434888163467148,1.540333503368892e-05,0.010579799296684962,2.9694909561414397e-08,0.008230682450721708,0.0008668102147211457,0.9593377119174515,0.8741292705801927,1.540333503368892e-05,0.9614360177705604,7.863001032124975e-10,1.459880373319089e-11,0.00037496904812253645,5.2501317317540295e-06,0.5002665139744156,0.07418136508594753,0.0025025474168306043,0.45751819037542657,0.013168850217512846
9,0.9884337468929266,0.956039428129065,0.4994831671714754,0.11980835966566981,0.18115505153916853,0.08608980596664863,0.005210860921472052,0.010408490850628626,0.00408706423899131,1.0,0.11980835966566981,0.7173805621225775,1.0,0.04316502850844197,0.9721977137330647,0.9752555177023547,0.2370375167518948,0.008444033862477886,0.9752555177023547,0.3689491581313408,0.00408706423899131,0.16050414305541308,0.029246385485166372,0.45672579870609237,0.11770872899370265,0.061388864811667866,0.8848511389505295,0.33861528434367133,0.2699526475573727,0.01612035987806119,0.956039428129065,1.0,0.41595637194288787,0.016313782529130162,0.003263133810776583,0.01043599588576067,0.008444033862477886,0.3335185026451247,0.019833932859576898,0.029575746234213322,0.001509534412342059,0.7173805621225775,0.7955043285278115,0.4926545914463179,0.5309328805626761,0.2699526475573727,0.0008783266704674238,0.01043599588576067,0.9882186665349632,0.01317799750233374,0.04316502850844197,0.11770872899370265,0.003261092550175968,0.33861528434367133,0.21011827048529197,0.08608980596664863,0.23842550788161868,0.21041282936422234,0.7955043285278115,0.33861528434367133,0.21041282936422234,0.08608980596664863,0.3674607992029902,0.9457799451780161,0.036329265694829756,0.9755336339510711,0.9048360055693733,0.0019624242275711715,0.019833932859576898,0.3674607992029902,0.008448259042663416,0.006717072197486168,0.0008783266704674238,0.7840983245370404,0.2697239968065801,0.10062782073731073,0.5808743269946364,0.9882186665349632,0.11770872899370265,0.9210626820515737
10,0.08734019094222698,0.21036373189365107,0.6772996608083816,1.0,0.9653703679025553,0.00011040947111448594,8.020791000096819e-07,2.5230864696185767e-06,5.409773938257011e-07,0.11980835966566981,1.0,0.016292736264925996,0.11980835966566981,0.8987721575320118,0.1837128568193709,0.1371184837371844,0.930618861122943,0.5866224195478468,0.1371184837371844,0.0025036620597219707,5.409773938257011e-07,0.9887044159973642,0.8263765528630712,0.7203955971324374,0.00020452787156501572,0.9455838167332751,0.04313123850516101,0.001963862684238689,0.0011552971846987411,0.7158874966125098,0.21036373189365107,0.11980835966566981,0.7625230811045073,5.3184366922272914e-06,3.6824098428560166e-07,0.6277866034531474,0.5866224195478468,0.8333113862722183,7.5632078618930144e-06,1.5275580561753608e-05,0.30307951780632936,0.016292736264925996,0.024503550675629104,0.005268694556376253,0.006613198266802094,0.0011552971846987411,0.23867024053596528,0.6277866034531474,0.16054571526629707,0.676589527059843,0.8987721575320118,0.00020452787156501572,0.4158374642797125,0.001963862684238689,0.9570623243657559,0.00011040947111448594,0.0008771796864444948,0.0006648939758025086,0.024503550675629104,0.001963862684238689,0.0006648939758025086,0.00011040947111448594,0.7903651041176609,0.06223881069024786,0.8744009799676005,0.07409886594245549,0.26949087109652337,1.6354790492579783e-07,7.5632078618930144e-06,0.7903651041176609,1.7483046961640162e-06,0.5437880867102349,0.23867024053596528,0.37071761757342175,0.9071098230733864,0.00015033575252351375,0.008402346334614607,0.16054571526629707,0.00020452787156501572,0.052100491706224265
11,0.7977661777926749,0.5436265269665188,0.13888232596801395,0.016292736264925996,0.029872766639206492,0.3747906811829971,0.052194269581339964,0.08706905143141012,0.043461473962691836,0.7173805621225775,0.016292736264925996,1.0,0.7173805621225775,0.004162254951839529,0.5875909625670495,0.6725824075784155,0.043802612590150496,0.0004995525016955785,0.6725824075784155,0.8364255457659526,0.043461473962691836,0.02459217883460423,0.002515193432916775,0.11984036035524846,0.4544270745685033,0.006675335927338598,0.9250528464660771,0.8011368461298289,0.7184835038356777,0.001149846376018247,0.5436265269665188,0.7173805621225775,0.10258753678838022,0.11929038599128976,0.03630833765606279,0.0006616150763806489,0.0004995525016955785,0.07390769117243973,0.138760820797845,0.1837105517770636,5.883309512208206e-05,1.0,0.9883543714781958,0.9280153391718479,0.9500197849597549,0.7184835038356777,3.040111897229767e-05,0.0006616150763806489,0.6321840787452923,0.0008774942021363315,0.004162254951839529,0.4544270745685033,0.00015218419121061465,0.8011368461298289,0.03634870311241232,0.3747906811829971,0.6764124579656566,0.6313595940161343,0.9883543714781958,0.8011368461298289,0.6313595940161343,0.3747906811829971,0.08681469136078021,0.8728630827022386,0.003258680758898553,0.8351464799216842,0.45723378765308265,0.024589487942511822,0.138760820797845,0.08681469136078021,0.0742192509632889,0.00037458230097575163,3.040111897229767e-05,0.33580228040200394,0.052463211047934784,0.4130270463012924,0.9730845581508287,0.6321840787452923,0.4544270745685033,0.9042013140040795
12,0.9884337468929266,0.956039428129065,0.4994831671714754,0.11980835966566981,0.18115505153916853,0.08608980596664863,0.005210860921472052,0.010408490850628626,0.00408706423899131,1.0,0.11980835966566981,0.7173805621225775,1.0,0.04316502850844197,0.9721977137330647,0.9752555177023547,0.2370375167518948,0.008444033862477886,0.9752555177023547,0.3689491581313408,0.00408706423899131,0.16050414305541308,0.029246385485166372,0.45672579870609237,0.11770872899370265,0.061388864811667866,0.8848511389505295,0.33861528434367133,0.2699526475573727,0.01612035987806119,0.956039428129065,1.0,0.41595637194288787,0.016313782529130162,0.003263133810776583,0.01043599588576067,0.008444033862477886,0.3335185026451247,0.019833932859576898,0.029575746234213322,0.001509534412342059,0.7173805621225775,0.7955043285278115,0.4926545914463179,0.5309328805626761,0.2699526475573727,0.0008783266704674238,0.01043599588576067,0.9882186665349632,0.01317799750233374,0.04316502850844197,0.11770872899370265,0.003261092550175968,0.33861528434367133,0.21011827048529197,0.08608980596664863,0.23842550788161868,0.21041282936422234,0.7955043285278115,0.33861528434367133,0.21041282936422234,0.08608980596664863,0.3674607992029902,0.9457799451780161,0.036329265694829756,0.9755336339510711,0.9048360055693733,0.0019624242275711715,0.019833932859576898,0.3674607992029902,0.008448259042663416,0.006717072197486168,0.0008783266704674238,0.7840983245370404,0.2697239968065801,0.10062782073731073,0.5808743269946364,0.9882186665349632,0.11770872899370265,0.9210626820515737
13,0.029419976485056988,0.08697365463610404,0.4129930997562406,0.8987721575320118,0.8031489278151979,1.5407182499195545e-05,7.109076259397429e-08,2.459992773462364e-07,4.645146932998176e-08,0.04316502850844197,0.8987721575320118,0.004162254951839529,0.04316502850844197,1.0,0.07361760486587114,0.05251707136566144,0.7200742390778998,0.830384640004138,0.05251707136566144,0.0005004232575745085,4.645146932998176e-08,0.8325457884557929,0.9878332103885682,0.4544650365640008,3.043106969433408e-05,0.9882713836935103,0.013162707104659242,0.00037136656701609134,0.0002042976314405274,0.9327091173643458,0.08697365463610404,0.04316502850844197,0.4951509953756525,5.411734339199233e-07,2.995413312944947e-08,0.8742438873217117,0.830384640004138,0.5880393281271485,8.118778354126153e-07,1.7504136680995643e-06,0.5383199816982823,0.004162254951839529,0.006717832304683064,0.0011522947722843637,0.0015089583536925329,0.0002042976314405274,0.4524207297684872,0.8742438873217117,0.06210184626022636,0.8971059832406368,1.0,3.043106969433408e-05,0.6715026190437079,0.00037136656701609134,0.7578363052708573,1.5407182499195545e-05,0.00015093481098097078,0.00011027171401215974,0.006717832304683064,0.00037136656701609134,0.00011027171401215974,1.5407182499195545e-05,0.5433254752580855,0.02009936921175545,0.9859925827607232,0.02414991890506077,0.11901037191381139,1.2462571386869768e-08,8.118778354126153e-07,0.5433254752580855,1.6230540134203166e-07,0.7963395786989959,0.4524207297684872,0.18412782886305568,0.6715861303009706,2.170320083491199e-05,0.001963462721532798,0.06210184626022636,3.043106969433408e-05,0.01633142549755668
14,0.9311792503869375,0.9961177055306425,0.6305968206016226,0.1837128568193709,0.2670265448214399,0.051976358171360273,0.0025031173704646846,0.0052408490614763254,0.0019304779115792167,0.9721977137330647,0.1837128568193709,0.5875909625670495,0.9721977137330647,0.07361760486587114,1.0,0.9756427359254897,0.33738542139033,0.016324585601917803,0.9756427359254897,0.2672651985200129,0.0019304779115792167,0.23867880175272327,0.05163776760499239,0.5876230095841686,0.07320596453841896,0.10122917146004963,0.7878867055125888,0.23818278440170115,0.1838049707336754,0.029658973084684365,0.9961177055306425,0.9721977137330647,0.5432402663999709,0.008406360385959773,0.0015086486917243714,0.019847295761343305,0.016324585601917803,0.45200676013079066,0.01050948276994662,0.016178247946066197,0.00326132176556742,0.5875909625670495,0.6746299225216856,0.37098837402009704,0.4102065999389342,0.1838049707336754,0.001962405471463336,0.019847295761343305,0.9957686170905208,0.024611541065330533,0.07361760486587114,0.07320596453841896,0.006719066441583672,0.23818278440170115,0.3028547504024601,0.051976358171360273,0.16059839215028937,0.13893772185295425,0.6746299225216856,0.23818278440170115,0.13893772185295425,0.051976358171360273,0.49158169213396563,0.8676238293286336,0.06260674199656169,0.9031477813280854,0.9756480131706409,0.000878226144482399,0.01050948276994662,0.49158169213396563,0.0041748547237654456,0.013170803679723203,0.001962405471463336,0.891475025733129,0.3756522042214537,0.06167413109132299,0.4537242535142503,0.9957686170905208,0.07320596453841896,0.8336541894125806
15,0.9493054770124173,0.9639922751397328,0.5371153647224645,0.1371184837371844,0.21044547364087332,0.07427201819219317,0.004174330814441663,0.008450191300585864,0.003261492680530939,0.9752555177023547,0.1371184837371844,0.6725824075784155,0.9752555177023547,0.05251707136566144,0.9756427359254897,1.0,0.2691080248014086,0.010400068429031102,1.0,0.3386013709121925,0.003261492680530939,0.18149773495670105,0.036365467762780074,0.49456163909291695,0.10263443173137764,0.07422816679207585,0.8747752651230062,0.29864409997928265,0.23465984845045368,0.02004011418403817,0.9639922751397328,0.9752555177023547,0.4503068100114342,0.012931950184304748,0.002499662684429638,0.01314904741456647,0.010400068429031102,0.3760329295802005,0.016315950936427976,0.02461715381296267,0.001932072016568649,0.6725824075784155,0.7606967278042861,0.45560276980931785,0.5002474514358312,0.23465984845045368,0.0011361608604093323,0.01314904741456647,0.9833117070083593,0.016057019754266873,0.05251707136566144,0.10263443173137764,0.0041199461186447175,0.29864409997928265,0.23632738857420965,0.07427201819219317,0.20750378035536443,0.1810431976712446,0.7606967278042861,0.29864409997928265,0.1810431976712446,0.07427201819219317,0.4160290454720304,0.9325795712059859,0.04309469222428734,0.9314939242775433,0.9231526226523814,0.0014861745223498626,0.016315950936427976,0.4160290454720304,0.0066350052603461026,0.008347112753622023,0.0011361608604093323,0.8405263197821906,0.2991428874742836,0.08755656297866159,0.5433035895508954,0.9833117070083593,0.10263443173137764,0.9064424588670346
16,0.1821936143116538,0.375513130685881,0.8729108785718908,0.930618861122943,0.9875222626261058,0.0005001024035687046,5.306215419630368e-06,1.536749996615868e-05,3.678159915377153e-06,0.2370375167518948,0.930618861122943,0.043802612590150496,0.2370375167518948,0.7200742390778998,0.33738542139033,0.2691080248014086,1.0,0.3740789724181162,0.2691080248014086,0.00843829897944767,3.678159915377153e-06,0.9714486520640366,0.6299469802349701,0.9049458432538837,0.0008767429590968449,0.8005976622583912,0.10224623358338661,0.006693656573240943,0.004151456216973895,0.4991837027729746,0.375513130685881,0.2370375167518948,0.9301580695669031,3.0240629150169694e-05,2.537796275486301e-06,0.41514909977427517,0.3740789724181162,0.9740487386299488,4.246478663111671e-05,8.125761831845304e-05,0.15982309251728719,0.043802612590150496,0.06264114350797087,0.01627261914088413,0.020030837424575093,0.004151456216973895,0.11926520202102188,0.41514909977427517,0.30217160049449887,0.455128819648716,0.7200742390778998,0.0008767429590968449,0.238176259229542,0.006693656573240943,0.9948510242785307,0.0005001024035687046,0.0032515501909974103,0.0025240731908617443,0.06264114350797087,0.006693656573240943,0.0025240731908617443,0.0005001024035687046,0.9532409374499022,0.1390261390131949,0.6736022547901324,0.15872616942160808,0.45614228436046916,1.1894966453386425e-06,4.246478663111671e-05,0.9532409374499022,1.083089436045677e-05,0.3376658884601137,0.11926520202102188,0.5858344886214357,0.9936715205907523,0.0006631945183522308,0.024622358022329014,0.30217160049449887,0.0008767429590968449,0.1198198380193988
17,0.005305849185078454,0.02008754101402061,0.16001163215094055,0.5866224195478468,0.45077893338224834,7.99917287177042e-07,2.007828897553859e-09,7.920685030431668e-09,1.2537428674205219e-09,0.008444033862477886,0.5866224195478468,0.0004995525016955785,0.008444033862477886,0.830384640004138,0.016324585601917803,0.010400068429031102,0.3740789724181162,1.0,0.010400068429031102,4.1878025810383854e-05,1.2537428674205219e-09,0.4997627692317174,0.8869742252449083,0.18406795794514313,1.7185347332912676e-06,0.7483780145367335,0.0019175539399357941,3.0373290507465118e-05,1.537635498267127e-05,0.9618230021470502,0.02008754101402061,0.008444033862477886,0.2103011698731707,1.9468291312682232e-08,7.97056398626401e-10,0.9812136552935129,1.0,0.2658211873044695,2.9919162451799106e-08,7.023432592368865e-08,0.8751287963608102,0.0004995525016955785,0.0008736121074847899,0.00010966377236614824,0.00014940880170575212,1.537635498267127e-05,0.8030157211547312,0.9812136552935129,0.013172014224463402,0.988727413744844,0.830384640004138,1.7185347332912676e-06,0.9568964458386243,3.0373290507465118e-05,0.4155142257898309,7.99917287177042e-07,1.0866562479527574e-05,7.619973654754847e-06,0.0008736121074847899,3.0373290507465118e-05,7.619973654754847e-06,7.99917287177042e-07,0.23378004291840854,0.003226041246599797,0.875645147263269,0.004167707175668339,0.02999750734522253,3.042732324271588e-10,2.9919162451799106e-08,0.23378004291840854,5.127187315626883e-09,0.9960704761984135,0.8030157211547312,0.0514003544818509,0.338127456717889,1.171807005342877e-06,0.00020446761808111548,0.013172014224463402,1.7185347332912676e-06,0.002508548277473352
18,0.9493054770124173,0.9639922751397328,0.5371153647224645,0.1371184837371844,0.21044547364087332,0.07427201819219317,0.004174330814441663,0.008450191300585864,0.003261492680530939,0.9752555177023547,0.1371184837371844,0.6725824075784155,0.9752555177023547,0.05251707136566144,0.9756427359254897,1.0,0.2691080248014086,0.010400068429031102,1.0,0.3386013709121925,0.003261492680530939,0.18149773495670105,0.036365467762780074,0.49456163909291695,0.10263443173137764,0.07422816679207585,0.8747752651230062,0.29864409997928265,0.23465984845045368,0.02004011418403817,0.9639922751397328,0.9752555177023547,0.4503068100114342,0.012931950184304748,0.002499662684429638,0.01314904741456647,0.010400068429031102,0.3760329295802005,0.016315950936427976,0.02461715381296267,0.001932072016568649,0.6725824075784155,0.7606967278042861,0.45560276980931785,0.5002474514358312,0.23465984845045368,0.0011361608604093323,0.01314904741456647,0.9833117070083593,0.016057019754266873,0.05251707136566144,0.10263443173137764,0.0041199461186447175,0.29864409997928265,0.23632738857420965,0.07427201819219317,0.20750378035536443,0.1810431976712446,0.7606967278042861,0.29864409997928265,0.1810431976712446,0.07427201819219317,0.4160290454720304,0.9325795712059859,0.04309469222428734,0.9314939242775433,0.9231526226523814,0.0014861745223498626,0.016315950936427976,0.4160290454720304,0.0066350052603461026,0.008347112753622023,0.0011361608604093323,0.8405263197821906,0.2991428874742836,0.08755656297866159,0.5433035895508954,0.9833117070083593,0.10263443173137764,0.9064424588670346
19,0.44662259360946993,0.23655073693529577,0.03591923073707913,0.0025036620597219707,0.005308170434035868,0.7200429554522252,0.1838787616544471,0.2689598626246535,0.1599714879502922,0.3689491581313408,0.0025036620597219707,0.8364255457659526,0.3689491581313408,0.0005004232575745085,0.2672651985200129,0.3386013709121925,0.00843829897944767,4.1878025810383854e-05,0.3386013709121925,1.0,0.1599714879502922,0.004120212893736647,0.0002787620633477853,0.029718650455158268,0.8000777559339469,0.000876643492999981,0.6304878923224622,0.9826596390764714,0.9594337888532624,0.00011094854871242797,0.23655073693529577,0.3689491581313408,0.024296720860994735,0.3322497557578772,0.13728603548368146,5.861959675838508e-05,4.1878025810383854e-05,0.016275927367428982,0.3761414356165547,0.4568078562628101,3.641733760369242e-06,0.8364255457659526,0.7614280001781898,0.968686565819056,0.9570561704165831,0.9594337888532624,1.726020310170696e-06,5.861959675838508e-05,0.29957965685789006,8.017847083878332e-05,0.0005004232575745085,0.8000777559339469,1.0744085755952672e-05,0.9826596390764714,0.006657979813203427,0.7200429554522252,0.9470299350764279,0.9199260034103054,0.7614280001781898,0.9826596390764714,0.9199260034103054,0.7200429554522252,0.020060580313308547,0.5421287297077149,0.0003697926627368949,0.48801976039237005,0.18260608357242533,0.10135377289692306,0.3761414356165547,0.020060580313308547,0.23643882042119962,3.0102811003158358e-05,1.726020310170696e-06,0.11958514975505999,0.0104599214482234,0.7607024029190792,0.9325498096334892,0.29957965685789006,0.8000777559339469,0.587667259965418
20,0.006534337681177151,0.0014908705686656764,4.2001618647059606e-05,5.409773938257011e-07,1.7487816141455434e-06,0.5434888163467148,0.997142590883884,0.957423871578854,1.0,0.00408706423899131,5.409773938257011e-07,0.043461473962691836,0.00408706423899131,4.645146932998176e-08,0.0019304779115792167,0.003261492680530939,3.678159915377153e-06,1.2537428674205219e-09,0.003261492680530939,0.1599714879502922,1.0,1.1760873390726165e-06,1.9557058290191082e-08,3.0098656922482512e-05,0.45751819037542657,1.0819452639645501e-07,0.01632988761145485,0.18173426726878186,0.23477259046259819,5.123165748684901e-09,0.0014908705686656764,0.00408706423899131,2.1367152669487255e-05,0.891775789344114,0.9808961733182578,2.0432986266572817e-09,1.2537428674205219e-09,1.0864239373615564e-05,0.8741292705801927,0.802247470471814,4.0875832269095906e-11,0.043461473962691836,0.029874036902875295,0.10265120457648638,0.08743839830024902,0.23477259046259819,1.459880373319089e-11,2.0432986266572817e-09,0.0025025474168306043,3.18945932224523e-09,4.645146932998176e-08,0.45751819037542657,1.8383125140737622e-10,0.18173426726878186,2.5191168151350194e-06,0.5434888163467148,0.2654527570020978,0.29758384885831407,0.029874036902875295,0.18173426726878186,0.29758384885831407,0.5434888163467148,1.540333503368892e-05,0.010579799296684962,2.9694909561414397e-08,0.008230682450721708,0.0008668102147211457,0.9593377119174515,0.8741292705801927,1.540333503368892e-05,0.9614360177705604,7.863001032124975e-10,1.459880373319089e-11,0.00037496904812253645,5.2501317317540295e-06,0.5002665139744156,0.07418136508594753,0.0025025474168306043,0.45751819037542657,0.013168850217512846
21,0.11971411234868809,0.2699426189138251,0.7623219273489945,0.9887044159973642,0.9854183104980171,0.0002043746253392834,1.725925725121241e-06,5.254051285792025e-06,1.1760873390726165e-06,0.16050414305541308,0.9887044159973642,0.02459217883460423,0.16050414305541308,0.8325457884557929,0.23867880175272327,0.18149773495670105,0.9714486520640366,0.4997627692317174,0.18149773495670105,0.004120212893736647,1.1760873390726165e-06,1.0,0.7485630429677331,0.8029612510318348,0.00036998865528660094,0.8938484888412458,0.061483151960326055,0.003264143200480632,0.0019633348966656278,0.6271245422290209,0.2699426189138251,0.16050414305541308,0.8410228370485885,1.0849453365583138e-05,8.118985865972207e-07,0.5381191925709805,0.4997627692317174,0.8970649986639324,1.5271663055464666e-05,3.017017497845675e-05,0.2390500025459975,0.02459217883460423,0.036182022898732145,0.008364323398061308,0.010411726788995244,0.0019633348966656278,0.1843258684188285,0.5381191925709805,0.21050319089922845,0.5884068452585276,0.8325457884557929,0.00036998865528660094,0.3388391955925719,0.003264143200480632,0.9889016745028847,0.0002043746253392834,0.001509346385987288,0.0011555627743884576,0.036182022898732145,0.003264143200480632,0.0011555627743884576,0.0002043746253392834,0.8601213777995507,0.08689849196571994,0.8029760249355554,0.1026155607330709,0.3386645080047628,3.684998447686331e-07,1.5271663055464666e-05,0.8601213777995507,3.692436484973981e-06,0.45754868935323184,0.1843258684188285,0.4495023019368628,0.957417145491342,0.00027498356835186884,0.013079176612272914,0.21050319089922845,0.00036998865528660094,0.07359379538660249
22,0.019476575855298328,0.06169844968532802,0.33372124279316945,0.8263765528630712,0.7202529155144844,7.619687605513772e-06,3.023856041437306e-08,1.0803036786708403e-07,1.9557058290191082e-08,0.029246385485166372,0.8263765528630712,0.002515193432916775,0.029246385485166372,0.9878332103885682,0.05163776760499239,0.036365467762780074,0.6299469802349701,0.8869742252449083,0.036365467762780074,0.0002787620633477853,1.9557058290191082e-08,0.7485630429677331,1.0,0.37120329648723466,1.538660560174626e-05,0.9569022202718916,0.008457814905131152,0.0002030779136811482,0.00010920783330750903,0.972002935198209,0.06169844968532802,0.029246385485166372,0.40824652853004595,2.4079076111502414e-07,1.2356517035128542e-08,0.9316135905441778,0.8869742252449083,0.4994265893843107,3.6779499216528005e-07,8.106404755388288e-07,0.6206629149202088,0.002515193432916775,0.004157502941189169,0.0006626607902715383,0.000879058843004326,0.00010920783330750903,0.5328840536113333,0.9316135905441778,0.043088360123914725,0.938130535831657,0.9878332103885682,1.538660560174626e-05,0.7500248940983301,0.0002030779136811482,0.6677246531379301,7.619687605513772e-06,7.988642331388019e-05,5.767398403397384e-05,0.004157502941189169,0.0002030779136811482,5.767398403397384e-05,7.619687605513772e-06,0.45750050413169563,0.013151557971750728,0.9767033323984811,0.015817498436182565,0.08626531306994004,5.030086149564568e-09,3.6779499216528005e-07,0.45750050413169563,6.996079913657255e-08,0.8611190893670984,0.5328840536113333,0.13912866596217768,0.5787183962158651,1.0862812223488857e-05,0.0011530839098964115,0.043088360123914725,1.538660560174626e-05,0.010576264482114394
23,0.3752580777781561,0.6330495387814012,0.996680959769141,0.7203955971324374,0.8340229952056428,0.002518251726761473,4.2061033213018134e-05,0.00011060543670008044,3.0098656922482512e-05,0.45672579870609237,0.7203955971324374,0.11984036035524846,0.45672579870609237,0.4544650365640008,0.5876230095841686,0.49456163909291695,0.9049458432538837,0.18406795794514313,0.49456163909291695,0.029718650455158268,3.0098656922482512e-05,0.8029612510318348,0.37120329648723466,1.0,0.004136276347858141,0.5381984568028593,0.23565324829020798,0.0246212501090974,0.0163162478769367,0.26822399504522215,0.6330495387814012,0.45672579870609237,0.9969318710184717,0.00020633997597721424,2.171786854873343e-05,0.20886447094650742,0.18406795794514313,0.9683045186045907,0.0002776539353033746,0.0004976978940360713,0.06262572284001788,0.11984036035524846,0.16012958499426105,0.05209561255708304,0.06184719986573168,0.0163162478769367,0.04380465477541317,0.20886447094650742,0.5440004275877955,0.2389089651675077,0.4544650365640008,0.004136276347858141,0.10276863885066126,0.0246212501090974,0.875853479193045,0.002518251726761473,0.01317754114661694,0.010585542048007535,0.16012958499426105,0.0246212501090974,0.010585542048007535,0.002518251726761473,0.975846978732258,0.30165762915710953,0.4159044469448744,0.33771214921959003,0.7205405767105012,1.0864603642328016e-05,0.0002776539353033746,0.975846978732258,8.13194522781738e-05,0.1606006900972636,0.04380465477541317,0.8298608707576122,0.9343877104817535,0.0032287456387000745,0.07389278851372018,0.5440004275877955,0.004136276347858141,0.268308872963037
