,0,1,2,3,4,5,6,7,8,9,10,11,12,13,14,15,16,17,18,19,20,21,22,23,24,25,26,27,28,29,30,31,32,33,34,35,36,37,38,39,40,41,42,43,44,45,46,47,48,49,50,51,52,53,54,55,56,57,58,59,60,61,62,63,64,65,66,67,68,69,70,71,72,73,74,75,76,77,78,79
0,1.0,0.254,0.0,0.229,0.012,0.035,0.071,0.044,0.0,0.141,0.086,0.045,0.065,0.209,0.004,0.0,0.001,0.001,0.106,0.037,0.388,0.004,0.648,0.0,0.64,0.0,0.062,0.054,0.101,0.098,0.173,0.076,0.317,0.047,0.049,0.197,0.002,0.206,0.332,0.566,0.008,0.0,0.205,0.001,0.021,0.094,0.403,0.127,0.019,0.06,0.156,0.006,0.913,0.235,0.019,0.568,0.113,0.045,0.031,0.002,0.0,0.01,0.003,0.042,0.377,0.0,0.014,0.007,0.091,0.049,0.234,0.125,0.101,0.001,0.021,0.065,0.002,0.108,0.042,0.59
1,0.254,1.0,0.07,0.016,0.177,0.333,0.139,0.072,0.111,0.274,0.201,0.206,0.264,0.299,0.023,0.173,0.018,0.182,0.304,0.184,0.045,0.256,0.161,0.001,0.181,0.063,0.087,0.062,0.198,0.033,0.504,0.11,0.224,0.2,0.005,0.689,0.088,0.026,0.196,0.141,0.016,0.261,0.028,0.025,0.314,0.234,0.052,0.268,0.336,0.131,0.5,0.025,0.357,0.022,0.051,0.167,0.207,0.042,0.227,0.244,0.084,0.155,0.074,0.008,0.05,0.031,0.025,0.097,0.157,0.543,0.171,0.755,0.177,0.02,0.212,0.288,0.034,0.167,0.001,0.098
2,0.0,0.07,1.0,0.035,0.299,0.613,0.06,0.137,0.223,0.03,0.566,0.774,0.124,0.013,0.373,0.219,0.271,0.003,0.004,0.767,0.086,0.011,0.001,0.122,0.0,1.0,0.19,0.231,0.614,0.02,0.12,0.011,0.037,0.084,0.176,0.106,0.377,0.042,0.026,0.001,0.082,0.234,0.05,0.294,0.576,0.021,0.098,0.042,0.605,0.051,0.131,0.032,0.0,0.032,0.785,0.001,0.017,0.017,0.181,0.011,0.195,0.271,0.525,0.252,0.017,0.316,0.018,0.151,0.593,0.221,0.012,0.182,0.581,0.118,0.307,0.045,0.331,0.598,0.182,0.043
3,0.229,0.016,0.035,1.0,0.192,0.004,0.377,0.148,0.217,0.005,0.19,0.052,0.165,0.041,0.127,0.137,0.086,0.146,0.286,0.045,0.233,0.037,0.112,0.41,0.123,0.031,0.225,0.173,0.2,0.701,0.059,0.541,0.037,0.048,0.197,0.071,0.198,0.993,0.038,0.125,0.004,0.127,0.983,0.076,0.005,0.449,0.247,0.007,0.003,0.456,0.071,0.056,0.178,1.0,0.051,0.099,0.414,0.241,0.16,0.053,0.285,0.197,0.124,0.182,0.042,0.126,0.052,0.279,0.195,0.039,0.187,0.023,0.201,0.004,0.169,0.246,0.108,0.174,0.236,0.246
4,0.012,0.177,0.299,0.192,1.0,0.064,0.176,0.075,0.211,0.0,0.095,0.067,0.745,0.002,0.412,0.192,0.268,0.059,0.091,0.076,0.02,0.018,0.145,0.225,0.138,0.256,0.099,0.109,0.109,0.245,0.029,0.183,0.112,0.007,0.007,0.019,0.838,0.2,0.099,0.108,0.012,0.19,0.192,0.255,0.062,0.131,0.015,0.0,0.069,0.184,0.033,0.118,0.014,0.177,0.153,0.097,0.156,0.06,0.929,0.019,0.233,1.0,0.057,0.012,0.067,0.45,0.098,0.094,0.09,0.243,0.017,0.284,0.109,0.02,0.385,0.09,0.447,0.08,0.722,0.032
5,0.035,0.333,0.613,0.004,0.064,1.0,0.103,0.061,0.475,0.272,0.567,0.875,0.102,0.195,0.126,0.118,0.116,0.031,0.004,0.837,0.05,0.025,0.002,0.1,0.001,0.61,0.092,0.088,0.58,0.043,0.357,0.006,0.174,0.286,0.022,0.365,0.089,0.013,0.172,0.013,0.067,0.068,0.014,0.131,0.999,0.003,0.048,0.28,1.0,0.092,0.355,0.075,0.04,0.005,0.496,0.01,0.005,0.044,0.084,0.028,0.296,0.061,0.264,0.038,0.114,0.117,0.094,0.134,0.581,0.136,0.023,0.176,0.577,0.096,0.149,0.002,0.107,0.569,0.025,0.025
6,0.071,0.139,0.06,0.377,0.176,0.103,1.0,0.095,0.346,0.215,0.033,0.015,0.258,0.118,0.117,0.091,0.083,0.001,0.645,0.021,0.056,0.038,0.0,0.255,0.0,0.059,0.128,0.13,0.034,0.788,0.219,0.113,0.0,0.267,0.083,0.159,0.134,0.455,0.0,0.027,0.065,0.198,0.447,0.082,0.115,0.033,0.053,0.181,0.094,0.995,0.251,0.042,0.096,0.377,0.078,0.034,0.051,0.093,0.228,0.044,0.288,0.193,0.007,0.042,0.001,0.107,0.062,0.157,0.027,0.173,0.038,0.212,0.036,0.118,0.073,0.583,0.119,0.032,0.121,0.025
7,0.044,0.072,0.137,0.148,0.075,0.061,0.095,1.0,0.029,0.032,0.119,0.072,0.12,0.047,0.175,0.891,0.223,0.034,0.104,0.096,0.597,0.064,0.161,0.01,0.139,0.133,0.844,0.853,0.092,0.064,0.048,0.053,0.183,0.009,0.154,0.043,0.163,0.13,0.154,0.194,0.199,0.797,0.144,0.207,0.062,0.06,0.611,0.034,0.052,0.064,0.063,0.05,0.001,0.132,0.235,0.192,0.058,0.085,0.087,0.057,0.017,0.066,0.121,0.164,0.094,0.166,0.057,0.0,0.092,0.592,0.036,0.394,0.097,0.156,0.504,0.087,0.185,0.113,0.026,0.412
8,0.0,0.111,0.223,0.217,0.211,0.475,0.346,0.029,1.0,0.136,0.023,0.183,0.222,0.113,0.116,0.068,0.142,0.051,0.172,0.196,0.008,0.002,0.0,0.789,0.001,0.226,0.018,0.025,0.032,0.409,0.199,0.127,0.063,0.185,0.129,0.074,0.167,0.223,0.052,0.007,0.19,0.028,0.234,0.178,0.505,0.081,0.012,0.138,0.493,0.385,0.187,0.134,0.007,0.26,0.162,0.002,0.071,0.153,0.224,0.001,0.918,0.222,0.022,0.06,0.039,0.126,0.133,0.257,0.025,0.073,0.136,0.109,0.019,0.178,0.137,0.128,0.135,0.028,0.085,0.003
9,0.141,0.274,0.03,0.005,0.0,0.272,0.215,0.032,0.136,1.0,0.11,0.175,0.004,0.895,0.005,0.019,0.004,0.017,0.079,0.212,0.071,0.057,0.127,0.032,0.131,0.034,0.047,0.055,0.113,0.122,0.328,0.002,0.19,0.853,0.168,0.395,0.0,0.008,0.185,0.132,0.009,0.06,0.003,0.005,0.291,0.0,0.073,0.994,0.281,0.162,0.304,0.08,0.117,0.006,0.195,0.153,0.0,0.046,0.0,0.048,0.068,0.0,0.065,0.149,0.256,0.011,0.087,0.328,0.113,0.062,0.22,0.114,0.095,0.004,0.012,0.064,0.011,0.099,0.077,0.09
10,0.086,0.201,0.566,0.19,0.095,0.567,0.033,0.119,0.023,0.11,1.0,0.869,0.03,0.12,0.096,0.171,0.071,0.03,0.282,0.847,0.059,0.088,0.026,0.021,0.026,0.607,0.205,0.179,1.0,0.07,0.059,0.012,0.109,0.057,0.12,0.143,0.113,0.232,0.119,0.065,0.004,0.21,0.263,0.065,0.536,0.007,0.058,0.088,0.571,0.049,0.072,0.002,0.105,0.198,0.469,0.079,0.008,0.019,0.073,0.071,0.005,0.109,0.277,0.139,0.095,0.092,0.005,0.094,1.0,0.209,0.073,0.222,1.0,0.013,0.227,0.357,0.1,1.0,0.129,0.016
11,0.045,0.206,0.774,0.052,0.067,0.875,0.015,0.072,0.183,0.175,0.869,1.0,0.047,0.164,0.126,0.151,0.082,0.024,0.025,1.0,0.074,0.027,0.002,0.023,0.002,0.762,0.152,0.168,0.864,0.014,0.249,0.002,0.129,0.178,0.083,0.274,0.13,0.063,0.148,0.018,0.026,0.145,0.071,0.08,0.818,0.001,0.073,0.196,0.832,0.018,0.229,0.052,0.049,0.049,0.669,0.023,0.004,0.039,0.046,0.018,0.098,0.066,0.317,0.104,0.114,0.122,0.05,0.149,0.858,0.142,0.033,0.126,0.85,0.034,0.166,0.083,0.118,0.841,0.07,0.02
12,0.065,0.264,0.124,0.165,0.745,0.102,0.258,0.12,0.222,0.004,0.03,0.047,1.0,0.007,0.054,0.193,0.008,0.003,0.175,0.04,0.103,0.016,0.148,0.159,0.134,0.113,0.122,0.132,0.027,0.215,0.033,0.103,0.224,0.002,0.011,0.044,0.351,0.164,0.211,0.05,0.129,0.203,0.151,0.017,0.101,0.116,0.092,0.014,0.097,0.252,0.035,0.179,0.048,0.155,0.077,0.055,0.127,0.031,0.932,0.028,0.16,0.731,0.053,0.008,0.184,0.051,0.2,0.028,0.023,0.287,0.007,0.305,0.019,0.084,0.169,0.189,0.056,0.019,0.546,0.11
13,0.209,0.299,0.013,0.041,0.002,0.195,0.118,0.047,0.113,0.895,0.12,0.164,0.007,1.0,0.001,0.024,0.001,0.065,0.023,0.171,0.101,0.067,0.184,0.009,0.181,0.014,0.082,0.066,0.127,0.174,0.22,0.06,0.14,0.542,0.158,0.366,0.0,0.019,0.133,0.172,0.004,0.056,0.032,0.003,0.211,0.049,0.104,0.87,0.204,0.161,0.214,0.003,0.196,0.037,0.152,0.192,0.042,0.004,0.001,0.07,0.127,0.001,0.065,0.169,0.181,0.001,0.001,0.145,0.124,0.055,0.555,0.112,0.133,0.016,0.014,0.025,0.001,0.109,0.15,0.16
14,0.004,0.023,0.373,0.127,0.412,0.126,0.117,0.175,0.116,0.005,0.096,0.126,0.054,0.001,1.0,0.292,0.937,0.097,0.019,0.125,0.058,0.079,0.081,0.145,0.079,0.354,0.128,0.122,0.093,0.116,0.002,0.185,0.145,0.063,0.009,0.0,0.803,0.101,0.143,0.085,0.42,0.109,0.091,0.945,0.109,0.211,0.043,0.008,0.101,0.107,0.0,0.048,0.013,0.132,0.208,0.104,0.206,0.008,0.218,0.109,0.144,0.442,0.183,0.035,0.101,1.0,0.044,0.118,0.101,0.103,0.0,0.123,0.102,0.569,0.576,0.013,1.0,0.101,0.193,0.014
15,0.0,0.173,0.219,0.137,0.192,0.118,0.091,0.891,0.068,0.019,0.171,0.151,0.193,0.024,0.292,1.0,0.315,0.009,0.12,0.149,0.478,0.027,0.008,0.034,0.023,0.203,0.81,0.83,0.177,0.11,0.02,0.036,0.19,0.007,0.108,0.0,0.299,0.112,0.195,0.095,0.2,0.791,0.117,0.343,0.105,0.055,0.469,0.027,0.126,0.11,0.015,0.073,0.017,0.127,0.221,0.087,0.064,0.059,0.196,0.022,0.057,0.191,0.116,0.116,0.087,0.291,0.053,0.0,0.174,0.663,0.018,0.55,0.172,0.194,0.803,0.11,0.292,0.191,0.056,0.273
16,0.001,0.018,0.271,0.086,0.268,0.116,0.083,0.223,0.142,0.004,0.071,0.082,0.008,0.001,0.937,0.315,1.0,0.057,0.031,0.079,0.075,0.071,0.065,0.147,0.065,0.291,0.142,0.165,0.077,0.095,0.004,0.121,0.2,0.035,0.003,0.0,0.667,0.06,0.185,0.107,0.633,0.127,0.054,1.0,0.09,0.165,0.075,0.003,0.105,0.065,0.003,0.116,0.015,0.08,0.144,0.093,0.145,0.009,0.126,0.076,0.159,0.277,0.128,0.01,0.178,0.934,0.104,0.096,0.063,0.099,0.007,0.105,0.075,0.753,0.655,0.035,0.947,0.061,0.078,0.037
17,0.001,0.182,0.003,0.146,0.059,0.031,0.001,0.034,0.051,0.017,0.03,0.024,0.003,0.065,0.097,0.009,0.057,1.0,0.149,0.018,0.032,0.922,0.07,0.166,0.065,0.001,0.047,0.06,0.024,0.174,0.089,0.722,0.029,0.104,0.084,0.089,0.086,0.119,0.03,0.054,0.052,0.117,0.118,0.052,0.022,0.744,0.026,0.021,0.02,0.011,0.059,0.277,0.0,0.136,0.002,0.058,0.733,0.673,0.02,0.918,0.125,0.067,0.037,0.086,0.085,0.097,0.285,0.262,0.034,0.181,0.34,0.122,0.033,0.045,0.018,0.145,0.097,0.022,0.059,0.021
18,0.106,0.304,0.004,0.286,0.091,0.004,0.645,0.104,0.172,0.079,0.282,0.025,0.175,0.023,0.019,0.12,0.031,0.149,1.0,0.035,0.021,0.387,0.019,0.133,0.014,0.006,0.134,0.153,0.274,0.334,0.25,0.0,0.01,0.111,0.145,0.222,0.007,0.362,0.008,0.068,0.073,0.241,0.387,0.027,0.009,0.039,0.024,0.082,0.006,0.611,0.238,0.036,0.141,0.306,0.008,0.067,0.04,0.02,0.144,0.34,0.097,0.085,0.057,0.108,0.001,0.014,0.031,0.101,0.273,0.297,0.043,0.373,0.284,0.084,0.122,0.98,0.021,0.281,0.131,0.002
19,0.037,0.184,0.767,0.045,0.076,0.837,0.021,0.096,0.196,0.212,0.847,1.0,0.04,0.171,0.125,0.149,0.079,0.018,0.035,1.0,0.072,0.023,0.004,0.033,0.001,0.785,0.154,0.183,0.863,0.012,0.248,0.009,0.156,0.185,0.069,0.231,0.104,0.072,0.148,0.014,0.027,0.133,0.072,0.086,0.793,0.006,0.05,0.212,0.866,0.017,0.247,0.029,0.036,0.055,0.683,0.019,0.001,0.038,0.06,0.017,0.061,0.064,0.326,0.103,0.117,0.101,0.032,0.132,0.849,0.131,0.039,0.135,0.844,0.035,0.173,0.081,0.112,0.879,0.086,0.021
20,0.388,0.045,0.086,0.233,0.02,0.05,0.056,0.597,0.008,0.071,0.059,0.074,0.103,0.101,0.058,0.478,0.075,0.032,0.021,0.072,1.0,0.042,0.443,0.002,0.425,0.089,0.753,0.745,0.057,0.077,0.233,0.077,0.142,0.027,0.096,0.209,0.013,0.204,0.166,0.174,0.104,0.485,0.168,0.077,0.044,0.107,1.0,0.051,0.049,0.046,0.249,0.004,0.339,0.237,0.215,0.177,0.106,0.095,0.038,0.042,0.004,0.022,0.033,0.074,0.175,0.064,0.004,0.003,0.046,0.238,0.14,0.06,0.058,0.07,0.187,0.031,0.037,0.065,0.028,0.965
21,0.004,0.256,0.011,0.037,0.018,0.025,0.038,0.064,0.002,0.057,0.088,0.027,0.016,0.067,0.079,0.027,0.071,0.922,0.387,0.023,0.042,1.0,0.049,0.045,0.049,0.002,0.086,0.117,0.083,0.053,0.116,0.535,0.016,0.145,0.026,0.108,0.068,0.027,0.02,0.034,0.029,0.209,0.017,0.089,0.01,0.681,0.036,0.055,0.015,0.024,0.109,0.22,0.008,0.039,0.0,0.034,0.654,0.443,0.003,1.0,0.05,0.014,0.026,0.025,0.026,0.116,0.231,0.15,0.073,0.233,0.294,0.228,0.074,0.045,0.029,0.433,0.119,0.077,0.04,0.024
22,0.648,0.161,0.001,0.112,0.145,0.002,0.0,0.161,0.0,0.127,0.026,0.002,0.148,0.184,0.081,0.008,0.065,0.07,0.019,0.004,0.443,0.049,1.0,0.0,1.0,0.0,0.096,0.08,0.028,0.002,0.2,0.0,0.084,0.052,0.052,0.205,0.104,0.08,0.094,0.842,0.036,0.026,0.107,0.067,0.002,0.003,0.443,0.129,0.0,0.0,0.196,0.004,0.47,0.1,0.03,0.842,0.003,0.08,0.131,0.066,0.002,0.136,0.005,0.04,0.241,0.081,0.007,0.01,0.03,0.012,0.152,0.075,0.026,0.037,0.054,0.003,0.073,0.027,0.004,0.61
23,0.0,0.001,0.122,0.41,0.225,0.1,0.255,0.01,0.789,0.032,0.021,0.023,0.159,0.009,0.145,0.034,0.147,0.166,0.133,0.033,0.002,0.045,0.0,1.0,0.0,0.123,0.006,0.004,0.021,0.47,0.021,0.367,0.049,0.21,0.217,0.011,0.203,0.414,0.051,0.004,0.191,0.005,0.388,0.145,0.148,0.249,0.002,0.04,0.125,0.275,0.045,0.165,0.0,0.439,0.14,0.001,0.236,0.319,0.181,0.069,0.887,0.218,0.038,0.198,0.048,0.147,0.19,0.671,0.035,0.01,0.179,0.013,0.017,0.182,0.09,0.147,0.145,0.011,0.191,0.002
24,0.64,0.181,0.0,0.123,0.138,0.001,0.0,0.139,0.001,0.131,0.026,0.002,0.134,0.181,0.079,0.023,0.065,0.065,0.014,0.001,0.425,0.049,1.0,0.0,1.0,0.0,0.1,0.091,0.032,0.004,0.19,0.0,0.098,0.044,0.062,0.224,0.109,0.096,0.098,0.821,0.023,0.03,0.082,0.061,0.001,0.005,0.454,0.11,0.003,0.0,0.204,0.005,0.498,0.121,0.032,0.829,0.0,0.077,0.135,0.046,0.0,0.127,0.003,0.046,0.262,0.082,0.006,0.008,0.022,0.012,0.141,0.064,0.034,0.033,0.058,0.003,0.083,0.032,0.015,0.625
25,0.0,0.063,1.0,0.031,0.256,0.61,0.059,0.133,0.226,0.034,0.607,0.762,0.113,0.014,0.354,0.203,0.291,0.001,0.006,0.785,0.089,0.002,0.0,0.123,0.0,1.0,0.219,0.206,0.63,0.019,0.103,0.01,0.032,0.08,0.169,0.1,0.359,0.043,0.039,0.001,0.086,0.199,0.044,0.259,0.557,0.018,0.092,0.038,0.638,0.041,0.123,0.021,0.001,0.046,0.808,0.001,0.01,0.009,0.187,0.016,0.159,0.285,0.471,0.224,0.02,0.361,0.015,0.153,0.586,0.188,0.018,0.183,0.605,0.142,0.312,0.04,0.357,0.607,0.197,0.044
26,0.062,0.087,0.19,0.225,0.099,0.092,0.128,0.844,0.018,0.047,0.205,0.152,0.122,0.082,0.128,0.81,0.142,0.047,0.134,0.154,0.753,0.086,0.096,0.006,0.1,0.219,1.0,1.0,0.211,0.155,0.057,0.081,0.064,0.023,0.113,0.034,0.154,0.169,0.061,0.091,0.094,0.888,0.197,0.161,0.086,0.122,0.728,0.041,0.091,0.128,0.059,0.0,0.022,0.192,0.305,0.119,0.111,0.055,0.11,0.091,0.012,0.106,0.127,0.11,0.049,0.144,0.002,0.003,0.184,0.63,0.036,0.445,0.195,0.09,0.547,0.177,0.136,0.199,0.044,0.557
27,0.054,0.062,0.231,0.173,0.109,0.088,0.13,0.853,0.025,0.055,0.179,0.168,0.132,0.066,0.122,0.83,0.165,0.06,0.153,0.183,0.745,0.117,0.08,0.004,0.091,0.206,1.0,1.0,0.189,0.151,0.062,0.09,0.063,0.02,0.12,0.053,0.191,0.183,0.082,0.082,0.074,0.896,0.178,0.16,0.106,0.105,0.764,0.049,0.083,0.13,0.054,0.003,0.03,0.21,0.278,0.11,0.119,0.048,0.11,0.088,0.013,0.135,0.113,0.122,0.05,0.144,0.0,0.0,0.196,0.678,0.052,0.468,0.193,0.07,0.564,0.166,0.125,0.209,0.048,0.566
28,0.101,0.198,0.614,0.2,0.109,0.58,0.034,0.092,0.032,0.113,1.0,0.864,0.027,0.127,0.093,0.177,0.077,0.024,0.274,0.863,0.057,0.083,0.028,0.021,0.032,0.63,0.211,0.189,1.0,0.059,0.075,0.008,0.107,0.061,0.121,0.136,0.119,0.251,0.12,0.082,0.01,0.199,0.237,0.067,0.543,0.004,0.062,0.093,0.598,0.056,0.058,0.002,0.085,0.196,0.461,0.071,0.01,0.02,0.064,0.084,0.004,0.105,0.287,0.168,0.098,0.108,0.002,0.06,1.0,0.191,0.09,0.214,1.0,0.021,0.23,0.355,0.095,1.0,0.135,0.013
29,0.098,0.033,0.02,0.701,0.245,0.043,0.788,0.064,0.409,0.122,0.07,0.014,0.215,0.174,0.116,0.11,0.095,0.174,0.334,0.012,0.077,0.053,0.002,0.47,0.004,0.019,0.155,0.151,0.059,1.0,0.087,0.486,0.019,0.117,0.147,0.019,0.235,0.718,0.006,0.017,0.053,0.135,0.724,0.068,0.061,0.375,0.091,0.134,0.036,0.827,0.083,0.102,0.109,0.711,0.011,0.03,0.387,0.264,0.258,0.047,0.424,0.25,0.015,0.11,0.002,0.121,0.099,0.146,0.063,0.118,0.272,0.088,0.07,0.08,0.128,0.28,0.131,0.055,0.164,0.055
30,0.173,0.504,0.12,0.059,0.029,0.357,0.219,0.048,0.199,0.328,0.059,0.249,0.033,0.22,0.002,0.02,0.004,0.089,0.25,0.248,0.233,0.116,0.2,0.021,0.19,0.103,0.057,0.062,0.075,0.087,1.0,0.003,0.032,0.318,0.098,0.887,0.007,0.082,0.025,0.112,0.009,0.001,0.075,0.001,0.38,0.029,0.232,0.356,0.374,0.22,1.0,0.054,0.176,0.091,0.471,0.085,0.015,0.061,0.035,0.106,0.105,0.029,0.001,0.078,0.005,0.0,0.05,0.147,0.076,0.039,0.065,0.182,0.068,0.006,0.006,0.171,0.002,0.048,0.024,0.274
31,0.076,0.11,0.011,0.541,0.183,0.006,0.113,0.053,0.127,0.002,0.012,0.002,0.103,0.06,0.185,0.036,0.121,0.722,0.0,0.009,0.077,0.535,0.0,0.367,0.0,0.01,0.081,0.09,0.008,0.486,0.003,1.0,0.006,0.144,0.176,0.042,0.193,0.495,0.011,0.003,0.04,0.132,0.5,0.128,0.004,0.962,0.07,0.004,0.004,0.176,0.003,0.173,0.101,0.536,0.006,0.006,0.958,0.61,0.134,0.532,0.208,0.157,0.098,0.165,0.001,0.198,0.193,0.345,0.009,0.158,0.359,0.09,0.01,0.053,0.073,0.006,0.163,0.009,0.091,0.062
32,0.317,0.224,0.037,0.037,0.112,0.174,0.0,0.183,0.063,0.19,0.109,0.129,0.224,0.14,0.145,0.19,0.2,0.029,0.01,0.156,0.142,0.016,0.084,0.049,0.098,0.032,0.064,0.063,0.107,0.019,0.032,0.006,1.0,0.207,0.016,0.083,0.15,0.025,1.0,0.046,0.368,0.073,0.026,0.197,0.152,0.021,0.185,0.194,0.169,0.002,0.023,0.489,0.367,0.019,0.018,0.05,0.014,0.115,0.158,0.022,0.05,0.095,0.02,0.011,0.726,0.133,0.525,0.126,0.1,0.136,0.014,0.113,0.109,0.273,0.104,0.01,0.131,0.098,0.013,0.2
33,0.047,0.2,0.084,0.048,0.007,0.286,0.267,0.009,0.185,0.853,0.057,0.178,0.002,0.542,0.063,0.007,0.035,0.104,0.111,0.185,0.027,0.145,0.052,0.21,0.044,0.08,0.023,0.02,0.061,0.117,0.318,0.144,0.207,1.0,0.125,0.336,0.038,0.073,0.225,0.061,0.059,0.031,0.083,0.03,0.284,0.148,0.032,0.866,0.25,0.24,0.336,0.232,0.042,0.068,0.229,0.054,0.125,0.186,0.001,0.141,0.109,0.012,0.056,0.11,0.233,0.04,0.243,0.644,0.057,0.047,0.012,0.09,0.056,0.039,0.0,0.086,0.053,0.056,0.094,0.031
34,0.049,0.005,0.176,0.197,0.007,0.022,0.083,0.154,0.129,0.168,0.12,0.083,0.011,0.158,0.009,0.108,0.003,0.084,0.145,0.069,0.096,0.026,0.052,0.217,0.062,0.169,0.113,0.12,0.121,0.147,0.098,0.176,0.016,0.125,1.0,0.068,0.018,0.219,0.024,0.071,0.034,0.117,0.212,0.003,0.019,0.104,0.092,0.168,0.015,0.087,0.098,0.041,0.026,0.16,0.113,0.087,0.122,0.46,0.0,0.029,0.155,0.013,0.714,0.985,0.057,0.012,0.053,0.234,0.124,0.069,0.121,0.048,0.115,0.013,0.032,0.185,0.013,0.131,0.001,0.076
35,0.197,0.689,0.106,0.071,0.019,0.365,0.159,0.043,0.074,0.395,0.143,0.274,0.044,0.366,0.0,0.0,0.0,0.089,0.222,0.231,0.209,0.108,0.205,0.011,0.224,0.1,0.034,0.053,0.136,0.019,0.887,0.042,0.083,0.336,0.068,1.0,0.001,0.06,0.081,0.149,0.01,0.0,0.06,0.0,0.338,0.081,0.207,0.436,0.327,0.119,0.874,0.062,0.282,0.056,0.431,0.149,0.084,0.05,0.041,0.12,0.024,0.017,0.0,0.038,0.028,0.004,0.051,0.217,0.148,0.078,0.187,0.225,0.137,0.006,0.013,0.158,0.002,0.154,0.052,0.256
36,0.002,0.088,0.377,0.198,0.838,0.089,0.134,0.163,0.167,0.0,0.113,0.13,0.351,0.0,0.803,0.299,0.667,0.086,0.007,0.104,0.013,0.068,0.104,0.203,0.109,0.359,0.154,0.191,0.119,0.235,0.007,0.193,0.15,0.038,0.018,0.001,1.0,0.197,0.114,0.117,0.107,0.188,0.161,0.643,0.094,0.196,0.026,0.002,0.098,0.126,0.0,0.066,0.007,0.197,0.226,0.133,0.175,0.019,0.645,0.073,0.212,0.835,0.122,0.033,0.044,0.798,0.078,0.105,0.128,0.207,0.025,0.261,0.133,0.169,0.625,0.007,0.821,0.138,0.499,0.0
37,0.206,0.026,0.042,0.993,0.2,0.013,0.455,0.13,0.223,0.008,0.232,0.063,0.164,0.019,0.101,0.112,0.06,0.119,0.362,0.072,0.204,0.027,0.08,0.414,0.096,0.043,0.169,0.183,0.251,0.718,0.082,0.495,0.025,0.073,0.219,0.06,0.197,1.0,0.031,0.114,0.004,0.125,1.0,0.067,0.011,0.338,0.213,0.004,0.013,0.531,0.071,0.065,0.168,0.981,0.036,0.1,0.364,0.231,0.176,0.018,0.28,0.186,0.148,0.199,0.018,0.103,0.048,0.304,0.262,0.033,0.166,0.035,0.228,0.0,0.151,0.336,0.092,0.225,0.262,0.182
38,0.332,0.196,0.026,0.038,0.099,0.172,0.0,0.154,0.052,0.185,0.119,0.148,0.211,0.133,0.143,0.195,0.185,0.03,0.008,0.148,0.166,0.02,0.094,0.051,0.098,0.039,0.061,0.082,0.12,0.006,0.025,0.011,1.0,0.225,0.024,0.081,0.114,0.031,1.0,0.046,0.375,0.063,0.019,0.205,0.156,0.02,0.166,0.207,0.169,0.0,0.027,0.515,0.384,0.027,0.019,0.037,0.012,0.099,0.155,0.01,0.057,0.102,0.022,0.019,0.699,0.163,0.508,0.112,0.103,0.127,0.004,0.145,0.095,0.273,0.128,0.01,0.155,0.11,0.008,0.2
39,0.566,0.141,0.001,0.125,0.108,0.013,0.027,0.194,0.007,0.132,0.065,0.018,0.05,0.172,0.085,0.095,0.107,0.054,0.068,0.014,0.174,0.034,0.842,0.004,0.821,0.001,0.091,0.082,0.082,0.017,0.112,0.003,0.046,0.061,0.071,0.149,0.117,0.114,0.046,1.0,0.042,0.152,0.097,0.103,0.014,0.004,0.166,0.131,0.011,0.031,0.105,0.002,0.465,0.105,0.025,1.0,0.003,0.056,0.087,0.037,0.007,0.102,0.013,0.068,0.188,0.115,0.002,0.004,0.093,0.137,0.172,0.19,0.075,0.049,0.237,0.032,0.1,0.086,0.003,0.3
40,0.008,0.016,0.082,0.004,0.012,0.067,0.065,0.199,0.19,0.009,0.004,0.026,0.129,0.004,0.42,0.2,0.633,0.052,0.073,0.027,0.104,0.029,0.036,0.191,0.023,0.086,0.094,0.074,0.01,0.053,0.009,0.04,0.368,0.059,0.034,0.01,0.107,0.004,0.375,0.042,1.0,0.055,0.005,0.653,0.058,0.047,0.094,0.009,0.067,0.087,0.008,0.526,0.013,0.003,0.041,0.042,0.053,0.095,0.037,0.038,0.161,0.019,0.034,0.014,0.47,0.435,0.546,0.156,0.011,0.039,0.148,0.037,0.009,0.966,0.315,0.061,0.413,0.011,0.035,0.074
41,0.0,0.261,0.234,0.127,0.19,0.068,0.198,0.797,0.028,0.06,0.21,0.145,0.203,0.056,0.109,0.791,0.127,0.117,0.241,0.133,0.485,0.209,0.026,0.005,0.03,0.199,0.888,0.896,0.199,0.135,0.001,0.132,0.073,0.031,0.117,0.0,0.188,0.125,0.063,0.152,0.055,1.0,0.141,0.125,0.066,0.163,0.444,0.042,0.075,0.163,0.001,0.001,0.001,0.111,0.237,0.149,0.188,0.042,0.211,0.191,0.031,0.19,0.165,0.13,0.011,0.133,0.001,0.006,0.199,0.885,0.023,0.666,0.218,0.058,0.556,0.226,0.118,0.191,0.046,0.28
42,0.205,0.028,0.05,0.983,0.192,0.014,0.447,0.144,0.234,0.003,0.263,0.071,0.151,0.032,0.091,0.117,0.054,0.118,0.387,0.072,0.168,0.017,0.107,0.388,0.082,0.044,0.197,0.178,0.237,0.724,0.075,0.5,0.026,0.083,0.212,0.06,0.161,1.0,0.019,0.097,0.005,0.141,1.0,0.07,0.008,0.342,0.186,0.004,0.014,0.513,0.086,0.066,0.178,0.983,0.037,0.109,0.361,0.256,0.169,0.017,0.273,0.199,0.144,0.228,0.032,0.091,0.057,0.313,0.246,0.026,0.154,0.03,0.255,0.0,0.145,0.346,0.085,0.224,0.231,0.177
43,0.001,0.025,0.294,0.076,0.255,0.131,0.082,0.207,0.178,0.005,0.065,0.08,0.017,0.003,0.945,0.343,1.0,0.052,0.027,0.086,0.077,0.089,0.067,0.145,0.061,0.259,0.161,0.16,0.067,0.068,0.001,0.128,0.197,0.03,0.003,0.0,0.643,0.067,0.205,0.103,0.653,0.125,0.07,1.0,0.121,0.156,0.084,0.002,0.088,0.085,0.002,0.101,0.022,0.089,0.138,0.088,0.134,0.012,0.117,0.07,0.171,0.273,0.121,0.002,0.161,0.951,0.103,0.088,0.076,0.094,0.008,0.124,0.075,0.783,0.61,0.024,0.947,0.067,0.102,0.046
44,0.021,0.314,0.576,0.005,0.062,0.999,0.115,0.062,0.505,0.291,0.536,0.818,0.101,0.211,0.109,0.105,0.09,0.022,0.009,0.793,0.044,0.01,0.002,0.148,0.001,0.557,0.086,0.106,0.543,0.061,0.38,0.004,0.152,0.284,0.019,0.338,0.094,0.011,0.156,0.014,0.058,0.066,0.008,0.121,1.0,0.003,0.051,0.305,0.999,0.111,0.337,0.083,0.053,0.007,0.469,0.014,0.004,0.04,0.079,0.019,0.368,0.055,0.248,0.038,0.114,0.102,0.096,0.104,0.547,0.152,0.024,0.158,0.514,0.086,0.138,0.002,0.129,0.508,0.01,0.024
45,0.094,0.234,0.021,0.449,0.131,0.003,0.033,0.06,0.081,0.0,0.007,0.001,0.116,0.049,0.211,0.055,0.165,0.744,0.039,0.006,0.107,0.681,0.003,0.249,0.005,0.018,0.122,0.105,0.004,0.375,0.029,0.962,0.021,0.148,0.104,0.081,0.196,0.338,0.02,0.004,0.047,0.163,0.342,0.156,0.003,1.0,0.094,0.004,0.006,0.072,0.021,0.152,0.127,0.454,0.008,0.001,1.0,0.49,0.121,0.677,0.196,0.14,0.056,0.104,0.0,0.203,0.15,0.308,0.005,0.237,0.365,0.17,0.006,0.078,0.09,0.041,0.215,0.007,0.061,0.089
46,0.403,0.052,0.098,0.247,0.015,0.048,0.053,0.611,0.012,0.073,0.058,0.073,0.092,0.104,0.043,0.469,0.075,0.026,0.024,0.05,1.0,0.036,0.443,0.002,0.454,0.092,0.728,0.764,0.062,0.091,0.232,0.07,0.185,0.032,0.092,0.207,0.026,0.213,0.166,0.166,0.094,0.444,0.186,0.084,0.051,0.094,1.0,0.06,0.048,0.055,0.248,0.005,0.312,0.242,0.209,0.168,0.083,0.081,0.057,0.031,0.001,0.017,0.03,0.088,0.186,0.056,0.006,0.004,0.056,0.22,0.106,0.07,0.047,0.068,0.199,0.04,0.051,0.055,0.02,0.958
47,0.127,0.268,0.042,0.007,0.0,0.28,0.181,0.034,0.138,0.994,0.088,0.196,0.014,0.87,0.008,0.027,0.003,0.021,0.082,0.212,0.051,0.055,0.129,0.04,0.11,0.038,0.041,0.049,0.093,0.134,0.356,0.004,0.194,0.866,0.168,0.436,0.002,0.004,0.207,0.131,0.009,0.042,0.004,0.002,0.305,0.004,0.06,1.0,0.292,0.194,0.347,0.094,0.086,0.009,0.194,0.13,0.0,0.053,0.0,0.059,0.09,0.001,0.044,0.152,0.243,0.009,0.082,0.367,0.113,0.063,0.194,0.109,0.079,0.002,0.013,0.081,0.013,0.095,0.108,0.072
48,0.019,0.336,0.605,0.003,0.069,1.0,0.094,0.052,0.493,0.281,0.571,0.832,0.097,0.204,0.101,0.126,0.105,0.02,0.006,0.866,0.049,0.015,0.0,0.125,0.003,0.638,0.091,0.083,0.598,0.036,0.374,0.004,0.169,0.25,0.015,0.327,0.098,0.013,0.169,0.011,0.067,0.075,0.014,0.088,0.999,0.006,0.048,0.292,1.0,0.088,0.354,0.077,0.045,0.007,0.476,0.016,0.006,0.042,0.07,0.026,0.298,0.051,0.235,0.031,0.108,0.131,0.079,0.125,0.566,0.121,0.02,0.183,0.56,0.073,0.135,0.005,0.1,0.584,0.02,0.02
49,0.06,0.131,0.051,0.456,0.184,0.092,0.995,0.064,0.385,0.162,0.049,0.018,0.252,0.161,0.107,0.11,0.065,0.011,0.611,0.017,0.046,0.024,0.0,0.275,0.0,0.041,0.128,0.13,0.056,0.827,0.22,0.176,0.002,0.24,0.087,0.119,0.126,0.531,0.0,0.031,0.087,0.163,0.513,0.085,0.111,0.072,0.055,0.194,0.088,1.0,0.222,0.053,0.091,0.471,0.069,0.034,0.081,0.097,0.231,0.019,0.297,0.191,0.0,0.047,0.004,0.123,0.064,0.152,0.042,0.159,0.048,0.19,0.031,0.115,0.093,0.529,0.104,0.045,0.122,0.032
50,0.156,0.5,0.131,0.071,0.033,0.355,0.251,0.063,0.187,0.304,0.072,0.229,0.035,0.214,0.0,0.015,0.003,0.059,0.238,0.247,0.249,0.109,0.196,0.045,0.204,0.123,0.059,0.054,0.058,0.083,1.0,0.003,0.023,0.336,0.098,0.874,0.0,0.071,0.027,0.105,0.008,0.001,0.086,0.002,0.337,0.021,0.248,0.347,0.354,0.222,1.0,0.058,0.185,0.067,0.484,0.112,0.021,0.091,0.05,0.09,0.086,0.019,0.004,0.079,0.005,0.0,0.072,0.175,0.046,0.035,0.046,0.146,0.065,0.005,0.004,0.177,0.001,0.06,0.025,0.289
51,0.006,0.025,0.032,0.056,0.118,0.075,0.042,0.05,0.134,0.08,0.002,0.052,0.179,0.003,0.048,0.073,0.116,0.277,0.036,0.029,0.004,0.22,0.004,0.165,0.005,0.021,0.0,0.003,0.002,0.102,0.054,0.173,0.489,0.232,0.041,0.062,0.066,0.065,0.515,0.002,0.526,0.001,0.066,0.101,0.083,0.152,0.005,0.094,0.077,0.053,0.058,1.0,0.027,0.057,0.038,0.0,0.147,0.263,0.166,0.198,0.13,0.096,0.013,0.034,0.621,0.051,1.0,0.263,0.005,0.001,0.352,0.009,0.001,0.387,0.059,0.029,0.057,0.004,0.16,0.005
52,0.913,0.357,0.0,0.178,0.014,0.04,0.096,0.001,0.007,0.117,0.105,0.049,0.048,0.196,0.013,0.017,0.015,0.0,0.141,0.036,0.339,0.008,0.47,0.0,0.498,0.001,0.022,0.03,0.085,0.109,0.176,0.101,0.367,0.042,0.026,0.282,0.007,0.168,0.384,0.465,0.013,0.001,0.178,0.022,0.053,0.127,0.312,0.086,0.045,0.091,0.185,0.027,1.0,0.2,0.027,0.471,0.123,0.021,0.032,0.004,0.005,0.019,0.003,0.018,0.228,0.006,0.024,0.003,0.097,0.076,0.246,0.195,0.091,0.032,0.069,0.091,0.016,0.09,0.05,0.457
53,0.235,0.022,0.032,1.0,0.177,0.005,0.377,0.132,0.26,0.006,0.198,0.049,0.155,0.037,0.132,0.127,0.08,0.136,0.306,0.055,0.237,0.039,0.1,0.439,0.121,0.046,0.192,0.21,0.196,0.711,0.091,0.536,0.019,0.068,0.16,0.056,0.197,0.981,0.027,0.105,0.003,0.111,0.983,0.089,0.007,0.454,0.242,0.009,0.007,0.471,0.067,0.057,0.2,1.0,0.057,0.101,0.418,0.254,0.158,0.034,0.298,0.204,0.115,0.184,0.04,0.133,0.065,0.29,0.183,0.041,0.209,0.02,0.188,0.004,0.153,0.241,0.143,0.19,0.238,0.234
54,0.019,0.051,0.785,0.051,0.153,0.496,0.078,0.235,0.162,0.195,0.469,0.669,0.077,0.152,0.208,0.221,0.144,0.002,0.008,0.683,0.215,0.0,0.03,0.14,0.032,0.808,0.305,0.278,0.461,0.011,0.471,0.006,0.018,0.229,0.113,0.431,0.226,0.036,0.019,0.025,0.041,0.237,0.037,0.138,0.469,0.008,0.209,0.194,0.476,0.069,0.484,0.038,0.027,0.057,1.0,0.018,0.015,0.062,0.113,0.002,0.079,0.183,0.182,0.125,0.03,0.224,0.037,0.239,0.45,0.112,0.076,0.049,0.448,0.052,0.19,0.001,0.18,0.454,0.249,0.149
55,0.568,0.167,0.001,0.099,0.097,0.01,0.034,0.192,0.002,0.153,0.079,0.023,0.055,0.192,0.104,0.087,0.093,0.058,0.067,0.019,0.177,0.034,0.842,0.001,0.829,0.001,0.119,0.11,0.071,0.03,0.085,0.006,0.05,0.054,0.087,0.149,0.133,0.1,0.037,1.0,0.042,0.149,0.109,0.088,0.014,0.001,0.168,0.13,0.016,0.034,0.112,0.0,0.471,0.101,0.018,1.0,0.004,0.044,0.101,0.042,0.012,0.104,0.027,0.073,0.183,0.089,0.0,0.006,0.08,0.138,0.149,0.146,0.093,0.053,0.215,0.033,0.088,0.082,0.004,0.268
56,0.113,0.207,0.017,0.414,0.156,0.005,0.051,0.058,0.071,0.0,0.008,0.004,0.127,0.042,0.206,0.064,0.145,0.733,0.04,0.001,0.106,0.654,0.003,0.236,0.0,0.01,0.111,0.119,0.01,0.387,0.015,0.958,0.014,0.125,0.122,0.084,0.175,0.364,0.012,0.003,0.053,0.188,0.361,0.134,0.004,1.0,0.083,0.0,0.006,0.081,0.021,0.147,0.123,0.418,0.015,0.004,1.0,0.525,0.104,0.678,0.162,0.145,0.059,0.099,0.0,0.202,0.145,0.297,0.007,0.22,0.395,0.162,0.003,0.082,0.096,0.07,0.188,0.005,0.084,0.083
57,0.045,0.042,0.017,0.241,0.06,0.044,0.093,0.085,0.153,0.046,0.019,0.039,0.031,0.004,0.008,0.059,0.009,0.673,0.02,0.038,0.095,0.443,0.08,0.319,0.077,0.009,0.055,0.048,0.02,0.264,0.061,0.61,0.115,0.186,0.46,0.05,0.019,0.231,0.099,0.056,0.095,0.042,0.256,0.012,0.04,0.49,0.081,0.053,0.042,0.097,0.091,0.263,0.021,0.254,0.062,0.044,0.525,1.0,0.044,0.443,0.239,0.053,0.202,0.383,0.154,0.009,0.258,0.356,0.015,0.049,0.146,0.025,0.019,0.047,0.004,0.014,0.012,0.018,0.014,0.102
58,0.031,0.227,0.181,0.16,0.929,0.084,0.228,0.087,0.224,0.0,0.073,0.046,0.932,0.001,0.218,0.196,0.126,0.02,0.144,0.06,0.038,0.003,0.131,0.181,0.135,0.187,0.11,0.11,0.064,0.258,0.035,0.134,0.158,0.001,0.0,0.041,0.645,0.176,0.155,0.087,0.037,0.211,0.169,0.117,0.079,0.121,0.057,0.0,0.07,0.231,0.05,0.166,0.032,0.158,0.113,0.101,0.104,0.044,1.0,0.005,0.221,0.913,0.029,0.0,0.108,0.229,0.158,0.078,0.083,0.285,0.019,0.329,0.057,0.008,0.28,0.145,0.217,0.069,0.66,0.066
59,0.002,0.244,0.011,0.053,0.019,0.028,0.044,0.057,0.001,0.048,0.071,0.018,0.028,0.07,0.109,0.022,0.076,0.918,0.34,0.017,0.042,1.0,0.066,0.069,0.046,0.016,0.091,0.088,0.084,0.047,0.106,0.532,0.022,0.141,0.029,0.12,0.073,0.018,0.01,0.037,0.038,0.191,0.017,0.07,0.019,0.677,0.031,0.059,0.026,0.019,0.09,0.198,0.004,0.034,0.002,0.042,0.678,0.443,0.005,1.0,0.043,0.018,0.026,0.024,0.031,0.106,0.207,0.161,0.064,0.247,0.278,0.219,0.076,0.061,0.028,0.403,0.104,0.068,0.036,0.021
60,0.0,0.084,0.195,0.285,0.233,0.296,0.288,0.017,0.918,0.068,0.005,0.098,0.16,0.127,0.144,0.057,0.159,0.125,0.097,0.061,0.004,0.05,0.002,0.887,0.0,0.159,0.012,0.013,0.004,0.424,0.105,0.208,0.05,0.109,0.155,0.024,0.212,0.28,0.057,0.007,0.161,0.031,0.273,0.171,0.368,0.196,0.001,0.09,0.298,0.297,0.086,0.13,0.005,0.298,0.079,0.012,0.162,0.239,0.221,0.043,1.0,0.23,0.027,0.108,0.021,0.14,0.129,0.348,0.002,0.044,0.208,0.09,0.004,0.17,0.116,0.093,0.147,0.007,0.139,0.002
61,0.01,0.155,0.271,0.197,1.0,0.061,0.193,0.066,0.222,0.0,0.109,0.066,0.731,0.001,0.442,0.191,0.277,0.067,0.085,0.064,0.022,0.014,0.136,0.218,0.127,0.285,0.106,0.135,0.105,0.25,0.029,0.157,0.095,0.012,0.013,0.017,0.835,0.186,0.102,0.102,0.019,0.19,0.199,0.273,0.055,0.14,0.017,0.001,0.051,0.191,0.019,0.096,0.019,0.204,0.183,0.104,0.145,0.053,0.913,0.018,0.23,1.0,0.065,0.012,0.055,0.436,0.123,0.09,0.119,0.233,0.021,0.28,0.114,0.022,0.385,0.081,0.43,0.104,0.734,0.012
62,0.003,0.074,0.525,0.124,0.057,0.264,0.007,0.121,0.022,0.065,0.277,0.317,0.053,0.065,0.183,0.116,0.128,0.037,0.057,0.326,0.033,0.026,0.005,0.038,0.003,0.471,0.127,0.113,0.287,0.015,0.001,0.098,0.02,0.056,0.714,0.0,0.122,0.148,0.022,0.013,0.034,0.165,0.144,0.121,0.248,0.056,0.03,0.044,0.235,0.0,0.004,0.013,0.003,0.115,0.182,0.027,0.059,0.202,0.029,0.026,0.027,0.065,1.0,0.816,0.007,0.171,0.01,0.111,0.265,0.18,0.039,0.162,0.3,0.077,0.14,0.098,0.187,0.277,0.008,0.024
63,0.042,0.008,0.252,0.182,0.012,0.038,0.042,0.164,0.06,0.149,0.139,0.104,0.008,0.169,0.035,0.116,0.01,0.086,0.108,0.103,0.074,0.025,0.04,0.198,0.046,0.224,0.11,0.122,0.168,0.11,0.078,0.165,0.011,0.11,0.985,0.038,0.033,0.199,0.019,0.068,0.014,0.13,0.228,0.002,0.038,0.104,0.088,0.152,0.031,0.047,0.079,0.034,0.018,0.184,0.125,0.073,0.099,0.383,0.0,0.024,0.108,0.012,0.816,1.0,0.041,0.034,0.03,0.227,0.132,0.089,0.096,0.062,0.133,0.004,0.041,0.17,0.033,0.145,0.001,0.06
64,0.377,0.05,0.017,0.042,0.067,0.114,0.001,0.094,0.039,0.256,0.095,0.114,0.184,0.181,0.101,0.087,0.178,0.085,0.001,0.117,0.175,0.026,0.241,0.048,0.262,0.02,0.049,0.05,0.098,0.002,0.005,0.001,0.726,0.233,0.057,0.028,0.044,0.018,0.699,0.188,0.47,0.011,0.032,0.161,0.114,0.0,0.186,0.243,0.108,0.004,0.005,0.621,0.228,0.04,0.03,0.183,0.0,0.154,0.108,0.031,0.021,0.055,0.007,0.041,1.0,0.085,0.618,0.205,0.069,0.012,0.013,0.012,0.087,0.355,0.044,0.003,0.107,0.073,0.057,0.248
65,0.0,0.031,0.316,0.126,0.45,0.117,0.107,0.166,0.126,0.011,0.092,0.122,0.051,0.001,1.0,0.291,0.934,0.097,0.014,0.101,0.064,0.116,0.081,0.147,0.082,0.361,0.144,0.144,0.108,0.121,0.0,0.198,0.133,0.04,0.012,0.004,0.798,0.103,0.163,0.115,0.435,0.133,0.091,0.951,0.102,0.203,0.056,0.009,0.131,0.123,0.0,0.051,0.006,0.133,0.224,0.089,0.202,0.009,0.229,0.106,0.14,0.436,0.171,0.034,0.085,1.0,0.045,0.106,0.086,0.083,0.0,0.127,0.101,0.574,0.567,0.015,1.0,0.089,0.19,0.012
66,0.014,0.025,0.018,0.052,0.098,0.094,0.062,0.057,0.133,0.087,0.005,0.05,0.2,0.001,0.044,0.053,0.104,0.285,0.031,0.032,0.004,0.231,0.007,0.19,0.006,0.015,0.002,0.0,0.002,0.099,0.05,0.193,0.525,0.243,0.053,0.051,0.078,0.048,0.508,0.002,0.546,0.001,0.057,0.103,0.096,0.15,0.006,0.082,0.079,0.064,0.072,1.0,0.024,0.065,0.037,0.0,0.145,0.258,0.158,0.207,0.129,0.123,0.01,0.03,0.618,0.045,1.0,0.274,0.002,0.002,0.349,0.016,0.002,0.389,0.051,0.027,0.045,0.004,0.137,0.002
67,0.007,0.097,0.151,0.279,0.094,0.134,0.157,0.0,0.257,0.328,0.094,0.149,0.028,0.145,0.118,0.0,0.096,0.262,0.101,0.132,0.003,0.15,0.01,0.671,0.008,0.153,0.003,0.0,0.06,0.146,0.147,0.345,0.126,0.644,0.234,0.217,0.105,0.304,0.112,0.004,0.156,0.006,0.313,0.088,0.104,0.308,0.004,0.367,0.125,0.152,0.175,0.263,0.003,0.29,0.239,0.006,0.297,0.356,0.078,0.161,0.348,0.09,0.111,0.227,0.205,0.106,0.274,1.0,0.08,0.018,0.071,0.026,0.09,0.106,0.014,0.069,0.121,0.086,0.169,0.008
68,0.091,0.157,0.593,0.195,0.09,0.581,0.027,0.092,0.025,0.113,1.0,0.858,0.023,0.124,0.101,0.174,0.063,0.034,0.273,0.849,0.046,0.073,0.03,0.035,0.022,0.586,0.184,0.196,1.0,0.063,0.076,0.009,0.1,0.057,0.124,0.148,0.128,0.262,0.103,0.093,0.011,0.199,0.246,0.076,0.547,0.005,0.056,0.113,0.566,0.042,0.046,0.005,0.097,0.183,0.45,0.08,0.007,0.015,0.083,0.064,0.002,0.119,0.265,0.132,0.069,0.086,0.002,0.08,1.0,0.194,0.076,0.246,1.0,0.015,0.238,0.361,0.092,1.0,0.109,0.009
69,0.049,0.543,0.221,0.039,0.243,0.136,0.173,0.592,0.073,0.062,0.209,0.142,0.287,0.055,0.103,0.663,0.099,0.181,0.297,0.131,0.238,0.233,0.012,0.01,0.012,0.188,0.63,0.678,0.191,0.118,0.039,0.158,0.136,0.047,0.069,0.078,0.207,0.033,0.127,0.137,0.039,0.885,0.026,0.094,0.152,0.237,0.22,0.063,0.121,0.159,0.035,0.001,0.076,0.041,0.112,0.138,0.22,0.049,0.285,0.247,0.044,0.233,0.18,0.089,0.012,0.083,0.002,0.018,0.194,1.0,0.044,0.896,0.2,0.038,0.522,0.29,0.104,0.211,0.028,0.097
70,0.234,0.171,0.012,0.187,0.017,0.023,0.038,0.036,0.136,0.22,0.073,0.033,0.007,0.555,0.0,0.018,0.007,0.34,0.043,0.039,0.14,0.294,0.152,0.179,0.141,0.018,0.036,0.052,0.09,0.272,0.065,0.359,0.014,0.012,0.121,0.187,0.025,0.166,0.004,0.172,0.148,0.023,0.154,0.008,0.024,0.365,0.106,0.194,0.02,0.048,0.046,0.352,0.246,0.209,0.076,0.149,0.395,0.146,0.019,0.278,0.208,0.021,0.039,0.096,0.013,0.0,0.349,0.071,0.076,0.044,1.0,0.04,0.077,0.149,0.001,0.032,0.001,0.074,0.242,0.166
71,0.125,0.755,0.182,0.023,0.284,0.176,0.212,0.394,0.109,0.114,0.222,0.126,0.305,0.112,0.123,0.55,0.105,0.122,0.373,0.135,0.06,0.228,0.075,0.013,0.064,0.183,0.445,0.468,0.214,0.088,0.182,0.09,0.113,0.09,0.048,0.225,0.261,0.035,0.145,0.19,0.037,0.666,0.03,0.124,0.158,0.17,0.07,0.109,0.183,0.19,0.146,0.009,0.195,0.02,0.049,0.146,0.162,0.025,0.329,0.219,0.09,0.28,0.162,0.062,0.012,0.127,0.016,0.026,0.246,0.896,0.04,1.0,0.221,0.028,0.572,0.371,0.122,0.229,0.013,0.027
72,0.101,0.177,0.581,0.201,0.109,0.577,0.036,0.097,0.019,0.095,1.0,0.85,0.019,0.133,0.102,0.172,0.075,0.033,0.284,0.844,0.058,0.074,0.026,0.017,0.034,0.605,0.195,0.193,1.0,0.07,0.068,0.01,0.109,0.056,0.115,0.137,0.133,0.228,0.095,0.075,0.009,0.218,0.255,0.075,0.514,0.006,0.047,0.079,0.56,0.031,0.065,0.001,0.091,0.188,0.448,0.093,0.003,0.019,0.057,0.076,0.004,0.114,0.3,0.133,0.087,0.101,0.002,0.09,1.0,0.2,0.077,0.221,1.0,0.015,0.23,0.344,0.108,1.0,0.125,0.013
73,0.001,0.02,0.118,0.004,0.02,0.096,0.118,0.156,0.178,0.004,0.013,0.034,0.084,0.016,0.569,0.194,0.753,0.045,0.084,0.035,0.07,0.045,0.037,0.182,0.033,0.142,0.09,0.07,0.021,0.08,0.006,0.053,0.273,0.039,0.013,0.006,0.169,0.0,0.273,0.049,0.966,0.058,0.0,0.783,0.086,0.078,0.068,0.002,0.073,0.115,0.005,0.387,0.032,0.004,0.052,0.053,0.082,0.047,0.008,0.061,0.17,0.022,0.077,0.004,0.355,0.574,0.389,0.106,0.015,0.038,0.149,0.028,0.015,1.0,0.343,0.087,0.598,0.036,0.005,0.063
74,0.021,0.212,0.307,0.169,0.385,0.149,0.073,0.504,0.137,0.012,0.227,0.166,0.169,0.014,0.576,0.803,0.655,0.018,0.122,0.173,0.187,0.029,0.054,0.09,0.058,0.312,0.547,0.564,0.23,0.128,0.006,0.073,0.104,0.0,0.032,0.013,0.625,0.151,0.128,0.237,0.315,0.556,0.145,0.61,0.138,0.09,0.199,0.013,0.135,0.093,0.004,0.059,0.069,0.153,0.19,0.215,0.096,0.004,0.28,0.028,0.116,0.385,0.14,0.041,0.044,0.567,0.051,0.014,0.238,0.522,0.001,0.572,0.23,0.343,1.0,0.107,0.597,0.22,0.107,0.065
75,0.065,0.288,0.045,0.246,0.09,0.002,0.583,0.087,0.128,0.064,0.357,0.083,0.189,0.025,0.013,0.11,0.035,0.145,0.98,0.081,0.031,0.433,0.003,0.147,0.003,0.04,0.177,0.166,0.355,0.28,0.171,0.006,0.01,0.086,0.185,0.158,0.007,0.336,0.01,0.032,0.061,0.226,0.346,0.024,0.002,0.041,0.04,0.081,0.005,0.529,0.177,0.029,0.091,0.241,0.001,0.033,0.07,0.014,0.145,0.403,0.093,0.081,0.098,0.17,0.003,0.015,0.027,0.069,0.361,0.29,0.032,0.371,0.344,0.087,0.107,1.0,0.014,0.351,0.109,0.008
76,0.002,0.034,0.331,0.108,0.447,0.107,0.119,0.185,0.135,0.011,0.1,0.118,0.056,0.001,1.0,0.292,0.947,0.097,0.021,0.112,0.037,0.119,0.073,0.145,0.083,0.357,0.136,0.125,0.095,0.131,0.002,0.163,0.131,0.053,0.013,0.002,0.821,0.092,0.155,0.1,0.413,0.118,0.085,0.947,0.129,0.215,0.051,0.013,0.1,0.104,0.001,0.057,0.016,0.143,0.18,0.088,0.188,0.012,0.217,0.104,0.147,0.43,0.187,0.033,0.107,1.0,0.045,0.121,0.092,0.104,0.001,0.122,0.108,0.598,0.597,0.014,1.0,0.11,0.181,0.016
77,0.108,0.167,0.598,0.174,0.08,0.569,0.032,0.113,0.028,0.099,1.0,0.841,0.019,0.109,0.101,0.191,0.061,0.022,0.281,0.879,0.065,0.077,0.027,0.011,0.032,0.607,0.199,0.209,1.0,0.055,0.048,0.009,0.098,0.056,0.131,0.154,0.138,0.225,0.11,0.086,0.011,0.191,0.224,0.067,0.508,0.007,0.055,0.095,0.584,0.045,0.06,0.004,0.09,0.19,0.454,0.082,0.005,0.018,0.069,0.068,0.007,0.104,0.277,0.145,0.073,0.089,0.004,0.086,1.0,0.211,0.074,0.229,1.0,0.036,0.22,0.351,0.11,1.0,0.127,0.014
78,0.042,0.001,0.182,0.236,0.722,0.025,0.121,0.026,0.085,0.077,0.129,0.07,0.546,0.15,0.193,0.056,0.078,0.059,0.131,0.086,0.028,0.04,0.004,0.191,0.015,0.197,0.044,0.048,0.135,0.164,0.024,0.091,0.013,0.094,0.001,0.052,0.499,0.262,0.008,0.003,0.035,0.046,0.231,0.102,0.01,0.061,0.02,0.108,0.02,0.122,0.025,0.16,0.05,0.238,0.249,0.004,0.084,0.014,0.66,0.036,0.139,0.734,0.008,0.001,0.057,0.19,0.137,0.169,0.109,0.028,0.242,0.013,0.125,0.005,0.107,0.109,0.181,0.127,1.0,0.011
79,0.59,0.098,0.043,0.246,0.032,0.025,0.025,0.412,0.003,0.09,0.016,0.02,0.11,0.16,0.014,0.273,0.037,0.021,0.002,0.021,0.965,0.024,0.61,0.002,0.625,0.044,0.557,0.566,0.013,0.055,0.274,0.062,0.2,0.031,0.076,0.256,0.0,0.182,0.2,0.3,0.074,0.28,0.177,0.046,0.024,0.089,0.958,0.072,0.02,0.032,0.289,0.005,0.457,0.234,0.149,0.268,0.083,0.102,0.066,0.021,0.002,0.012,0.024,0.06,0.248,0.012,0.002,0.008,0.009,0.097,0.166,0.027,0.013,0.063,0.065,0.008,0.016,0.014,0.011,1.0
