,0,1,2,3,4,5,6,7,8,9,10,11,12,13,14,15,16,17,18,19,20,21,22,23,24,25,26,27,28,29,30,31,32,33,34,35,36,37,38,39,40,41,42,43,44,45,46,47,48,49,50,51,52,53,54,55,56,57,58,59,60,61,62,63,64,65,66,67,68,69,70,71,72,73,74,75,76,77,78,79
0,1.0,0.5032956808345205,0.090931687354496,0.2150946247591876,2.9395006833757094e-09,0.9049821231768694,3.1976566152573953e-06,0.014223370062614826,0.07764818984955783,0.0658014968392045,0.14351908908182126,0.8398199955646467,3.673038549040934e-05,0.4635702815824324,1.055280521157579e-10,0.03189946665405004,9.645912911275662e-05,0.0005710589586483531,0.6336727757034394,0.8398199955646467,0.16520728978546007,2.1605567440449036e-07,4.5230842903369345e-10,4.6276137980206725e-06,4.5230842903369345e-10,0.090931687354496,0.9530881960892003,0.9530881960892003,0.14351908908182126,0.24344652264419506,0.009174910955607513,0.38075769133088283,3.2500162919297744e-07,1.3365032547892075e-05,0.5458328470023327,5.0715775152274065e-05,1.1669614905566627e-09,1.5227371748339628e-06,3.2500162919297744e-07,0.000995232079793026,0.76607796700042,4.1254609171712914e-08,1.5227371748339628e-06,9.645912911275662e-05,3.8774305599526765e-11,2.7897201189777145e-10,0.16520728978546007,7.257272387541862e-09,0.9049821231768694,0.27420573615455335,0.009174910955607513,0.4228275038660607,0.04641231647540744,0.2150946247591876,0.18876389603387939,0.000995232079793026,2.7897201189777145e-10,0.0016879065606431804,0.026293911304832735,0.0004298829292606647,0.10679995976981772,2.9395006833757094e-09,0.017479158148093223,0.9285167072678095,0.877886488130886,1.055280521157579e-10,0.4228275038660607,0.592873409872532,0.14351908908182126,0.02146457468682275,1.7262610369089946e-10,6.292616084179844e-08,0.14351908908182126,0.05539602307540072,0.9864930458685199,1.0412561485754224e-06,1.055280521157579e-10,0.14351908908182126,0.00024113097493025837,7.00599264589856e-05
1,0.5032956808345205,1.0,0.5939033809570795,0.8390643056996271,2.226623724573572e-06,0.7567699338336912,0.0005680890608655787,0.21613472904661096,0.5433936708027415,0.5010671763042471,0.715165195624729,0.832708086136428,0.0036220031838340855,0.986785219673626,1.446932979905018e-07,0.3448065029417562,0.007350798028020522,0.026283996717465005,0.9721847589556745,0.832708086136428,0.7664279970932084,7.01924242329041e-05,4.824053986386791e-07,0.0007514845298573735,4.824053986386791e-07,0.5939033809570795,0.6820441026169998,0.6820441026169998,0.715165195624729,0.866577419500723,0.16605441453987074,0.9638124578497423,9.615413132429267e-05,0.001680836281014516,0.995849033152344,0.004616367900899989,1.0469718585585391e-06,0.0003225473738575664,9.615413132429267e-05,0.03859379376038221,0.9060653113840956,1.8859296805594107e-05,0.0003225473738575664,0.007350798028020522,6.248689736205246e-08,3.208042402982184e-07,0.7664279970932084,4.588597708347976e-06,0.7567699338336912,0.8971309626619568,0.16605441453987074,0.9809927377715724,0.42045214519073854,0.8390643056996271,0.8062259292341145,0.03859379376038221,3.208042402982184e-07,0.05532882552285761,0.30963123123609615,0.02153151784898342,0.6302930452866586,2.226623724573572e-06,0.24511394740733966,0.7241359000046427,0.800381135394434,1.446932979905018e-07,0.9809927377715724,0.9780315545259789,0.715165195624729,0.27651366354293394,2.1556840542026988e-07,2.6427326344268235e-05,0.715165195624729,0.46282994299991737,0.5924334086849231,0.00024047833893672675,1.446932979905018e-07,0.715165195624729,0.014188089834134483,0.005844422097133421
2,0.090931687354496,0.5939033809570795,1.0,0.9059933113412757,0.00024113072903963562,0.21300659739135058,0.017297267401322956,0.7636294588962955,0.9819618097613887,0.9762678704975896,0.9592036644225842,0.2719281852448024,0.06582723508544344,0.6302656324004263,2.637122919606089e-05,0.9047446375715603,0.10688800892600134,0.24510773700126773,0.4631704974741513,0.2719281852448024,0.9567616845755216,0.003620686427588378,7.023176956980205e-05,0.02127839556487567,7.023176956980205e-05,1.0,0.1658568232030445,0.1658568232030445,0.9592036644225842,0.8626081225058259,0.6820612407295251,0.7127250002999972,0.004593985842043434,0.03809594998137693,0.5499913989727983,0.07788534520863882,0.0001315597599427148,0.011476457337874366,0.004593985842043434,0.3090341879432004,0.3445471732704768,0.0013060827337813773,0.011476457337874366,0.10688800892600134,1.3169060362703448e-05,5.0173078913559805e-05,0.9567616845755216,0.00042729817174457223,0.21300659739135058,0.8289405269894029,0.6820612407295251,0.6754614331206167,0.9521256323703529,0.9059933113412757,0.9357251897583674,0.3090341879432004,5.0173078913559805e-05,0.38310297029381063,0.8768657540029107,0.21630454494342405,0.9816457492306582,0.00024113072903963562,0.8063318064067417,0.19010884045152435,0.24326705278103888,2.637122919606089e-05,0.6754614331206167,0.4994798031222332,0.9592036644225842,0.84293788337414,3.6410771413354146e-05,0.0016995106003181097,0.9592036644225842,0.9735063772001027,0.12401514543091972,0.009214889880567147,2.637122919606089e-05,0.9592036644225842,0.16470915800586633,0.09143065605971915
3,0.2150946247591876,0.8390643056996271,0.9059933113412757,1.0,3.672092837937655e-05,0.41417832808095595,0.004496763220090981,0.5017163100056118,0.8614092354149553,0.8312779879193459,0.9544077528018755,0.4958775070343538,0.021527148690604472,0.8657833881012188,3.2151845286755045e-06,0.675376325437183,0.03851368472670797,0.10707855965559152,0.7250705808916719,0.4958775070343538,0.9820867473461404,0.0007602293363239993,9.376874429741253e-06,0.005743199618346975,9.376874429741253e-06,0.9059933113412757,0.34329631703403185,0.34329631703403185,0.9544077528018755,0.9720398139396068,0.4211592556176666,0.9131831316534684,0.0009950605825800871,0.011328902889466627,0.8050671981893597,0.026237378385434315,1.880276504703177e-05,0.0028319718025911628,0.0009950605825800871,0.14292323286811573,0.5920594034865893,0.0002398600184429735,0.0028319718025911628,0.03851368472670797,1.5014852144978033e-06,6.4806500547543006e-06,0.9820867473461404,6.937192338130264e-05,0.41417832808095595,0.9638797117204184,0.4211592556176666,0.8997295400424999,0.7619368321638802,1.0,0.9936018449085606,0.14292323286811573,6.4806500547543006e-06,0.1899700511513928,0.636329758215484,0.09156214213427573,0.9180897566795869,3.672092837937655e-05,0.5490602789843204,0.3826915212826937,0.4601513272716638,3.2151845286755045e-06,0.8997295400424999,0.754085191824164,0.9544077528018755,0.5904235380778592,4.584386763242108e-06,0.00032237548980766395,0.9544077528018755,0.8037087325085965,0.2736013011998865,0.0022001590582182155,3.2151845286755045e-06,0.9544077528018755,0.06513108876301402,0.03175422892510294
4,2.9395006833757094e-09,2.226623724573572e-06,0.00024113072903963562,3.672092837937655e-05,1.0,4.112093040134569e-08,0.45876418877093267,0.0036184365803614833,0.00032159320758124295,0.00043040174997252496,9.56015516054617e-05,9.515867286811966e-08,0.21657720126127777,3.2063314125541236e-06,0.8778989511420127,0.001304876340555524,0.14424347549985134,0.05532762953632239,7.116061715315238e-07,9.515867286811966e-08,7.032224813508962e-05,0.7650085638598193,0.9570111537511132,0.4196822837645841,0.9570111537511132,0.00024113072903963562,1.7532167283524484e-08,1.7532167283524484e-08,9.56015516054617e-05,2.6128581863222865e-05,0.005841403425419793,6.570866383525394e-06,0.7243942320587796,0.3078396800405966,1.5303953041833906e-06,0.18991196055338835,0.9894134245090159,0.5485269001480116,0.7243942320587796,0.03856989706609366,2.1760618834099266e-07,0.9075634453455768,0.5485269001480116,0.14424347549985134,0.7990020741999153,0.9256245222062889,7.032224813508962e-05,0.9830879631663975,4.112093040134569e-08,1.864400997967498e-05,0.005841403425419793,4.622691565328687e-06,0.0007591477769037312,3.672092837937655e-05,5.099201286619845e-05,0.03856989706609366,0.9256245222062889,0.026310202545185363,0.0017007049028101141,0.06575133756098181,0.00017736687839801885,1.0,0.0028279206570774014,2.70166162621289e-08,6.31180615943663e-08,0.8778989511420127,4.622691565328687e-06,1.041279035505757e-06,9.56015516054617e-05,0.0021974190251471777,0.9043154549461291,0.8769086310211198,9.56015516054617e-05,0.000575316122591111,7.251915710226936e-09,0.5926960494829845,0.8778989511420127,9.56015516054617e-05,0.09129893073296393,0.16583414378307382
5,0.9049821231768694,0.7567699338336912,0.21300659739135058,0.41417832808095595,4.112093040134569e-08,1.0,2.638742004175732e-05,0.04618421176992378,0.19014358594007966,0.1659255221866482,0.3099686214809815,0.9894172764326773,0.00023917987876111477,0.7243995313593073,1.8454758061051163e-09,0.0912042052532467,0.00057094109926328,0.0027742954945005217,0.8596555675433506,0.9894172764326773,0.34250153894462,2.1843269347729354e-06,7.2175812363316835e-09,3.6827151030006865e-05,7.2175812363316835e-09,0.21300659739135058,0.9793888215784171,0.9793888215784171,0.3099686214809815,0.46362557857138914,0.03156134229162751,0.6379584191679705,3.2067934314590973e-06,9.652791420401524e-05,0.7911172024206611,0.0003197127863330037,1.7401733288617527e-08,1.3114818267194367e-05,3.2067934314590973e-06,0.0045850318948087556,0.9514824285100892,4.77603359353629e-07,1.3114818267194367e-05,0.00057094109926328,7.307017624668701e-10,4.637407877204873e-09,0.34250153894462,9.598584450834399e-08,1.0,0.505927355304799,0.03156134229162751,0.6805138290132728,0.1240939044375251,0.41417832808095595,0.37731796447094545,0.0045850318948087556,4.637407877204873e-09,0.007223839669102162,0.07717427331142115,0.0021557656405624516,0.24535430432870542,4.112093040134569e-08,0.054479889969572995,0.9786423548784445,0.994289387755137,1.8454758061051163e-09,0.6805138290132728,0.8433621191984797,0.3099686214809815,0.06513383662787052,2.9415784245163214e-09,7.05061402608788e-07,0.3099686214809815,0.14317438176767813,0.9548434039744819,9.262645785055572e-06,1.8454758061051163e-09,0.3099686214809815,0.001305552126300105,0.000429365116308585
6,3.1976566152573953e-06,0.0005680890608655787,0.017297267401322956,0.004496763220090981,0.45876418877093267,2.638742004175732e-05,1.0,0.10663696009092409,0.021554402101226548,0.026249138251498487,0.009222943308310284,5.1000247427335876e-05,0.8679579955062456,0.0007571137505612208,0.21414646313641889,0.05521158920545834,0.7584193514247707,0.4946556631142763,0.0002353733612358261,5.1000247427335876e-05,0.007304007148345706,0.8569866627288454,0.30791439104591756,0.9947980280166652,0.30791439104591756,0.017297267401322956,1.325967659695576e-05,1.325967659695576e-05,0.009222943308310284,0.0036252986764685894,0.14221607402448877,0.0013072498932605653,0.9001190458314492,0.9546549270187397,0.00042401274016230447,0.8317189437296463,0.3790365242131242,0.9640228819361566,0.9001190458314492,0.42035214175379715,9.556699853121495e-05,0.7175574171896738,0.9640228819361566,0.7584193514247707,0.16580513397420124,0.2764618286624326,0.007304007148345706,0.5478005175894802,2.638742004175732e-05,0.0028319738135132106,0.14221607402448877,0.0009933428103380585,0.0383080553297814,0.004496763220090981,0.005751870696769608,0.42035214175379715,0.2764618286624326,0.33792856497465473,0.06514202582630753,0.5370019682437406,0.014239227415234678,0.45876418877093267,0.08983173154837962,1.8470314877794138e-05,3.657017619258648e-05,0.21414646313641889,0.0009933428103380585,0.0003232368302592896,0.009222943308310284,0.0770301228980981,0.24404239293527252,0.7578098255621499,0.009222943308310284,0.03165262469779004,6.616709323584563e-06,0.9522288160665658,0.21414646313641889,0.009222943308310284,0.6363558004358486,0.7998429807915773
7,0.014223370062614826,0.21613472904661096,0.7636294588962955,0.5017163100056118,0.0036184365803614833,0.04618421176992378,0.10663696009092409,1.0,0.8027007079471227,0.8398558338130058,0.6349791506108542,0.06558087274716563,0.2760651199116683,0.24430836299553949,0.000574260682062551,0.9583793316171779,0.3825725271750791,0.6334751748324786,0.14297458622950646,0.06558087274716563,0.5938079960294896,0.031749550052641275,0.0013072582752062373,0.12408756804705158,0.0013072582752062373,0.7636294588962955,0.031969810136374385,0.031969810136374385,0.6349791506108542,0.46194576479626814,0.986891367693879,0.3085457488641842,0.038536526364325814,0.18924287754834376,0.18902429996434827,0.3091806449079214,0.002196178793803574,0.07715881289411233,0.038536526364325814,0.7250475340877298,0.09139083482741384,0.014255597626770146,0.07715881289411233,0.3825725271750791,0.00032265470372934755,0.0009950589764629197,0.5938079960294896,0.005820455388619561,0.04618421176992378,0.420951549613966,0.986891367693879,0.27546816438103683,0.9059758045190256,0.5017163100056118,0.5481970789677452,0.7250475340877298,0.0009950589764629197,0.8009766861549356,0.9746150028467723,0.5895306729029832,0.7215883804201091,0.0036184365803614833,0.9923111887045143,0.038418148669927994,0.055259497537913226,0.000574260682062551,0.27546816438103683,0.16532342697630087,0.6349791506108542,0.9879583693683024,0.0007574161637155873,0.017576905709847476,0.6349791506108542,0.8759048209614305,0.021598284754635808,0.06533339277373887,0.000574260682062551,0.6349791506108542,0.5059829048871974,0.34545833476010246
8,0.07764818984955783,0.5433936708027415,0.9819618097613887,0.8614092354149553,0.00032159320758124295,0.19014358594007966,0.021554402101226548,0.8027007079471227,1.0,0.9969033936677013,0.9581670687049253,0.24534569158538758,0.07723893061641451,0.5938454894083232,3.6564941079706314e-05,0.9319383830280368,0.1238003904035664,0.27134374676827844,0.4148772479059963,0.24534569158538758,0.9277157667329374,0.004530393821646657,9.595247298676822e-05,0.02636050304236095,9.595247298676822e-05,0.9819618097613887,0.1428807039365533,0.1428807039365533,0.9581670687049253,0.8422884786269252,0.7158460965899258,0.6814729957235539,0.005820079265921934,0.04639937075588637,0.49773226172389934,0.09039763884393046,0.00017749303689429285,0.014006161208573993,0.005820079265921934,0.3433968971997863,0.30807266795900956,0.001683068027044452,0.014006161208573993,0.1238003904035664,1.8860593712670748e-05,7.03486910751517e-05,0.9277157667329374,0.0005752341216014294,0.19014358594007966,0.8048024278450435,0.7158460965899258,0.6372622454319301,0.9728897678363827,0.8614092354149553,0.8953855010770675,0.3433968971997863,7.03486910751517e-05,0.4153390881352348,0.9011972043653117,0.24079884654773248,0.9894235776500265,0.00032159320758124295,0.8299608074030329,0.16317733831793443,0.21609443665962266,3.6564941079706314e-05,0.6372622454319301,0.4640924323474525,0.9581670687049253,0.8683054291071132,5.1011091864903424e-05,0.002175871111884261,0.9581670687049253,0.9830142107497182,0.10677545823774608,0.011295758753449518,3.6564941079706314e-05,0.9581670687049253,0.18993573659904225,0.10626357167238148
9,0.0658014968392045,0.5010671763042471,0.9762678704975896,0.8312779879193459,0.00043040174997252496,0.1659255221866482,0.026249138251498487,0.8398558338130058,0.9969033936677013,1.0,0.93450850556695,0.21635089586102735,0.09098550475172072,0.5501415247636868,5.07950258990076e-05,0.9545618679206999,0.14355790887682748,0.3052428140806622,0.37753982629083144,0.21635089586102735,0.9015467771323744,0.005759163637178756,0.00013096906329547578,0.03199276132960609,0.00013096906329547578,0.9762678704975896,0.12355887873423692,0.12355887873423692,0.93450850556695,0.8035151378251889,0.7581316757091487,0.6366167131332566,0.007347229720165648,0.0554516031984748,0.4572747348402191,0.10589207780582631,0.00024008806898079754,0.017348272950414936,0.007347229720165648,0.38093218517238053,0.2753869048081024,0.0021794524266892396,0.017348272950414936,0.14355790887682748,2.640613354494782e-05,9.633581800741062e-05,0.9015467771323744,0.0007605807053076193,0.1659255221866482,0.7635890183715256,0.7581316757091487,0.5939061353260967,0.9876616656584739,0.8312779879193459,0.866639821112123,0.38093218517238053,9.633581800741062e-05,0.4572745337931535,0.9296535572827509,0.2723487818677919,0.9760110492426313,0.00043040174997252496,0.8659638166265762,0.1421519004220462,0.18999749091324106,5.07950258990076e-05,0.5939061353260967,0.42291213031343095,0.93450850556695,0.8996597419531114,7.040731825821512e-05,0.0028033803929205757,0.93450850556695,0.9929388439034716,0.09128920527762588,0.014061571510771496,5.07950258990076e-05,0.93450850556695,0.21638043044025784,0.12369654319416036
10,0.14351908908182126,0.715165195624729,0.9592036644225842,0.9544077528018755,9.56015516054617e-05,0.3099686214809815,0.009222943308310284,0.6349791506108542,0.9581670687049253,0.93450850556695,1.0,0.3833601026360183,0.038238370040279475,0.7655478862831678,9.367057596724167e-06,0.8026173417640445,0.06531386409242482,0.1624324893337081,0.5808042356368649,0.3833601026360183,0.9877315802279775,0.001663528673560926,2.6230270324494917e-05,0.011505744317780469,2.6230270324494917e-05,0.9592036644225842,0.2427403944802124,0.2427403944802124,1.0,0.9576445267657131,0.5420987679892196,0.8433585136871523,0.002185715861050982,0.021577005166635264,0.6683375255028585,0.04572256891382931,5.05684339113483e-05,0.005717052713232944,0.002185715861050982,0.215020466218575,0.4603254166196188,0.0005688135741494398,0.005717052713232944,0.06531386409242482,4.640323420017168e-06,1.8855659438101064e-05,0.9877315802279775,0.0001786293593803306,0.3099686214809815,0.9347604044506495,0.5420987679892196,0.8038473742980288,0.8731814204756032,0.9544077528018755,0.9728478568115381,0.215020466218575,1.8855659438101064e-05,0.2707421090568054,0.7588244349646115,0.1411082538465414,0.9891327369548414,9.56015516054617e-05,0.6693865784980431,0.2709870461695046,0.34430252099567016,9.367057596724167e-06,0.8038473742980288,0.6379079976294184,1.0,0.7162346856856187,1.3360030049556621e-05,0.0007510134663294641,1.0,0.9010113083086616,0.18938752635228429,0.004514724158149802,9.367057596724167e-06,1.0,0.10694140450866454,0.05494168661756027
11,0.8398199955646467,0.832708086136428,0.2719281852448024,0.4958775070343538,9.515867286811966e-08,0.9894172764326773,5.1000247427335876e-05,0.06558087274716563,0.24534569158538758,0.21635089586102735,0.3833601026360183,1.0,0.00042894361047824715,0.8053998090787442,4.600115546134492e-09,0.12411903455315533,0.0009917117020783722,0.004520817330751449,0.9157883775471948,1.0,0.41913392234493874,4.54449888031248e-06,1.7432455765234075e-08,7.039724119250921e-05,1.7432455765234075e-08,0.2719281852448024,0.94871916794421,0.94871916794421,0.3833601026360183,0.5496608241877312,0.0457731549326165,0.7248307726331801,6.6016891376531595e-06,0.00017871397822827824,0.8610806849787659,0.0005673983071778335,4.113363822497819e-08,2.5870049940528182e-05,6.6016891376531595e-06,0.0073179902941486125,0.9819945775847951,1.0372703662340376e-06,2.5870049940528182e-05,0.0009917117020783722,1.8609561075313274e-09,1.1321408333386634e-08,0.41913392234493874,2.1745222013549193e-07,0.9894172764326773,0.5934946299160626,0.0457731549326165,0.7646269463097298,0.16526024202985315,0.4958775070343538,0.45679287352109876,0.0073179902941486125,1.1321408333386634e-08,0.011282408820575993,0.10611967530143807,0.003550334018158381,0.3099229218564939,9.515867286811966e-08,0.07652111303922414,0.9578401943428716,0.9939635034378804,4.600115546134492e-09,0.7646269463097298,0.908328507947576,0.3833601026360183,0.09054240699457523,7.254751712327125e-09,1.515034684071561e-06,0.3833601026360183,0.18866406443446246,0.9055005127515209,1.8467888104363648e-05,4.600115546134492e-09,0.3833601026360183,0.002197008649691444,0.0007540246107875865
12,3.673038549040934e-05,0.0036220031838340855,0.06582723508544344,0.021527148690604472,0.21657720126127777,0.00023917987876111477,0.8679579955062456,0.2760651199116683,0.07723893061641451,0.09098550475172072,0.038238370040279475,0.00042894361047824715,1.0,0.004587418760586471,0.07788651040622271,0.16576794028350292,0.9760949425443264,0.8046017660820894,0.0016958172756248889,0.00042894361047824715,0.03196982267213455,0.5928010789193278,0.12451560816431143,0.9014771921459364,0.12451560816431143,0.06582723508544344,0.00013167440409236013,0.00013167440409236013,0.038238370040279475,0.01740812498227131,0.3453939338638432,0.00728909775005743,0.637467122946512,0.9691792620461576,0.0028272556093586303,0.996434549888058,0.16605121898749814,0.8038145087499692,0.637467122946512,0.7240696239442338,0.0007601195723763705,0.4225410781504844,0.8038145087499692,0.9760949425443264,0.05492700062489269,0.10598576287841929,0.03196982267213455,0.2746283481581395,0.00023917987876111477,0.014111216867922638,0.3453939338638432,0.005822100199976222,0.12436890218504136,0.021527148690604472,0.02633279603471685,0.7240696239442338,0.10598576287841929,0.6371636804480038,0.19015447190198873,0.8417095623375644,0.05496856679159826,0.21657720126127777,0.2450717555155728,0.0001785819142306783,0.00032311423736916994,0.07788651040622271,0.005822100199976222,0.0021840010915174794,0.038238370040279475,0.21637472294853294,0.09110648351850265,0.46376736844802713,0.038238370040279475,0.10708900890612602,7.026760200421461e-05,0.7646824556028973,0.07788651040622271,0.038238370040279475,0.9056601209328118,0.9884046732089778
13,0.4635702815824324,0.986785219673626,0.6302656324004263,0.8657833881012188,3.2063314125541236e-06,0.7243995313593073,0.0007571137505612208,0.24430836299553949,0.5938454894083232,0.5501415247636868,0.7655478862831678,0.8053998090787442,0.004587418760586471,1.0,2.166351927272597e-07,0.3818922985537545,0.009192197318221431,0.03153650009304009,0.9446089937016995,0.8053998090787442,0.8002504023254544,9.520678581049345e-05,7.092586117805824e-07,0.0009995077883909601,7.092586117805824e-07,0.6302656324004263,0.632977454190626,0.632977454190626,0.7655478862831678,0.9052462517459553,0.1881154096211347,0.9864428259126385,0.0001314734050220972,0.0022003225151773368,0.9754758549252387,0.005782153030479488,1.5250851484270058e-06,0.00042716068768691636,0.0001314734050220972,0.046129074889446564,0.8746979056456325,2.618591965861617e-05,0.00042716068768691636,0.009192197318221431,9.596933830609768e-08,4.814900278821454e-07,0.8002504023254544,6.641699130646013e-06,0.7243995313593073,0.9316060838093659,0.1881154096211347,0.9970063648210015,0.4634528799862333,0.8657833881012188,0.8332794717674058,0.046129074889446564,4.814900278821454e-07,0.06497420843113534,0.343546667580551,0.02598320321656997,0.6818385366196983,3.2063314125541236e-06,0.2729328519048282,0.6726905767461192,0.7662633674321416,2.166351927272597e-07,0.9970063648210015,0.9762173520926212,0.7655478862831678,0.3069882579508308,3.2506360086917323e-07,3.647744599411288e-05,0.7655478862831678,0.5046394432754977,0.548320361831199,0.0003197129062032478,2.166351927272597e-07,0.7655478862831678,0.017589761391857375,0.007313022845220383
14,1.055280521157579e-10,1.446932979905018e-07,2.637122919606089e-05,3.2151845286755045e-06,0.8778989511420127,1.8454758061051163e-09,0.21414646313641889,0.000574260682062551,3.6564941079706314e-05,5.07950258990076e-05,9.367057596724167e-06,4.600115546134492e-09,0.07788651040622271,2.166351927272597e-07,1.0,0.0001784835811084368,0.046413078777179435,0.014234659737898914,4.138273905761417e-08,4.600115546134492e-09,6.629116827131343e-06,0.4629114450460111,0.9745815237278842,0.18887010981312263,0.9745815237278842,2.637122919606089e-05,7.293227999820493e-10,7.293227999820493e-10,9.367057596724167e-06,2.2053335103535512e-06,0.000998138411076058,4.78015019859742e-07,0.42271613712913136,0.12392630993696954,9.58296588190396e-08,0.06576711953286977,0.9357367087603916,0.275698971140197,0.42271613712913136,0.009212288409081172,1.1324752545172017e-08,0.6370531677851335,0.275698971140197,0.046413078777179435,0.9812079609512456,0.979311424383317,6.629116827131343e-06,0.8021147352308418,1.8454758061051163e-09,1.516057611889202e-06,0.000998138411076058,3.241308631029073e-07,9.647446360843258e-05,3.2151845286755045e-06,4.6304852745726634e-06,0.009212288409081172,0.979311424383317,0.005833199639411518,0.0002414370786294528,0.01755823925145825,1.8722231398659397e-05,0.8778989511420127,0.000432237373943441,1.1664020099704201e-09,2.9397795185363236e-09,1.0,3.241308631029073e-07,6.292647316336033e-08,9.367057596724167e-06,0.000323582606343802,0.9933949907173255,0.5930627180641612,9.367057596724167e-06,7.041274389002882e-05,2.8021237891287675e-10,0.3091295127242154,1.0,9.367057596724167e-06,0.02628538086477416,0.055344597947225585
15,0.03189946665405004,0.3448065029417562,0.9047446375715603,0.675376325437183,0.001304876340555524,0.0912042052532467,0.05521158920545834,0.9583793316171779,0.9319383830280368,0.9545618679206999,0.8026173417640445,0.12411903455315533,0.16576794028350292,0.3818922985537545,0.0001784835811084368,1.0,0.24487444226789187,0.46042785590945673,0.24311718258347842,0.12411903455315533,0.7660905379684584,0.01415626073258918,0.00043299534452184794,0.06563689921197394,0.00043299534452184794,0.9047446375715603,0.06582028625829267,0.06582028625829267,0.8026173417640445,0.6356052968437258,0.9061694577721898,0.462212408037512,0.01756068862543878,0.10669032403269688,0.30801239242359235,0.18959313972317962,0.0007590621261617013,0.038263477437938745,0.01756068862543878,0.5499917989291826,0.16569182673426633,0.005838616364807628,0.038263477437938745,0.24487444226789187,9.616641897648793e-05,0.00032285450882084025,0.7660905379684584,0.0021914682969147617,0.0912042052532467,0.591621369794064,0.9061694577721898,0.4215090120312715,0.9866170884067144,0.675376325437183,0.7223006407530564,0.5499917989291826,0.00032285450882084025,0.6338046374612851,0.9954399000058268,0.41948781311147487,0.8741506811697001,0.001304876340555524,0.9710741732137915,0.07742161152681515,0.10681218004889814,0.0001784835811084368,0.4215090120312715,0.2754418847060338,0.8026173417640445,0.9876507679853589,0.00024058501559584295,0.007353342780368797,0.8026173417640445,0.9741317299393055,0.04641211958106129,0.031716073095218844,0.0001784835811084368,0.8026173417640445,0.34527795559629065,0.21642395895560543
16,9.645912911275662e-05,0.007350798028020522,0.10688800892600134,0.03851368472670797,0.14424347549985134,0.00057094109926328,0.7584193514247707,0.3825725271750791,0.1238003904035664,0.14355790887682748,0.06531386409242482,0.0009917117020783722,0.9760949425443264,0.009192197318221431,0.046413078777179435,0.24487444226789187,1.0,0.9061118305737584,0.0036138800908462726,0.0009917117020783722,0.05534249436526331,0.4627895374097201,0.07775961060511141,0.8013191124266211,0.07775961060511141,0.10688800892600134,0.00032361605635325863,0.00032361605635325863,0.06531386409242482,0.03166536560683191,0.4632552178993221,0.014134734371652873,0.5064443083106992,0.9038529130378443,0.005831441430227832,0.9872169609572213,0.10713937088186963,0.6799949036565156,0.5064443083106992,0.8417506937882875,0.0017006212118253678,0.3093064213241478,0.6799949036565156,1.0,0.03174908529769751,0.06525508513280524,0.05534249436526331,0.1892091349929644,0.00057094109926328,0.026076751470153394,0.4632552178993221,0.011480040250003123,0.18996078157618498,0.03851368472670797,0.04630133827758952,0.8417506937882875,0.06525508513280524,0.764669060786049,0.27647491880187625,0.933010396289548,0.09096703184754194,0.14424347549985134,0.34484443522108443,0.00043196955610809554,0.000759068988164528,0.046413078777179435,0.011480040250003123,0.004590258390998524,0.06531386409242482,0.3092897654596218,0.05525140671544646,0.3449346700724272,0.06531386409242482,0.16606267773807284,0.0001784669631351443,0.6364533929045626,0.046413078777179435,0.06531386409242482,0.9738076638112335,0.9953379642652658
17,0.0005710589586483531,0.026283996717465005,0.24510773700126773,0.10707855965559152,0.05532762953632239,0.0027742954945005217,0.4946556631142763,0.6334751748324786,0.27134374676827844,0.3052428140806622,0.1624324893337081,0.004520817330751449,0.8046017660820894,0.03153650009304009,0.014234659737898914,0.46042785590945673,0.9061118305737584,1.0,0.014270577153575296,0.004520817330751449,0.14355774899026236,0.24537736792641032,0.02620307117560163,0.5402958103697986,0.02620307117560163,0.24510773700126773,0.0016934919763189281,0.0016934919763189281,0.1624324893337081,0.08946069547373518,0.72369216280795,0.04536641566357065,0.27508984602083775,0.6710544493680403,0.02159385801425877,0.8417507181605431,0.038545214249276566,0.4227152703636042,0.27508984602083775,0.9827374405737188,0.007341245960541377,0.14368064500469924,0.4227152703636042,0.9061118305737584,0.009045689170085042,0.02110800944111058,0.14355774899026236,0.07670004705094789,0.0027742954945005217,0.07606314505721959,0.72369216280795,0.03822355625282964,0.3807069977587903,0.10707855965559152,0.1244644165414495,0.9827374405737188,0.02110800944111058,0.9583479288892067,0.5055283330586585,0.997337234038088,0.21248720310335095,0.05532762953632239,0.5939159629811581,0.0021997503164913213,0.0035914088476244506,0.014234659737898914,0.03822355625282964,0.01730963150980824,0.1624324893337081,0.5481093968396276,0.01737868585929001,0.16551931330323708,0.1624324893337081,0.3445005073398186,0.0009911413710201832,0.3833010338199717,0.014234659737898914,0.1624324893337081,0.9656335782408569,0.8734300185887961
18,0.6336727757034394,0.9721847589556745,0.4631704974741513,0.7250705808916719,7.116061715315238e-07,0.8596555675433506,0.0002353733612358261,0.14297458622950646,0.4148772479059963,0.37753982629083144,0.5808042356368649,0.9157883775471948,0.0016958172756248889,0.9446089937016995,4.138273905761417e-08,0.24311718258347842,0.0036138800908462726,0.014270577153575296,1.0,0.9157883775471948,0.6343374265280726,2.6425226317866674e-05,1.4393138077346853e-07,0.00031838166040883885,1.4393138077346853e-07,0.4631704974741513,0.8018740406059568,0.8018740406059568,0.5808042356368649,0.7477374531505713,0.10680284651511635,0.8872507118531745,3.6647131996496805e-05,0.0007482085276787699,0.9885040077045711,0.0021926234147737547,3.241597356355625e-07,0.00013177765077483189,3.6647131996496805e-05,0.02142244540648228,0.9728517086041892,6.605341587747656e-06,0.00013177765077483189,0.0036138800908462726,1.7189047273381933e-08,9.377051120882671e-08,0.6343374265280726,1.5096622381854758e-06,0.8596555675433506,0.7861569571755609,0.10680284651511635,0.9259050091404338,0.3079153923807439,0.7250705808916719,0.6803633757024558,0.02142244540648228,9.377051120882671e-08,0.03198756854700439,0.21598619756645598,0.011509276909206957,0.49695356388132034,7.116061715315238e-07,0.16587101994819695,0.8428531330782859,0.9005461694609587,4.138273905761417e-08,0.9259050091404338,0.9804965810260585,0.5808042356368649,0.1891770657584972,6.251183283676628e-08,9.411476236032462e-06,0.5808042356368649,0.34447720337390064,0.7179916819168825,9.659063331056395e-05,4.138273905761417e-08,0.5808042356368649,0.007282367213847052,0.0028132542719409527
19,0.8398199955646467,0.832708086136428,0.2719281852448024,0.4958775070343538,9.515867286811966e-08,0.9894172764326773,5.1000247427335876e-05,0.06558087274716563,0.24534569158538758,0.21635089586102735,0.3833601026360183,1.0,0.00042894361047824715,0.8053998090787442,4.600115546134492e-09,0.12411903455315533,0.0009917117020783722,0.004520817330751449,0.9157883775471948,1.0,0.41913392234493874,4.54449888031248e-06,1.7432455765234075e-08,7.039724119250921e-05,1.7432455765234075e-08,0.2719281852448024,0.94871916794421,0.94871916794421,0.3833601026360183,0.5496608241877312,0.0457731549326165,0.7248307726331801,6.6016891376531595e-06,0.00017871397822827824,0.8610806849787659,0.0005673983071778335,4.113363822497819e-08,2.5870049940528182e-05,6.6016891376531595e-06,0.0073179902941486125,0.9819945775847951,1.0372703662340376e-06,2.5870049940528182e-05,0.0009917117020783722,1.8609561075313274e-09,1.1321408333386634e-08,0.41913392234493874,2.1745222013549193e-07,0.9894172764326773,0.5934946299160626,0.0457731549326165,0.7646269463097298,0.16526024202985315,0.4958775070343538,0.45679287352109876,0.0073179902941486125,1.1321408333386634e-08,0.011282408820575993,0.10611967530143807,0.003550334018158381,0.3099229218564939,9.515867286811966e-08,0.07652111303922414,0.9578401943428716,0.9939635034378804,4.600115546134492e-09,0.7646269463097298,0.908328507947576,0.3833601026360183,0.09054240699457523,7.254751712327125e-09,1.515034684071561e-06,0.3833601026360183,0.18866406443446246,0.9055005127515209,1.8467888104363648e-05,4.600115546134492e-09,0.3833601026360183,0.002197008649691444,0.0007540246107875865
20,0.16520728978546007,0.7664279970932084,0.9567616845755216,0.9820867473461404,7.032224813508962e-05,0.34250153894462,0.007304007148345706,0.5938079960294896,0.9277157667329374,0.9015467771323744,0.9877315802279775,0.41913392234493874,0.03196982267213455,0.8002504023254544,6.629116827131343e-06,0.7660905379684584,0.05534249436526331,0.14355774899026236,0.6343374265280726,0.41913392234493874,1.0,0.0013007766752927202,1.8859113211217358e-05,0.009155680396283566,1.8859113211217358e-05,0.9567616845755216,0.27652099976213773,0.27652099976213773,0.9877315802279775,0.9678479757845705,0.5062867517404923,0.8703448925668129,0.0016945748809959803,0.017456435811462626,0.7228365682878274,0.038614188903226654,3.677613947254888e-05,0.004583244587672485,0.0016945748809959803,0.19011617458131452,0.5053678526226659,0.0004330906068300473,0.004583244587672485,0.05534249436526331,3.19578196150411e-06,1.3270457697012176e-05,1.0,0.00013072001121892214,0.34250153894462,0.9501297712221403,0.5062867517404923,0.8383254805621331,0.8398169405518029,0.9820867473461404,0.9960452759717908,0.19011617458131452,1.3270457697012176e-05,0.2443847155513873,0.7243182594763661,0.12401696692335142,0.9676376251939901,7.032224813508962e-05,0.6367406191172894,0.30902965764685675,0.3812077690117509,6.629116827131343e-06,0.8383254805621331,0.6766142781311161,0.9877315802279775,0.6820734347958551,9.388161320733792e-06,0.0005753525306704556,0.9877315802279775,0.8758047913897257,0.2163233219404361,0.0036034146509647228,6.629116827131343e-06,0.9877315802279775,0.09127609922438465,0.046413149162191684
21,2.1605567440449036e-07,7.01924242329041e-05,0.003620686427588378,0.0007602293363239993,0.7650085638598193,2.1843269347729354e-06,0.8569866627288454,0.031749550052641275,0.004530393821646657,0.005759163637178756,0.001663528673560926,4.54449888031248e-06,0.5928010789193278,9.520678581049345e-05,0.4629114450460111,0.01415626073258918,0.4627895374097201,0.24537736792641032,2.6425226317866674e-05,4.54449888031248e-06,0.0013007766752927202,1.0,0.59049638429902,0.8286726004209365,0.59049638429902,0.003620686427588378,1.043985367220374e-06,1.043985367220374e-06,0.001663528673560926,0.0005619247114296767,0.04630903696660867,0.000174813340362047,0.9922935438872352,0.7134521699455377,5.1042993155983414e-05,0.5487508871800629,0.6804877232536843,0.9353753531689196,0.9922935438872352,0.18882163637013374,9.422715322841568e-06,0.9542645667499456,0.9353753531689196,0.4627895374097201,0.3755951065094543,0.5375617163462801,0.0013007766752927202,0.8308021482173451,2.1843269347729354e-06,0.0004228134986657722,0.04630903696660867,0.0001303924062489788,0.009171033785727502,0.0007602293363239993,0.0009981129897324269,0.18882163637013374,0.5375617163462801,0.14424808057338415,0.01756495209185155,0.2765307900751194,0.0027787086736371473,0.7650085638598193,0.026345362706848292,1.5325105534217978e-06,3.1955791337033016e-06,0.4629114450460111,0.0001303924062489788,3.6220089987542526e-05,0.001663528673560926,0.021514191739572627,0.5002485168311294,0.9729009733940002,0.001663528673560926,0.007343685807899592,4.786047171410524e-07,0.958306188042693,0.4629114450460111,0.001663528673560926,0.34184297621984755,0.5039149168668701
22,4.5230842903369345e-10,4.824053986386791e-07,7.023176956980205e-05,9.376874429741253e-06,0.9570111537511132,7.2175812363316835e-09,0.30791439104591756,0.0013072582752062373,9.595247298676822e-05,0.00013096906329547578,2.6230270324494917e-05,1.7432455765234075e-08,0.12451560816431143,7.092586117805824e-07,0.9745815237278842,0.00043299534452184794,0.07775961060511141,0.02620307117560163,1.4393138077346853e-07,1.7432455765234075e-08,1.8859113211217358e-05,0.59049638429902,1.0,0.27473861696740265,1.0,7.023176956980205e-05,2.9454643186178206e-09,2.9454643186178206e-09,2.6230270324494917e-05,6.59698683266463e-06,0.002197328761093945,1.522968762463982e-06,0.5484806579937213,0.18889989796131115,3.2368644745528533e-07,0.10699306660029739,0.9878804803885567,0.380251595555911,0.5484806579937213,0.017604868824527813,4.1409489626941525e-08,0.7664041082715285,0.380251595555911,0.07775961060511141,0.9291718102133792,0.9904751928364349,1.8859113211217358e-05,0.9030458560994752,7.2175812363316835e-09,4.609619141789637e-06,0.002197328761093945,1.043444246017949e-06,0.00024056853651853384,9.376874429741253e-06,1.3361176675128952e-05,0.017604868824527813,0.9904751928364349,0.011451403884279654,0.0005747436352999543,0.031802204133968046,5.070978396552335e-05,0.9570111537511132,0.0009963462486187568,4.620740004814417e-09,1.1275247001156178e-08,0.9745815237278842,1.043444246017949e-06,2.1631282701664123e-07,2.6230270324494917e-05,0.0007601103546269513,0.9838948255248983,0.7246498047648551,2.6230270324494917e-05,0.00017846481645641921,1.1685991838607033e-09,0.419961252703032,0.9745815237278842,2.6230270324494917e-05,0.046302249570434745,0.09159678026865607
23,4.6276137980206725e-06,0.0007514845298573735,0.02127839556487567,0.005743199618346975,0.4196822837645841,3.6827151030006865e-05,0.9947980280166652,0.12408756804705158,0.02636050304236095,0.03199276132960609,0.011505744317780469,7.039724119250921e-05,0.9014771921459364,0.0009995077883909601,0.18887010981312263,0.06563689921197394,0.8013191124266211,0.5402958103697986,0.00031838166040883885,7.039724119250921e-05,0.009155680396283566,0.8286726004209365,0.27473861696740265,1.0,0.27473861696740265,0.02127839556487567,1.8685077826330563e-05,1.8685077826330563e-05,0.011505744317780469,0.00460709159659718,0.1640021412859168,0.001698368479971664,0.8743080206474072,0.9762301995023891,0.0005657369904433161,0.8667360385010972,0.34316624661264755,0.9590954085264404,0.8743080206474072,0.46116899618544915,0.00013104881246304428,0.6752682578511012,0.9590954085264404,0.8013191124266211,0.14423962770733278,0.24506265455187612,0.009155680396283566,0.5065388323172287,3.6827151030006865e-05,0.0036164957987616275,0.1640021412859168,0.0013057236652043518,0.046270175363583736,0.005743199618346975,0.007262088134119316,0.46116899618544915,0.24506265455187612,0.3767659566509628,0.07728867433243981,0.5836185903559841,0.017605071421762607,0.4196822837645841,0.10547044139375597,2.5986109395313058e-05,5.096927211099268e-05,0.18887010981312263,0.0013057236652043518,0.0004331139601328846,0.011505744317780469,0.09061931156242715,0.21642350545566416,0.7172658915531432,0.011505744317780469,0.03841209271899095,9.423533017436196e-06,0.9414123370094841,0.18887010981312263,0.011505744317780469,0.6814806092304533,0.8368809598308133
