,0,1,2,3,4,5,6,7,8,9,10,11,12,13,14,15,16,17,18,19,20,21,22,23,24,25,26,27,28,29,30,31,32,33,34,35,36,37,38,39,40,41,42,43,44,45,46,47,48,49,50,51,52,53,54,55,56,57,58,59,60,61,62,63,64,65,66,67,68,69,70,71,72,73,74,75,76,77,78,79
0,1.0,0.25091484518016177,0.21708190855506027,0.2394127729682867,0.6168525238544134,0.41663691428168476,0.16949619855648534,0.48420892710567975,0.505877535440963,0.7302273791911698,0.34291447759882815,0.3864184485350003,0.5594702888176296,0.7711046150106774,0.7228829918681214,0.5177402509449232,0.7538072154683843,0.20203226318790338,0.2168692297620082,0.3864184485350003,0.3409820638992495,0.21081946754065228,0.4154089024612571,0.5597848906342293,0.4154089024612571,0.21708190855506027,0.31670132363159537,0.31670132363159537,0.34291447759882815,0.19440841528372063,0.2682051875533588,0.2432418735069018,0.9476340823373067,0.6765106379793961,0.19586393111620978,0.24254938436141552,0.6701938307228605,0.2425027743019258,0.9476340823373067,0.3811254753109856,0.8324257775990173,0.28635622087578183,0.2425027743019258,0.7538072154683843,0.42042292528644837,0.24536532707293698,0.3409820638992495,0.724070118579243,0.41663691428168476,0.17413406289059774,0.2682051875533588,0.9408655100433626,0.99508686211418,0.2394127729682867,0.2183783859508836,0.3811254753109856,0.24536532707293698,0.20899351151069398,0.5893051177940956,0.21043211599433925,0.5129317482708842,0.6168525238544134,0.22558877195837762,0.20016341612424968,0.9792765955980866,0.7228829918681214,0.9408655100433626,0.6306266737199223,0.34291447759882815,0.27144967922786783,0.8563223407471838,0.2815620338267611,0.34291447759882815,0.8091401504615847,0.5401056878731434,0.228154316045187,0.7228829918681214,0.34291447759882815,0.7462633954339274,0.34885571781612373
1,0.25091484518016177,1.0,0.9032856109781321,0.32071739135562216,0.7574227990801393,0.06626491340434663,0.06864856263769603,0.649894198212111,0.07749828686581293,0.10012846426980153,0.05646823044850293,0.06644526992688171,0.8228148686176525,0.1103510425990413,0.6482110487058016,0.6046250821743198,0.6246216697800381,0.5450463321834654,0.4100172175089975,0.06644526992688171,0.9149870339960295,0.515839694461944,0.8084178850071579,0.08284148450469994,0.8084178850071579,0.9032856109781321,0.9558629758655305,0.9558629758655305,0.05646823044850293,0.06686621781208806,0.983006478834164,0.06842245793530587,0.39132256118726366,0.08764915501095817,0.7324949904202732,0.9909826838512875,0.7085840810163506,0.33355203297103336,0.39132256118726366,0.7730754932178371,0.5337065903592673,0.9737058256721746,0.33355203297103336,0.6246216697800381,0.06603569109767703,0.06426172943649626,0.9149870339960295,0.09700694411111102,0.06626491340434663,0.06860920418306313,0.983006478834164,0.16974555923794932,0.2931121499783436,0.32071739135562216,0.9462004927002713,0.7730754932178371,0.06426172943649626,0.6293596227645382,0.7894756633599623,0.5171867190937525,0.07168023652071807,0.7574227990801393,0.7987286767424466,0.7456257834765451,0.20981378202574538,0.6482110487058016,0.16974555923794932,0.0907828106633715,0.05646823044850293,0.9872554357372475,0.13210487588786546,0.9939043617242534,0.05646823044850293,0.5538810136243548,0.5407845922623705,0.4258218306751834,0.6482110487058016,0.05646823044850293,0.2895682551752338,0.8951183591301488
2,0.21708190855506027,0.9032856109781321,1.0,0.5249984238312354,0.746105875135994,0.03177820143264797,0.025873038131530857,0.4290753121365988,0.04001671073909508,0.06247856474894548,0.025366176635409212,0.030975070802620665,0.7918039910280642,0.07103774338516856,0.6401772301216856,0.39460417741092135,0.6083447086283178,0.7945501872156595,0.6449785872594304,0.030975070802620665,0.7022728726664117,0.763153119189552,0.5792896208077993,0.04471654553065655,0.5792896208077993,1.0,0.7682677874974666,0.7682677874974666,0.025366176635409212,0.025849716434526587,0.9608480518335516,0.02783019287176814,0.3623329549950033,0.05259397469517822,0.9425892378429249,0.9510828045614422,0.6949016082443223,0.540973739810088,0.3623329549950033,0.5294346782270423,0.5174194517592585,0.7981322201370532,0.540973739810088,0.6083447086283178,0.03178539914462505,0.026155474750084513,0.7022728726664117,0.060381871338354966,0.03177820143264797,0.0259876837682421,0.9608480518335516,0.12837206217236838,0.25692410605778004,0.5249984238312354,0.9923472602897971,0.5294346782270423,0.026155474750084513,0.8671856029314927,0.7696797526125261,0.7646330138888958,0.03743684396985449,0.746105875135994,0.9722750914788384,0.9495427296273826,0.1668829701937226,0.6401772301216856,0.12837206217236838,0.05191427486573235,0.025366176635409212,0.8321838139018713,0.09162859327188203,0.8631772267125529,0.025366176635409212,0.5431742524481933,0.34345361419646825,0.6597375066120394,0.6401772301216856,0.025366176635409212,0.1824904784300337,0.6739252098474017
3,0.2394127729682867,0.32071739135562216,0.5249984238312354,1.0,0.5304272012076883,0.013043480343676089,0.004325317972003307,0.13090454238224658,0.01938272752540509,0.04655082383157354,0.008986921115670315,0.01160196647066571,0.495909010017019,0.055308280536506875,0.5255681058646001,0.12506673021431944,0.502819076049228,0.8795944536080159,0.9738491209840313,0.01160196647066571,0.2137989424189908,0.9086767636378124,0.1769392333441629,0.024050454634167356,0.1769392333441629,0.5249984238312354,0.24369881318370176,0.24369881318370176,0.008986921115670315,0.0048887097505339715,0.41505752400430557,0.00637217363753932,0.36776827883705127,0.0371326129972463,0.7025475625978548,0.37742636975402116,0.5230305162268204,0.9996430783762765,0.36776827883705127,0.14492520286261465,0.47451381558086914,0.24989911608937487,0.9996430783762765,0.502819076049228,0.013216671465848625,0.006188904705868428,0.2137989424189908,0.0452265316063089,0.013043480343676089,0.004442171114059222,0.41505752400430557,0.1248591733532502,0.27103930216326716,1.0,0.4588799912607837,0.14492520286261465,0.006188904705868428,0.8163097965950805,0.515681718984005,0.9074261833252794,0.019322563405546594,0.5304272012076883,0.6637221681558216,0.6942289279004682,0.16656372025634333,0.5255681058646001,0.1248591733532502,0.03175159017065993,0.008986921115670315,0.26760601616142243,0.08021564025567794,0.2987037565184672,0.008986921115670315,0.4952698570439783,0.11027717780321263,0.9715935798835212,0.5255681058646001,0.008986921115670315,0.08765446250683578,0.20129819706610982
4,0.6168525238544134,0.7574227990801393,0.746105875135994,0.5304272012076883,1.0,0.14625483908292009,0.08915570090177852,0.67100898210953,0.1806382381909598,0.27011722127908794,0.1186794840175649,0.13970839064902735,0.9924512190782857,0.29698213214904123,0.9821588099473708,0.6591638287376345,0.9723556219473827,0.6265496112167589,0.5720498188547776,0.13970839064902735,0.7562143371403003,0.6233829508309657,0.7412164387955039,0.20056881222891473,0.7412164387955039,0.746105875135994,0.7688569117939428,0.7688569117939428,0.1186794840175649,0.094456723086789,0.8043257058289174,0.10827872435434269,0.8027651158480928,0.23748085226489068,0.6850686903080806,0.7662294179343354,0.9959511397766293,0.5427580886137119,0.8027651158480928,0.6800434367112201,0.9264203107007524,0.7513352575693527,0.5427580886137119,0.9723556219473827,0.14682264672295842,0.10493167340044315,0.7562143371403003,0.2640069436527897,0.14625483908292009,0.09041029703551212,0.8043257058289174,0.44909798652590965,0.6767251158889024,0.5304272012076883,0.7467339570712798,0.6800434367112201,0.10493167340044315,0.6699257902451669,0.9982911721013749,0.6235895127199136,0.1749018154094293,1.0,0.7432638766901507,0.6947852544734633,0.5288514874705137,0.9821588099473708,0.44909798652590965,0.2291948190812849,0.1186794840175649,0.7506692447064924,0.3576871064020064,0.7775102950350481,0.1186794840175649,0.9400830977218284,0.6214353645612932,0.5927516729752081,0.9821588099473708,0.1186794840175649,0.5000236702273141,0.7468236209880874
5,0.41663691428168476,0.06626491340434663,0.03177820143264797,0.013043480343676089,0.14625483908292009,1.0,0.7269113229213353,0.35884748986321113,0.9861538446427288,0.8370362822299025,0.9891243667789283,0.9967541352881977,0.13882569710985423,0.8039817511093625,0.17666810281939463,0.4033319103887432,0.19358133855905246,0.014122744877101193,0.012711533713969648,0.9967541352881977,0.1508234832701545,0.014291373264912496,0.23266173622677158,0.9645383642710137,0.23266173622677158,0.03177820143264797,0.12097164152648243,0.12097164152648243,0.9891243667789283,0.7903819603974896,0.057023938454899836,0.8753804905447103,0.3059738884938184,0.873673172281962,0.018843638385360933,0.05365028183243526,0.1638614669448659,0.013525445617372905,0.3059738884938184,0.24193914029590116,0.22338254390159326,0.10190641844660535,0.013525445617372905,0.19358133855905246,0.9999344464284233,0.8889023103813741,0.1508234832701545,0.8382082490561931,1.0,0.7385943170280288,0.057023938454899836,0.6004159927263415,0.391693755320629,0.013043480343676089,0.03716651712692016,0.24193914029590116,0.8889023103813741,0.016953651585391763,0.14244184035962157,0.014285017082928626,0.9784002684926492,0.14625483908292009,0.025629969666295424,0.01985216011357936,0.5295285756003754,0.17666810281939463,0.6004159927263415,0.9235398624473493,0.9891243667789283,0.08842336420856729,0.7140146015286644,0.08447588028248226,0.9891243667789283,0.20844406024170026,0.46351873538689947,0.013991884181334005,0.17666810281939463,0.9891243667789283,0.7337406947657427,0.16396525662005712
6,0.16949619855648534,0.06864856263769603,0.025873038131530857,0.004325317972003307,0.08915570090177852,0.7269113229213353,1.0,0.3738866408331624,0.6443922436409467,0.41411380474553827,0.7905154019595342,0.7721173161644703,0.09296601340337488,0.3883298410069269,0.0959308703343575,0.4056918552602567,0.10399763990811635,0.006961955319835498,0.0050133749264349,0.7721173161644703,0.1665341297943501,0.006677929713888543,0.24971548757364095,0.5886670750025077,0.24971548757364095,0.025873038131530857,0.13144586556073026,0.13144586556073026,0.7905154019595342,0.9932660958096046,0.05190440670889266,0.9602435042309161,0.13656308794386476,0.44495807497711487,0.012217064758040267,0.05195238328910255,0.09521631923031941,0.004580874665225321,0.13656308794386476,0.27902783906435075,0.11012235291261371,0.11272878708681465,0.004580874665225321,0.10399763990811635,0.7202599955928526,0.9496737299260641,0.1665341297943501,0.41254467219112234,0.7269113229213353,0.9997900332788011,0.05190440670889266,0.2571797003161557,0.16600072746523084,0.004325317972003307,0.03286698715981233,0.27902783906435075,0.9496737299260641,0.009332447814173006,0.09075488478169275,0.006691236890929968,0.6098325543648341,0.08915570090177852,0.01747640650927825,0.013022601125656974,0.22634635101026968,0.0959308703343575,0.2571797003161557,0.5189604614265503,0.7905154019595342,0.09672759487998261,0.3224796677733972,0.08805203625978955,0.7905154019595342,0.10368311088814199,0.4566750465825108,0.0055991254561691935,0.0959308703343575,0.7905154019595342,0.5200691534468853,0.18254241157657514
7,0.48420892710567975,0.649894198212111,0.4290753121365988,0.13090454238224658,0.67100898210953,0.35884748986321113,0.3738866408331624,1.0,0.3819534357392963,0.3898471514572075,0.3321660483497424,0.3643430592813429,0.7054596799815367,0.4040475291762434,0.6428059160781425,0.9962885708259902,0.6509433585358586,0.20330965811288962,0.15611396348396442,0.3643430592813429,0.8737446452245691,0.19525028741340578,0.9615189309583774,0.3875750864052478,0.9615189309583774,0.4290753121365988,0.8168633437700711,0.8168633437700711,0.3321660483497424,0.3728202215929745,0.5871823536699805,0.38159401775173213,0.5684821670980726,0.36902191464455947,0.2905029379341535,0.5839962601018592,0.6678691926275233,0.13665481229627893,0.5684821670980726,0.9674620468910928,0.6158093537951255,0.7735909948426063,0.13665481229627893,0.6509433585358586,0.35733473193108417,0.36764541309662346,0.8737446452245691,0.38233164834901884,0.35884748986321113,0.3747642312613095,0.5871823536699805,0.4506640949429492,0.5229024917230513,0.13090454238224658,0.47921598949062605,0.9674620468910928,0.36764541309662346,0.2447407213814015,0.6874874516710017,0.19562938499316856,0.3594803802945222,0.67100898210953,0.3506219944285055,0.3006892326932432,0.48548443863148416,0.6428059160781425,0.4506640949429492,0.394376330477145,0.3321660483497424,0.7343850155428246,0.42179786737918284,0.7156299852487435,0.3321660483497424,0.6133823588844548,0.9817539310205464,0.16656992126460504,0.6428059160781425,0.3321660483497424,0.7555736476020737,0.8938923463737145
8,0.505877535440963,0.07749828686581293,0.04001671073909508,0.01938272752540509,0.1806382381909598,0.9861538446427288,0.6443922436409467,0.3819534357392963,1.0,0.9118891237024204,0.9516354572669621,0.9713159840657363,0.16940628725808302,0.8852399828824147,0.21973660200259731,0.42863309120906656,0.23990845626822602,0.019841587772798756,0.01849181383796484,0.9713159840657363,0.1674166775979187,0.02022572884503983,0.2533867086550151,0.9948229676501107,0.2533867086550151,0.04001671073909508,0.13626592685528552,0.13626592685528552,0.9516354572669621,0.7094616784906043,0.06876402984843227,0.8036783183293119,0.37725091778621067,0.9392481263747317,0.025129362418952896,0.06412781641281855,0.2026375535399028,0.02002043481106437,0.37725091778621067,0.25893474594407595,0.27774582429848527,0.11535626059799152,0.02002043481106437,0.23990845626822602,0.987666039898588,0.8174199229666287,0.1674166775979187,0.9127481095764634,0.9861538446427288,0.6563006384150857,0.06876402984843227,0.6982869006796653,0.4764046518484509,0.01938272752540509,0.04584498816776973,0.25893474594407595,0.8174199229666287,0.023281244809054795,0.17496736939294713,0.02021001876064147,0.998069114809566,0.1806382381909598,0.033524105636085516,0.02637515825628898,0.6252889013529095,0.21973660200259731,0.6982869006796653,0.9734704793062182,0.9516354572669621,0.10099620818346268,0.8068601675262119,0.0976079538021326,0.9516354572669621,0.25993831181272253,0.4891381890253335,0.020246066287961034,0.21973660200259731,0.9516354572669621,0.786346252200614,0.18087761659328908
9,0.7302273791911698,0.10012846426980153,0.06247856474894548,0.04655082383157354,0.27011722127908794,0.8370362822299025,0.41411380474553827,0.3898471514572075,0.9118891237024204,1.0,0.7580319409840561,0.7993120898658265,0.24536794969999118,0.9973778168005898,0.3351047609996832,0.4360685424677934,0.36266078097567395,0.041114089212701946,0.04197593514389505,0.7993120898658265,0.18959392091390914,0.042724882499885465,0.2737436655643843,0.9476969027185067,0.2737436655643843,0.06247856474894548,0.1601347624870469,0.1601347624870469,0.7580319409840561,0.47117603821404525,0.09614242445488429,0.566129364390454,0.564889618626709,0.9958240895543805,0.04547594847527326,0.08760486028953833,0.3042306352947045,0.047595600983011736,0.564889618626709,0.26744270526566033,0.42396317237050285,0.1371957696805948,0.047595600983011736,0.36266078097567395,0.8418178538161128,0.5784341248662388,0.18959392091390914,0.9998917650375319,0.8370362822299025,0.4243968656132425,0.09614242445488429,0.9041532517367838,0.6901116895185766,0.04655082383157354,0.06787042080161813,0.26744270526566033,0.5784341248662388,0.04547180958728097,0.25786650413236434,0.042654334815812656,0.9245996481772283,0.27011722127908794,0.057746330990313684,0.04727441780934041,0.8410856525338877,0.3351047609996832,0.9041532517367838,0.9806629538689038,0.7580319409840561,0.12286993352206178,0.9712684734512349,0.1223358014566361,0.7580319409840561,0.3996574865744763,0.48911733025774734,0.04533666723139926,0.3351047609996832,0.7580319409840561,0.8222213199866817,0.20165028192486287
10,0.34291447759882815,0.05646823044850293,0.025366176635409212,0.008986921115670315,0.1186794840175649,0.9891243667789283,0.7905154019595342,0.3321660483497424,0.9516354572669621,0.7580319409840561,1.0,0.9964024055915627,0.11387185785847376,0.7212981548982476,0.14244631210549674,0.37382869045605505,0.15657381592754935,0.010229830620491319,0.00892640688563312,0.9964024055915627,0.13457282538554852,0.010284698342752223,0.2110821658691454,0.9168851387999475,0.2110821658691454,0.025366176635409212,0.10655197904147708,0.10655197904147708,1.0,0.8500155300222516,0.04729255531189784,0.92272286966272,0.24851073981984992,0.8005349261735556,0.0142964439733305,0.04484594197449262,0.1328079190589348,0.009351457766195424,0.24851073981984992,0.2229180136926394,0.1801307735880686,0.08937566280108904,0.009351457766195424,0.15657381592754935,0.987655140775554,0.9355913074906419,0.13457282538554852,0.7593906115241578,0.9891243667789283,0.8015274872284837,0.04729255531189784,0.5132742216009917,0.32192773140461783,0.008986921115670315,0.030215251693523692,0.2229180136926394,0.9355913074906419,0.01253176624228193,0.11615301453626464,0.010283172345355718,0.9391373186478527,0.1186794840175649,0.019780481406353582,0.015111645736261258,0.4466641523571371,0.14244631210549674,0.5132742216009917,0.8611738752090718,1.0,0.07693999920141374,0.6260614994281011,0.07275680204042773,1.0,0.16765239859525363,0.43226046169978893,0.009871926463868851,0.14244631210549674,1.0,0.6746063862727956,0.1471008578761761
11,0.3864184485350003,0.06644526992688171,0.030975070802620665,0.01160196647066571,0.13970839064902735,0.9967541352881977,0.7721173161644703,0.3643430592813429,0.9713159840657363,0.7993120898658265,0.9964024055915627,1.0,0.1337977582869149,0.7652655215728548,0.16708823304557888,0.4084617813307778,0.18301524315041737,0.013051436721568877,0.011492534452547986,1.0,0.15300842223374522,0.013139745624365248,0.2360822042900456,0.9429108868927549,0.2360822042900456,0.030975070802620665,0.12234032561848276,0.12234032561848276,0.9964024055915627,0.8322776681309758,0.05638149518253158,0.9093931365007063,0.2852901345433739,0.8376148195566016,0.01791090495355822,0.05336380860802824,0.15591571010642977,0.012056613265493196,0.2852901345433739,0.24743310070317293,0.20968504585176626,0.10313912069249435,0.012056613265493196,0.18301524315041737,0.995773187732397,0.921341454622486,0.15300842223374522,0.8001523003196124,0.9967541352881977,0.7832977999175941,0.05638149518253158,0.5622057528619029,0.3643706358944257,0.01160196647066571,0.03655884830801415,0.24743310070317293,0.921341454622486,0.015849767728326247,0.13663357152425862,0.01313696523567007,0.9593893821756417,0.13970839064902735,0.024518314680137272,0.018895885639063647,0.4947861856531725,0.16708823304557888,0.5622057528619029,0.8945213172288395,0.9964024055915627,0.08931224263698953,0.6738268382538096,0.0848775558373447,0.9964024055915627,0.19572614116274073,0.4690750519604266,0.012673147932559548,0.16708823304557888,0.9964024055915627,0.7221990837838634,0.16658003946734748
12,0.5594702888176296,0.8228148686176525,0.7918039910280642,0.495909010017019,0.9924512190782857,0.13882569710985423,0.09296601340337488,0.7054596799815367,0.16940628725808302,0.24536794969999118,0.11387185785847376,0.1337977582869149,1.0,0.2694614631279367,0.9540328766275761,0.6875737986907485,0.9411985032039429,0.6232810151553321,0.5501839078322687,0.1337977582869149,0.816929653704049,0.6148981109766469,0.7905886852534614,0.1865885066038621,0.7905886852534614,0.7918039910280642,0.8322134336883916,0.8322134336883916,0.11387185785847376,0.0970976791865907,0.8600493345456991,0.10909260685835788,0.7463344408311208,0.21598840895073676,0.7079414303266892,0.8272744503602572,0.9790981389784295,0.5089481868180296,0.7463344408311208,0.7316308614328965,0.8819170030363461,0.8177198696200753,0.5089481868180296,0.9411985032039429,0.13918107054412612,0.1052044866605654,0.816929653704049,0.23951964388700614,0.13882569710985423,0.09403889915839511,0.8600493345456991,0.4053620979712055,0.6193847163572247,0.495909010017019,0.800199723375547,0.7316308614328965,0.1052044866605654,0.676281047893341,0.9979107893093173,0.6153391642660081,0.16277606558571073,0.9924512190782857,0.7707657125481766,0.7187578504195477,0.4797662942934992,0.9540328766275761,0.4053620979712055,0.21124364845087482,0.11387185785847376,0.817743799178158,0.32305831136505325,0.8420316479265213,0.11387185785847376,0.8975433943318474,0.643804454493717,0.5707183883154197,0.9540328766275761,0.11387185785847376,0.48650590042810143,0.8063596402658404
13,0.7711046150106774,0.1103510425990413,0.07103774338516856,0.055308280536506875,0.29698213214904123,0.8039817511093625,0.3883298410069269,0.4040475291762434,0.8852399828824147,0.9973778168005898,0.7212981548982476,0.7652655215728548,0.2694614631279367,1.0,0.36706049133140417,0.45034549905006804,0.3960021507493624,0.04844669064891703,0.04979927991216166,0.7652655215728548,0.20283729602217998,0.05039212062647724,0.28863539734292143,0.9257445616471712,0.28863539734292143,0.07103774338516856,0.17277931821483752,0.17277931821483752,0.7212981548982476,0.44258198285635547,0.10710602140078233,0.5344434688506601,0.606583667973944,0.9866514211302926,0.052815826065810596,0.09746528159772956,0.33360979109996874,0.05649040606210503,0.606583667973944,0.28022869854103816,0.4610677049063041,0.1486993887518535,0.05649040606210503,0.3960021507493624,0.8088910635303729,0.5456037053769456,0.20283729602217998,0.996597082370135,0.8039817511093625,0.3981279251042901,0.10710602140078233,0.9315967530974807,0.7317141081913369,0.055308280536506875,0.07658327323620732,0.28022869854103816,0.5456037053769456,0.053205821734020865,0.2833958034681198,0.05030676961954691,0.8980372908954912,0.29698213214904123,0.06646065713286269,0.05481574035971862,0.8751874790892009,0.36706049133140417,0.9315967530974807,0.9659514840939785,0.7212981548982476,0.1338518085838062,0.985785177511599,0.13381753920261547,0.7212981548982476,0.43575968479296534,0.5020507723300671,0.05365444612472938,0.36706049133140417,0.7212981548982476,0.8325702669807574,0.21498560694723026
14,0.7228829918681214,0.6482110487058016,0.6401772301216856,0.5255681058646001,0.9821588099473708,0.17666810281939463,0.0959308703343575,0.6428059160781425,0.21973660200259731,0.3351047609996832,0.14244631210549674,0.16708823304557888,0.9540328766275761,0.36706049133140417,1.0,0.6413042553379248,0.9984760112490632,0.5706450290877464,0.5441325306404446,0.16708823304557888,0.6730352602701083,0.5744430266373572,0.6826158595965165,0.24534849473262874,0.6826158595965165,0.6401772301216856,0.6763073826810683,0.6763073826810683,0.14244631210549674,0.10364738489434225,0.6969984176034867,0.12180362588147299,0.8909321932808738,0.2961033638684591,0.5983305493116836,0.6553536845403921,0.9948793673639729,0.535982317944764,0.8909321932808738,0.6222806082358092,0.9794306024980648,0.6524275095589699,0.535982317944764,0.9984760112490632,0.17763186516224858,0.11900862422939298,0.6730352602701083,0.3283639279792835,0.17666810281939463,0.0976056700638492,0.6969984176034867,0.5437973449014447,0.7790256604251053,0.5255681058646001,0.6364890499089159,0.6222806082358092,0.11900862422939298,0.6012822030143778,0.9703983536611231,0.5743272946740684,0.21509427518725424,0.9821588099473708,0.6518907686731215,0.606857131207483,0.6290847824188069,1.0,0.5437973449014447,0.28185148007114735,0.14244631210549674,0.6475260762329742,0.43952150354457076,0.6737132407893542,0.14244631210549674,0.9868864463543651,0.6147020891870335,0.5643393430471153,1.0,0.14244631210549674,0.5510205806870563,0.6676122014015171
15,0.5177402509449232,0.6046250821743198,0.39460417741092135,0.12506673021431944,0.6591638287376345,0.4033319103887432,0.4056918552602567,0.9962885708259902,0.42863309120906656,0.4360685424677934,0.37382869045605505,0.4084617813307778,0.6875737986907485,0.45034549905006804,0.6413042553379248,1.0,0.6523914680010167,0.18862224858306417,0.146894907939006,0.4084617813307778,0.8352583211798092,0.18190042388703187,0.936902783866127,0.43479527167063936,0.936902783866127,0.39460417741092135,0.7746876606004396,0.7746876606004396,0.37382869045605505,0.40734860731033384,0.5465576909053893,0.42012586516934974,0.5911536435211449,0.4146862912786411,0.2667199597225073,0.5411286739799988,0.6611015397145366,0.13044548725561692,0.5911536435211449,0.9427311477717399,0.6252146766537673,0.7286616835476104,0.13044548725561692,0.6523914680010167,0.4018123317400794,0.4061927695300564,0.8352583211798092,0.4282032630877589,0.4033319103887432,0.4071064845317025,0.5465576909053893,0.4928788439674422,0.5543484229142528,0.12506673021431944,0.4409349456403062,0.9427311477717399,0.4061927695300564,0.22641463694139938,0.6727605297481535,0.1822190564593659,0.4050428357685778,0.6591638287376345,0.32362278032449504,0.276259447443,0.5252259191649569,0.6413042553379248,0.4928788439674422,0.44185073195150176,0.37382869045605505,0.6885371538980566,0.466768189041593,0.6710204112949324,0.37382869045605505,0.6204020762877533,0.9942133432990817,0.1569440488994016,0.6413042553379248,0.37382869045605505,0.8022863374468048,0.8571816405966918
16,0.7538072154683843,0.6246216697800381,0.6083447086283178,0.502819076049228,0.9723556219473827,0.19358133855905246,0.10399763990811635,0.6509433585358586,0.23990845626822602,0.36266078097567395,0.15657381592754935,0.18301524315041737,0.9411985032039429,0.3960021507493624,0.9984760112490632,0.6523914680010167,1.0,0.5394092182824219,0.5169450651420238,0.18301524315041737,0.6623796891936762,0.5439604167506901,0.6807097218780643,0.26738283508130095,0.6807097218780643,0.6083447086283178,0.6615316824011568,0.6615316824011568,0.15657381592754935,0.11269111922978295,0.6698672476613897,0.13274476916739428,0.9124806718324568,0.32174106121900053,0.5649051416092977,0.6286797727962373,0.9892961467856995,0.5127065493255787,0.9124806718324568,0.6215954306364521,0.9881728525351228,0.635296718987962,0.5127065493255787,1.0,0.19465950918825844,0.12994894836633958,0.6623796891936762,0.3556479830319628,0.19358133855905246,0.10586061945612248,0.6698672476613897,0.5770852115041275,0.8081053429194103,0.502819076049228,0.6062163772817688,0.6215954306364521,0.12994894836633958,0.5686525555352383,0.9590278818999693,0.5438069806620489,0.23526774481515902,0.9723556219473827,0.6185518768174998,0.5733918224220721,0.6623399006767504,0.9984760112490632,0.5770852115041275,0.30628885255376903,0.15657381592754935,0.6282538580570651,0.470989102605061,0.6529778056546283,0.15657381592754935,0.9931849641812591,0.6290612987225207,0.536843933905108,0.9984760112490632,0.15657381592754935,0.5791076571200034,0.6586481634179898
17,0.20203226318790338,0.5450463321834654,0.7945501872156595,0.8795944536080159,0.6265496112167589,0.014122744877101193,0.006961955319835498,0.20330965811288962,0.019841587772798756,0.041114089212701946,0.010229830620491319,0.013051436721568877,0.6232810151553321,0.04844669064891703,0.5706450290877464,0.18862224858306417,0.5394092182824219,1.0,0.961463270572298,0.013051436721568877,0.3625771751275605,0.9976251122912684,0.28787093871464675,0.023729019547859005,0.28787093871464675,0.7945501872156595,0.41413831041497,0.41413831041497,0.010229830620491319,0.007418962116432455,0.656767577512236,0.008885242175559591,0.3390746156191332,0.033110823192414554,0.9409660427979558,0.6215991564608989,0.5956392466886232,0.8905540932016259,0.3390746156191332,0.24521874110022604,0.47721350398619045,0.43284570155552576,0.8905540932016259,0.5394092182824219,0.014230367954744,0.008465571753978529,0.3625771751275605,0.03976273994806597,0.014122744877101193,0.007076255686626194,0.656767577512236,0.10509444697694699,0.2366288371046717,0.8795944536080159,0.7260734720029106,0.24521874110022604,0.008465571753978529,0.9895533613454709,0.627292562055009,0.9978361537770023,0.01917065317447325,0.6265496112167589,0.9072557792884454,0.9349333078304141,0.14212303575005203,0.5706450290877464,0.10509444697694699,0.029997765170707423,0.010229830620491319,0.46360714724063967,0.06839746715647502,0.5039339852288557,0.010229830620491319,0.5031124111411461,0.162468083542687,0.9651191376867462,0.5706450290877464,0.010229830620491319,0.10113795461856183,0.3414688835280765
18,0.2168692297620082,0.4100172175089975,0.6449785872594304,0.9738491209840313,0.5720498188547776,0.012711533713969648,0.0050133749264349,0.15611396348396442,0.01849181383796484,0.04197593514389505,0.00892640688563312,0.011492534452547986,0.5501839078322687,0.04979927991216166,0.5441325306404446,0.146894907939006,0.5169450651420238,0.961463270572298,1.0,0.011492534452547986,0.2694318818797004,0.9776874913000485,0.2172939511795523,0.02261878854545284,0.2172939511795523,0.6449785872594304,0.30858374980319775,0.30858374980319775,0.00892640688563312,0.005517688797831788,0.5158098604979833,0.006930231464899019,0.3497561578844297,0.03353205817349675,0.8233107696332769,0.4775582684448345,0.5539176472411093,0.9788189919035988,0.3497561578844297,0.18074054891075622,0.472562057600033,0.3198998273645623,0.9788189919035988,0.5169450651420238,0.012849119658946048,0.006668618899727819,0.2694318818797004,0.040683109194550086,0.012711533713969648,0.0051249618249857,0.5158098604979833,0.11172387404903165,0.24988365479128874,0.9738491209840313,0.5735523793843421,0.18074054891075622,0.006668618899727819,0.916380080596737,0.5636856172839919,0.9770441525773585,0.01817252356760829,0.5720498188547776,0.7820020018664018,0.815041249521179,0.15065550036690978,0.5441325306404446,0.11172387404903165,0.029375786405709342,0.00892640688563312,0.3433846857626262,0.0717213405016963,0.37929319327886396,0.00892640688563312,0.4961158711078145,0.12777001410820096,0.9994155315013388,0.5441325306404446,0.00892640688563312,0.09010337870468743,0.25331196215556684
19,0.3864184485350003,0.06644526992688171,0.030975070802620665,0.01160196647066571,0.13970839064902735,0.9967541352881977,0.7721173161644703,0.3643430592813429,0.9713159840657363,0.7993120898658265,0.9964024055915627,1.0,0.1337977582869149,0.7652655215728548,0.16708823304557888,0.4084617813307778,0.18301524315041737,0.013051436721568877,0.011492534452547986,1.0,0.15300842223374522,0.013139745624365248,0.2360822042900456,0.9429108868927549,0.2360822042900456,0.030975070802620665,0.12234032561848276,0.12234032561848276,0.9964024055915627,0.8322776681309758,0.05638149518253158,0.9093931365007063,0.2852901345433739,0.8376148195566016,0.01791090495355822,0.05336380860802824,0.15591571010642977,0.012056613265493196,0.2852901345433739,0.24743310070317293,0.20968504585176626,0.10313912069249435,0.012056613265493196,0.18301524315041737,0.995773187732397,0.921341454622486,0.15300842223374522,0.8001523003196124,0.9967541352881977,0.7832977999175941,0.05638149518253158,0.5622057528619029,0.3643706358944257,0.01160196647066571,0.03655884830801415,0.24743310070317293,0.921341454622486,0.015849767728326247,0.13663357152425862,0.01313696523567007,0.9593893821756417,0.13970839064902735,0.024518314680137272,0.018895885639063647,0.4947861856531725,0.16708823304557888,0.5622057528619029,0.8945213172288395,0.9964024055915627,0.08931224263698953,0.6738268382538096,0.0848775558373447,0.9964024055915627,0.19572614116274073,0.4690750519604266,0.012673147932559548,0.16708823304557888,0.9964024055915627,0.7221990837838634,0.16658003946734748
20,0.3409820638992495,0.9149870339960295,0.7022728726664117,0.2137989424189908,0.7562143371403003,0.1508234832701545,0.1665341297943501,0.8737446452245691,0.1674166775979187,0.18959392091390914,0.13457282538554852,0.15300842223374522,0.816929653704049,0.20283729602217998,0.6730352602701083,0.8352583211798092,0.6623796891936762,0.3625771751275605,0.2694318818797004,0.15300842223374522,1.0,0.3436243053057756,0.9717455043660628,0.17371143513005463,0.9717455043660628,0.7022728726664117,0.992692615466332,0.992692615466332,0.13457282538554852,0.16249859378066914,0.855558026451142,0.16414429034424163,0.47273423105158496,0.17233261160493352,0.5141112331542119,0.8624231524420216,0.7239353553354888,0.22317883192212548,0.47273423105158496,0.9571563073094194,0.5873880175312434,0.9805555774194041,0.22317883192212548,0.6623796891936762,0.15011937315864615,0.15553098130272444,1.0,0.1845935326139009,0.1508234832701545,0.16639722615084154,0.855558026451142,0.2672531918946345,0.38612756241686785,0.2137989424189908,0.7629915481087932,0.9571563073094194,0.15553098130272444,0.43104811899103596,0.7855231025114038,0.3444994873042576,0.15534869210485344,0.7562143371403003,0.5894031189385632,0.5278304067294741,0.31063391675648416,0.6730352602701083,0.2672531918946345,0.18271986714408242,0.13457282538554852,0.9644107659009329,0.2269747675445182,0.9524794111208417,0.13457282538554852,0.5990504256202926,0.7784974961857252,0.28360231810221215,0.6730352602701083,0.13457282538554852,0.47479348553684897,0.9987895175900889
21,0.21081946754065228,0.515839694461944,0.763153119189552,0.9086767636378124,0.6233829508309657,0.014291373264912496,0.006677929713888543,0.19525028741340578,0.02022572884503983,0.042724882499885465,0.010284698342752223,0.013139745624365248,0.6148981109766469,0.05039212062647724,0.5744430266373572,0.18190042388703187,0.5439604167506901,0.9976251122912684,0.9776874913000485,0.013139745624365248,0.3436243053057756,1.0,0.2745286472502771,0.0243054726396265,0.2745286472502771,0.763153119189552,0.39225606773440785,0.39225606773440785,0.010284698342752223,0.0071735642087585915,0.6274444754324368,0.008690130196190306,0.34933370262490204,0.034371371189311634,0.9183445248813831,0.590623878273381,0.5956666048251976,0.9184272869094111,0.34933370262490204,0.23265172223155647,0.48559586425336415,0.40883598683763306,0.9184272869094111,0.5439604167506901,0.014411141556624605,0.00830177743361484,0.3436243053057756,0.04134748381841721,0.014291373264912496,0.006797137935279417,0.6274444754324368,0.10980364953891315,0.2457347663508482,0.9086767636378124,0.6933331837087515,0.23265172223155647,0.00830177743361484,0.9788031841315057,0.6216205380489508,0.9999950741094715,0.019625527553849987,0.6233829508309657,0.8832695054654588,0.911825501583517,0.14815984318280506,0.5744430266373572,0.10980364953891315,0.03090040209676927,0.010284698342752223,0.4377969198593158,0.07137518927642124,0.4775419182906051,0.010284698342752223,0.5111961779175521,0.15721805891973362,0.9806709419644196,0.5744430266373572,0.010284698342752223,0.10125871733759823,0.32364914910801934
22,0.4154089024612571,0.8084178850071579,0.5792896208077993,0.1769392333441629,0.7412164387955039,0.23266173622677158,0.24971548757364095,0.9615189309583774,0.2533867086550151,0.2737436655643843,0.2110821658691454,0.2360822042900456,0.7905886852534614,0.28863539734292143,0.6826158595965165,0.936902783866127,0.6807097218780643,0.28787093871464675,0.2172939511795523,0.2360822042900456,0.9717455043660628,0.2745286472502771,1.0,0.2602751372347307,1.0,0.5792896208077993,0.9384167275409614,0.9384167275409614,0.2110821658691454,0.24616451418735494,0.7443127854254663,0.2502586213823611,0.5333677444180375,0.2534906432227955,0.40933923668704214,0.7455420149855748,0.7224961606894129,0.18469640642940158,0.5333677444180375,0.9945012081892768,0.6220171718147597,0.90910204418352,0.18469640642940158,0.6807097218780643,0.23162949865402913,0.23896830567280733,0.9717455043660628,0.26741977081337076,0.23266173622677158,0.2498845397601023,0.7443127854254663,0.35233649936032474,0.460196062114715,0.1769392333441629,0.6372836786238759,0.9945012081892768,0.23896830567280733,0.3441086812087855,0.764994752931621,0.27514962678692295,0.23668939545976517,0.7412164387955039,0.4804644580015279,0.4218249788499507,0.3954539524556664,0.6826158595965165,0.35233649936032474,0.2696830765992663,0.2110821658691454,0.8797057962784439,0.3128774196578689,0.8635794290516012,0.2110821658691454,0.6274968359429863,0.8959494630165061,0.23014678995660934,0.6826158595965165,0.2110821658691454,0.6086913697779596,0.9813326012587439
23,0.5597848906342293,0.08284148450469994,0.04471654553065655,0.024050454634167356,0.20056881222891473,0.9645383642710137,0.5886670750025077,0.3875750864052478,0.9948229676501107,0.9476969027185067,0.9168851387999475,0.9429108868927549,0.1865885066038621,0.9257445616471712,0.24534849473262874,0.43479527167063936,0.26738283508130095,0.023729019547859005,0.02261878854545284,0.9429108868927549,0.17371143513005463,0.0243054726396265,0.2602751372347307,1.0,0.2602751372347307,0.04471654553065655,0.14257318131985114,0.14257318131985114,0.9168851387999475,0.6534692808647976,0.07490133300823366,0.7510358874368465,0.42041835501507147,0.9685866882907413,0.029081846534554714,0.06944829539098454,0.22531132898928893,0.024780365641965153,0.42041835501507147,0.26314499137397995,0.31050758020285907,0.12099148667676159,0.024780365641965153,0.26738283508130095,0.9670007533028626,0.7648629231250375,0.17371143513005463,0.9484233896938978,0.9645383642710137,0.6004735191250273,0.07490133300823366,0.7539710235571231,0.5273475278646186,0.024050454634167356,0.050586438823722324,0.26314499137397995,0.7648629231250375,0.02744897178200908,0.19355841424344553,0.024281262782868296,0.9968732480943249,0.20056881222891473,0.03835593706433701,0.030455153845471386,0.6808667960704599,0.24534849473262874,0.7539710235571231,0.991562280146718,0.9168851387999475,0.10647361915235037,0.8568098896692263,0.10363373064011447,0.9168851387999475,0.29103468851543957,0.4943978133284311,0.024686414389498677,0.24534849473262874,0.9168851387999475,0.8055392021956728,0.18701360937377587
24,0.4154089024612571,0.8084178850071579,0.5792896208077993,0.1769392333441629,0.7412164387955039,0.23266173622677158,0.24971548757364095,0.9615189309583774,0.2533867086550151,0.2737436655643843,0.2110821658691454,0.2360822042900456,0.7905886852534614,0.28863539734292143,0.6826158595965165,0.936902783866127,0.6807097218780643,0.28787093871464675,0.2172939511795523,0.2360822042900456,0.9717455043660628,0.2745286472502771,1.0,0.2602751372347307,1.0,0.5792896208077993,0.9384167275409614,0.9384167275409614,0.2110821658691454,0.24616451418735494,0.7443127854254663,0.2502586213823611,0.5333677444180375,0.2534906432227955,0.40933923668704214,0.7455420149855748,0.7224961606894129,0.18469640642940158,0.5333677444180375,0.9945012081892768,0.6220171718147597,0.90910204418352,0.18469640642940158,0.6807097218780643,0.23162949865402913,0.23896830567280733,0.9717455043660628,0.26741977081337076,0.23266173622677158,0.2498845397601023,0.7443127854254663,0.35233649936032474,0.460196062114715,0.1769392333441629,0.6372836786238759,0.9945012081892768,0.23896830567280733,0.3441086812087855,0.764994752931621,0.27514962678692295,0.23668939545976517,0.7412164387955039,0.4804644580015279,0.4218249788499507,0.3954539524556664,0.6826158595965165,0.35233649936032474,0.2696830765992663,0.2110821658691454,0.8797057962784439,0.3128774196578689,0.8635794290516012,0.2110821658691454,0.6274968359429863,0.8959494630165061,0.23014678995660934,0.6826158595965165,0.2110821658691454,0.6086913697779596,0.9813326012587439
