,0,1,2,3,4,5,6,7,8,9,10,11,12,13,14,15,16,17,18,19,20,21,22,23,24,25,26,27,28,29,30,31,32,33,34,35,36,37,38,39,40,41,42,43,44,45,46,47,48,49,50,51,52,53,54,55,56,57,58,59,60,61,62,63,64,65,66,67,68,69,70,71,72,73,74,75,76,77,78,79
0,1.0,0.6435900690659832,0.6339245675825292,0.3471240095259427,0.6672619954580399,0.5326397755095293,0.756791188279959,0.7932695332813325,0.39608497632661477,0.6242257513301056,0.3471240095259427,0.6975159752296013,0.40730079409391307,0.3121284160545155,0.433651528719045,0.5934236031821584,0.1727863540190837,0.5326397755095293,0.42222235578859674,0.39932975160525536,0.5476098813955191,0.5754870289922155,0.33042156526650285,0.15045613298809699,0.5045837227076243,0.3471240095259427,0.14776917124319716,0.6353738005248666,0.8874733463793576,0.24262654792925145,0.4357043867349977,0.15293238942662052,0.4722215834752547,0.7877582892001177,0.8769523682416932,0.14660300909386034,0.7556971264204706,0.7877582892001177,0.9956524853758723,0.7932695332813325,0.4450540417253577,0.5758502518577826,0.8087787071353371,0.4775634090918039,0.14660300909386034,0.7877582892001177,0.8435129456817057,0.20932551591917636,0.45051921166943076,0.7556971264204706,0.7433590371419231,0.39608497632661477,0.15045613298809699,0.33042156526650285,0.5758502518577826,0.6242257513301056,0.9717492841217105,0.5252602317955153,0.14776917124319716,0.1657071252301737,0.26399605737267484,0.8435129456817057,0.33042156526650285,0.9717492841217105,0.42222235578859674,0.1727863540190837,0.45971767815587444,0.7650434296244035,0.1281419452307969,0.631565352956954,0.5326397755095293,0.45417539303140825,0.5537441269557434,0.12880735197637544,0.6339245675825292,0.1247831513098077,0.19851161253436522,0.14660300909386034,0.39608497632661477,0.7237426006130677
1,0.6435900690659832,1.0,0.25160791866773013,0.46155903132623627,0.5022645852491943,0.14045094373843348,0.6127334711782055,0.8779685028248948,0.12375779209883997,0.4806750512696238,0.46155903132623627,0.20410995291458117,0.11309366741639977,0.04797266134713649,0.20251943907940406,0.9382650065391499,0.02146396279932331,0.14045094373843348,0.13588965985772206,0.09795663889476224,0.13271686776340483,0.4147654189702131,0.3956687662990543,0.02607347535826851,0.12304409463067131,0.46155903132623627,0.053226377109267906,0.1701028379913957,0.7303854353095938,0.032768740393951085,0.11591333338493398,0.07564279585542098,0.25520196970479964,0.8312876861208665,0.7160643173530975,0.019386478583578393,0.2408770080347515,0.8312876861208665,0.6002184246998523,0.8779685028248948,0.09248875267644872,0.17368431162097472,0.5335974066268433,0.7398947084348058,0.019386478583578393,0.8312876861208665,0.31420691572238263,0.026827277183853578,0.10589507839329713,0.2408770080347515,0.5939863926467561,0.12375779209883997,0.02607347535826851,0.3956687662990543,0.17368431162097472,0.4806750512696238,0.7352399093297074,0.3479910765792738,0.053226377109267906,0.09026903226155798,0.036884548768365236,0.31420691572238263,0.3956687662990543,0.7352399093297074,0.13588965985772206,0.02146396279932331,0.10215368805633529,0.4265401080829103,0.02599058211584284,0.9591774706232686,0.14045094373843348,0.2230274739955701,0.13721638998540706,0.0195859389371462,0.25160791866773013,0.029853706538630304,0.02745164124525297,0.019386478583578393,0.12375779209883997,0.341336335469361
2,0.6339245675825292,0.25160791866773013,1.0,0.05486997714083505,0.1907004317303283,0.8902129998309747,0.23989252491582272,0.49900721936517317,0.15134537257796526,0.16682662798737563,0.05486997714083505,0.616081849036461,0.18361051044259644,0.4490256729855188,0.1202788883396872,0.17251600764220285,0.15825829337197145,0.8902129998309747,0.163439577104703,0.21116452230140362,0.44777606626133626,0.14805883629886038,0.05101044802888743,0.06590122500029837,0.35077503752966555,0.05486997714083505,0.028971761784375678,0.5615353555111008,0.3528405582092097,0.2942753334645732,0.22079622695444776,0.023967372051272286,0.12444336894386657,0.5454070446381478,0.3410399328031154,0.09909751728700253,0.7001853638801944,0.5454070446381478,0.6877324848008731,0.49900721936517317,0.730093437156125,0.9498633333196941,0.8536614929213956,0.10017821009480993,0.09909751728700253,0.5454070446381478,0.7411867647018541,0.23013300255581143,0.29044540744815023,0.7001853638801944,0.23177982678422637,0.15134537257796526,0.06590122500029837,0.05101044802888743,0.9498633333196941,0.16682662798737563,0.49320261504369833,0.13163679395651215,0.028971761784375678,0.02522723070735416,0.3487271670302997,0.7411867647018541,0.05101044802888743,0.49320261504369833,0.163439577104703,0.15825829337197145,0.7937187703725077,0.9329370275754651,0.041883804409831804,0.19838169363835956,0.8902129998309747,0.12491836897501969,0.43459392590374535,0.062426372586960814,1.0,0.033410078428115816,0.1610100770156057,0.09909751728700253,0.15134537257796526,0.980767195716981
3,0.3471240095259427,0.46155903132623627,0.05486997714083505,1.0,0.7831986326026651,0.04249399381368295,0.7569366926104898,0.2760461763041443,0.3024439295263083,0.8116989652322004,1.0,0.14762880027041553,0.24188580692988035,0.03162852487830548,0.5373114744170433,0.6699248169173148,0.03510504847542318,0.04249399381368295,0.31589241472312607,0.1860941489975853,0.1308684144080581,0.7941657232386666,0.98876226507279,0.09414377480598057,0.15462951992870078,1.0,0.312980063343503,0.13455766913481038,0.627093060947669,0.03200769658234057,0.21643276575086157,0.45408447692083564,0.6312430401980395,0.23685875609230955,0.6410851037915452,0.04739646951509334,0.14841390793998951,0.23685875609230955,0.30335746853632967,0.2760461763041443,0.036685651172755435,0.046767757655016916,0.1284621907955704,0.889309320196965,0.04739646951509334,0.23685875609230955,0.17920373082972935,0.03213003554745696,0.15507176484219684,0.14841390793998951,0.7627109011957128,0.3024439295263083,0.09414377480598057,0.98876226507279,0.046767757655016916,0.8116989652322004,0.4729640074530258,0.7556953518855576,0.312980063343503,0.5135172552239998,0.030537999823170743,0.17920373082972935,0.98876226507279,0.4729640074530258,0.31589241472312607,0.03510504847542318,0.03499723040977885,0.09767438158659196,0.12523807295548567,0.6336593260439585,0.04249399381368295,0.5695350279900935,0.14086737039908154,0.06917542201289285,0.05486997714083505,0.16509779075718592,0.04850095578666738,0.04739646951509334,0.3024439295263083,0.07883400139931072
4,0.6672619954580399,0.5022645852491943,0.1907004317303283,0.7831986326026651,1.0,0.17892083813400886,0.9812259296317241,0.42393883256367615,0.6268818805581443,0.9974039543882588,0.7831986326026651,0.4518858363694462,0.565166499508276,0.15552962507932142,0.8227689624162889,0.636636094169902,0.15482579159090237,0.17892083813400886,0.6505433394610977,0.49010255910667483,0.4183745430139519,0.9861658643954749,0.7999602482837357,0.2632998750566487,0.4596032274695314,0.7831986326026651,0.4584397997749302,0.42720496171061345,0.8908001485520918,0.15408679929536515,0.5413656889273578,0.5303614787448809,0.8907431647635962,0.38663412919574097,0.9049021224382781,0.17863495841215377,0.44790904003141446,0.38663412919574097,0.6215942875646852,0.42393883256367615,0.16885108639817373,0.18535373779123812,0.3048925063438616,0.739774114114102,0.17863495841215377,0.38663412919574097,0.4959952172284387,0.1514334970622134,0.45284051647178103,0.44790904003141446,0.9869545367339244,0.6268818805581443,0.2632998750566487,0.7999602482837357,0.18535373779123812,0.9974039543882588,0.7729131522621524,0.9602072688634121,0.4584397997749302,0.5694170601540302,0.15045655849713577,0.4959952172284387,0.7999602482837357,0.7729131522621524,0.6505433394610977,0.15482579159090237,0.16025144489392765,0.26433187496507166,0.2893535827763603,0.6330239084364061,0.17892083813400886,0.8513272958709726,0.43841712717203307,0.21321453793487705,0.1907004317303283,0.3270671968885034,0.19424345809807977,0.17863495841215377,0.6268818805581443,0.23910077018214243
5,0.5326397755095293,0.14045094373843348,0.8902129998309747,0.04249399381368295,0.17892083813400886,1.0,0.20969326463387106,0.3026084827096845,0.22432981136499974,0.15707242882432387,0.04249399381368295,0.7657606781384022,0.28012370293078753,0.7267965442916161,0.15181120938506978,0.10284245379593811,0.32730046594057566,1.0,0.2371598544782671,0.33327215425502216,0.6363192623378555,0.14652701886035843,0.04234632158679637,0.13472899937484667,0.5178162546323596,0.04249399381368295,0.04678763944948443,0.7364443782238767,0.2880833710597804,0.5382117036696782,0.3354322373466818,0.033843475880944954,0.14569113648086496,0.3321239534553858,0.28137480263049053,0.2133926300384159,0.8162870988381542,0.3321239534553858,0.5880440205641112,0.3026084827096845,0.9518125042721212,0.9870060364487069,0.6196585107888354,0.06575735875519183,0.2133926300384159,0.3321239534553858,0.7971348002242388,0.4455939843482875,0.44699603528239296,0.8162870988381542,0.20509163416622891,0.22432981136499974,0.13472899937484667,0.04234632158679637,0.9870060364487069,0.15707242882432387,0.3978894751176508,0.13801543624067214,0.04678763944948443,0.03385261333848389,0.6112635566936373,0.7971348002242388,0.04234632158679637,0.3978894751176508,0.2371598544782671,0.32730046594057566,0.9806614278192931,0.7224644632459891,0.0839443709220989,0.11878648253722825,1.0,0.15327859070693983,0.6158142576316294,0.13458160695415125,0.8902129998309747,0.06378635025846086,0.3219848750269006,0.2133926300384159,0.22432981136499974,0.8179265183666904
6,0.756791188279959,0.6127334711782055,0.23989252491582272,0.7569366926104898,0.9812259296317241,0.20969326463387106,1.0,0.5362687020420154,0.5481247466111605,0.9687033087928693,0.7569366926104898,0.469569435309412,0.5004157027953443,0.15788527246971035,0.7273925854383005,0.7298156540838862,0.13612217930174755,0.20969326463387106,0.5739194241249066,0.43835407954904043,0.41120829531721664,0.9369648400986208,0.752798363421129,0.21036173001370737,0.4362886787521144,0.7569366926104898,0.3558446817531497,0.4359808648649525,0.9578726472304814,0.1466752996685486,0.4876733861565838,0.4179402378510145,0.8021869303573791,0.4947579479765657,0.9667171650414705,0.14869963739130732,0.4787059275750275,0.4947579479765657,0.7090129665465933,0.5362687020420154,0.1877086152761784,0.2226335382889555,0.3892175913335026,0.7855063836088855,0.14869963739130732,0.4947579479765657,0.540855623653874,0.1395360398003515,0.41956694524472016,0.4787059275750275,0.9994669020144078,0.5481247466111605,0.21036173001370737,0.752798363421129,0.2226335382889555,0.9687033087928693,0.8624556723866094,0.8915169203968561,0.3558446817531497,0.4547265199838909,0.14697558961367982,0.540855623653874,0.752798363421129,0.8624556723866094,0.5739194241249066,0.13612217930174755,0.1826674664155474,0.33664321770789346,0.22371278524291816,0.7322044137066587,0.20969326463387106,0.7589924166385696,0.4289435099366452,0.16962066552161703,0.23989252491582272,0.25022332064024133,0.16991653059528267,0.14869963739130732,0.5481247466111605,0.3012406711183976
7,0.7932695332813325,0.8779685028248948,0.49900721936517317,0.2760461763041443,0.42393883256367615,0.3026084827096845,0.5362687020420154,1.0,0.13446619810260663,0.3924632486677369,0.2760461763041443,0.32573493100365414,0.1345172172936354,0.10419070337065041,0.1802528478374989,0.7196595251653671,0.039227958000028845,0.3026084827096845,0.14789720787695673,0.12732440164418726,0.210050255165609,0.33600920754328006,0.23758804277489234,0.03269279630449097,0.18093016219310162,0.2760461763041443,0.0420502433756354,0.27492178643156756,0.7058948977822355,0.06712946985698504,0.14615782882260359,0.05172035065795086,0.21752784658147073,0.9949623520280525,0.6859921960136072,0.030655447356661005,0.38808918763225275,0.9949623520280525,0.775840050741542,1.0,0.2042779789095911,0.36511752614420734,0.823567225179365,0.4917245308717817,0.030655447356661005,0.9949623520280525,0.4837402005855256,0.052977756578104856,0.15131535459897888,0.38808918763225275,0.5169814605272186,0.13446619810260663,0.03269279630449097,0.23758804277489234,0.36511752614420734,0.3924632486677369,0.8020520701679272,0.2819069096578599,0.0420502433756354,0.060110895596796936,0.07813620455014993,0.4837402005855256,0.23758804277489234,0.8020520701679272,0.14789720787695673,0.039227958000028845,0.22870931568761854,0.718976963632794,0.027964749446373546,0.7659366177768336,0.3026084827096845,0.19638288509058824,0.21255965865967444,0.026169069490570195,0.49900721936517317,0.02870794673085157,0.046808220397887,0.030655447356661005,0.13446619810260663,0.6174184490587472
8,0.39608497632661477,0.12375779209883997,0.15134537257796526,0.3024439295263083,0.6268818805581443,0.22432981136499974,0.5481247466111605,0.13446619810260663,1.0,0.621214509104753,0.3024439295263083,0.6066571141384169,0.9843937750708485,0.38137279870444674,0.9054206075713821,0.16784440892913155,0.5556666801872071,0.22432981136499974,0.9988430933327158,0.9400853658492463,0.7151314514039036,0.6707650362051367,0.35127801794533015,0.7992635554474362,0.8184870873753223,0.3024439295263083,0.7557801733763301,0.6357553143987091,0.45653131099725863,0.4617658496060454,0.9571265176198493,0.6467593100364679,0.8401233963003428,0.12597243343365358,0.4710927470836386,0.6524754227187249,0.5368491604332967,0.12597243343365358,0.38806362576148223,0.13446619810260663,0.2806186377293558,0.1996224425446376,0.15116917638036823,0.21998144257152139,0.6524754227187249,0.12597243343365358,0.5040226184936466,0.4965309624188634,0.8606161223549382,0.5368491604332967,0.5625565325561197,1.0,0.7992635554474362,0.35127801794533015,0.1996224425446376,0.621214509104753,0.40620048838436784,0.7257705886368542,0.7557801733763301,0.6261640409605114,0.4226552439332975,0.5040226184936466,0.35127801794533015,0.40620048838436784,0.9988430933327158,0.5556666801872071,0.24270550867960505,0.15264788572098884,0.7981602090500701,0.17090120800069725,0.22432981136499974,0.8860269034019717,0.7392736395542024,0.7309815473206066,0.15134537257796526,0.7902871527719434,0.6381595890566778,0.6524754227187249,1.0,0.16250008654684875
9,0.6242257513301056,0.4806750512696238,0.16682662798737563,0.8116989652322004,0.9974039543882588,0.15707242882432387,0.9687033087928693,0.3924632486677369,0.621214509104753,1.0,0.8116989652322004,0.41776624798841794,0.5536304680264593,0.13981834116078778,0.8308116552595218,0.6244833427811877,0.14522897235791543,0.15707242882432387,0.6435646478505407,0.4748773606262933,0.3908219413942864,0.993263637533092,0.8325138235003724,0.2610670296226115,0.4352070408488676,0.8116989652322004,0.4792328109764286,0.3956502833202123,0.8624755644097319,0.14090589293124484,0.5255615546641531,0.5613386523346328,0.9006428165140019,0.3553888029080712,0.8779072833899564,0.1716969565012573,0.41169634997103466,0.3553888029080712,0.5780789510758074,0.3924632486677369,0.14919324495294806,0.16245187158077984,0.27306727314475143,0.7462422323198031,0.1716969565012573,0.3553888029080712,0.4564789007978339,0.13978352055811943,0.431868389004094,0.41169634997103466,0.9759808990738724,0.621214509104753,0.2610670296226115,0.8325138235003724,0.16245187158077984,1.0,0.7343276827191977,0.9709407908661698,0.4792328109764286,0.6029571227755101,0.13650274823459263,0.4564789007978339,0.8325138235003724,0.7343276827191977,0.6435646478505407,0.14522897235791543,0.14079083776688278,0.23468019741009188,0.2931332543194706,0.6174034011455047,0.15707242882432387,0.8593726772457848,0.4107787587782987,0.2101706930283536,0.16682662798737563,0.3358291228085359,0.18367876796491334,0.1716969565012573,0.621214509104753,0.21112025857434707
10,0.3471240095259427,0.46155903132623627,0.05486997714083505,1.0,0.7831986326026651,0.04249399381368295,0.7569366926104898,0.2760461763041443,0.3024439295263083,0.8116989652322004,1.0,0.14762880027041553,0.24188580692988035,0.03162852487830548,0.5373114744170433,0.6699248169173148,0.03510504847542318,0.04249399381368295,0.31589241472312607,0.1860941489975853,0.1308684144080581,0.7941657232386666,0.98876226507279,0.09414377480598057,0.15462951992870078,1.0,0.312980063343503,0.13455766913481038,0.627093060947669,0.03200769658234057,0.21643276575086157,0.45408447692083564,0.6312430401980395,0.23685875609230955,0.6410851037915452,0.04739646951509334,0.14841390793998951,0.23685875609230955,0.30335746853632967,0.2760461763041443,0.036685651172755435,0.046767757655016916,0.1284621907955704,0.889309320196965,0.04739646951509334,0.23685875609230955,0.17920373082972935,0.03213003554745696,0.15507176484219684,0.14841390793998951,0.7627109011957128,0.3024439295263083,0.09414377480598057,0.98876226507279,0.046767757655016916,0.8116989652322004,0.4729640074530258,0.7556953518855576,0.312980063343503,0.5135172552239998,0.030537999823170743,0.17920373082972935,0.98876226507279,0.4729640074530258,0.31589241472312607,0.03510504847542318,0.03499723040977885,0.09767438158659196,0.12523807295548567,0.6336593260439585,0.04249399381368295,0.5695350279900935,0.14086737039908154,0.06917542201289285,0.05486997714083505,0.16509779075718592,0.04850095578666738,0.04739646951509334,0.3024439295263083,0.07883400139931072
11,0.6975159752296013,0.20410995291458117,0.616081849036461,0.14762880027041553,0.4518858363694462,0.7657606781384022,0.469569435309412,0.32573493100365414,0.6066571141384169,0.41776624798841794,0.14762880027041553,1.0,0.6825190325381952,0.7793925160033179,0.4709397297342074,0.193737853002162,0.5701626459021243,0.7657606781384022,0.6269339269363671,0.7370060540557999,0.9556686467543418,0.41338271686384415,0.1562785297980028,0.40188228999071535,0.8976680838346026,0.14762880027041553,0.21843216614657995,0.9937374391931877,0.5231435979725401,0.7061234071567666,0.7476336371762765,0.17157500549253868,0.4480347525128326,0.3339150500879485,0.5227386322977737,0.47703845260148675,0.9889711200919235,0.3339150500879485,0.730619087712377,0.32573493100365414,0.8102712222919919,0.7272620958922428,0.508616833640008,0.16732669039751927,0.47703845260148675,0.3339150500879485,0.955471359323857,0.6511795213619742,0.8406733553061398,0.9889711200919235,0.4684220042110912,0.6066571141384169,0.40188228999071535,0.1562785297980028,0.7272620958922428,0.41776624798841794,0.5988252832329338,0.41142339375159687,0.21843216614657995,0.16989580568248366,0.7334139591501435,0.955471359323857,0.1562785297980028,0.5988252832329338,0.6269339269363671,0.5701626459021243,0.7776117503104091,0.5547633866807785,0.3070548643520183,0.2119148550417651,0.7657606781384022,0.47016723363573876,0.9516370976728663,0.38496233405096036,0.616081849036461,0.2623644431811077,0.6009759918319165,0.47703845260148675,0.6066571141384169,0.60823073265107
12,0.40730079409391307,0.11309366741639977,0.18361051044259644,0.24188580692988035,0.565166499508276,0.28012370293078753,0.5004157027953443,0.1345172172936354,0.9843937750708485,0.5536304680264593,0.24188580692988035,0.6825190325381952,1.0,0.4776079044376587,0.8315546119327492,0.14634851424243853,0.6554220342936117,0.28012370293078753,0.9838252746296888,0.9849109789799061,0.8022752657614393,0.5961758465312347,0.2813391235287164,0.8270365889526057,0.8950585401677695,0.24188580692988035,0.6660021327120715,0.7184216893745352,0.4314040089492667,0.5666813333004725,0.9922245551314703,0.541996594543818,0.7600543427005901,0.12821092739109308,0.44380637806688417,0.7318523686295536,0.6059718872887558,0.12821092739109308,0.4057042908385062,0.1345172172936354,0.3534638285160327,0.24714296348114118,0.16808023098105088,0.18249284512614242,0.7318523686295536,0.12821092739109308,0.5599879373489025,0.6016341797898895,0.9318161464506144,0.6059718872887558,0.5126027615790832,0.9843937750708485,0.8270365889526057,0.2813391235287164,0.24714296348114118,0.5536304680264593,0.40033953292870683,0.6450707916117888,0.6660021327120715,0.5199305643628621,0.5247541847372098,0.5599879373489025,0.2813391235287164,0.40033953292870683,0.9838252746296888,0.6554220342936117,0.307149859820073,0.1750062837811848,0.7831132538975389,0.15111466473566812,0.28012370293078753,0.8107003272558344,0.8231944188427438,0.7732813134598272,0.18361051044259644,0.7456851551964284,0.7347829073440657,0.7318523686295536,0.9843937750708485,0.19093087556991625
13,0.3121284160545155,0.04797266134713649,0.4490256729855188,0.03162852487830548,0.15552962507932142,0.7267965442916161,0.15788527246971035,0.10419070337065041,0.38137279870444674,0.13981834116078778,0.03162852487830548,0.7793925160033179,0.4776079044376587,1.0,0.21617924216659543,0.04235267913257478,0.7592524760730757,0.7267965442916161,0.3880388864788105,0.5754878305767972,0.8232605440847316,0.14297378159113389,0.03553863965648879,0.3737987187707629,0.7447572325412636,0.03162852487830548,0.10947027213500957,0.8182586336330369,0.1825486979191679,0.9468597014526935,0.5504061185981629,0.067497419018111,0.1859721543821316,0.11221026299053401,0.1824535747644176,0.5737486204810904,0.7385486788685421,0.11221026299053401,0.34653181438743325,0.10419070337065041,0.8871617200062712,0.6336538472045221,0.2492584289220036,0.03460576858041457,0.5737486204810904,0.11221026299053401,0.6410687383027996,0.8835929703055373,0.7023370864847709,0.7385486788685421,0.1582380587399631,0.38137279870444674,0.3737987187707629,0.03553863965648879,0.6336538472045221,0.13981834116078778,0.23155670265996522,0.14905994302120992,0.10947027213500957,0.06259649300951273,0.9803934130134461,0.6410687383027996,0.03553863965648879,0.23155670265996522,0.3880388864788105,0.7592524760730757,0.8257225754323658,0.310806429044778,0.2438688831846954,0.04826186740804581,0.7267965442916161,0.2088814632467832,0.8017662039422461,0.3963780252972615,0.4490256729855188,0.18055001344721494,0.7303622382053884,0.5737486204810904,0.38137279870444674,0.3861771110192804
14,0.433651528719045,0.20251943907940406,0.1202788883396872,0.5373114744170433,0.8227689624162889,0.15181120938506978,0.7273925854383005,0.1802528478374989,0.9054206075713821,0.8308116552595218,0.5373114744170433,0.4709397297342074,0.8315546119327492,0.21617924216659543,1.0,0.2894010675259457,0.31208383414765667,0.15181120938506978,0.9125369145610351,0.7399395653507079,0.5238435080981388,0.8804745135341048,0.6024714323103513,0.5693078260852829,0.6161945855966057,0.5373114744170433,0.7997819933547566,0.4774552839756855,0.5885539223187195,0.2561571523685598,0.781515386230103,0.7970397342121534,0.9873403225285439,0.1634643528949669,0.6076248569779127,0.39309581518643805,0.42701883605588925,0.1634643528949669,0.40921165258462855,0.1802528478374989,0.17434009431690842,0.14228919970706183,0.15437766049894475,0.39592656394670145,0.39309581518643805,0.1634643528949669,0.42827870977435506,0.2742678431067751,0.6466235224378974,0.42701883605588925,0.7448018120558763,0.9054206075713821,0.5693078260852829,0.6024714323103513,0.14228919970706183,0.8308116552595218,0.4887698612163757,0.9271105563629879,0.7997819933547566,0.8034084187613,0.23431801774113978,0.42827870977435506,0.6024714323103513,0.4887698612163757,0.9125369145610351,0.31208383414765667,0.1533641164146018,0.14321176055593174,0.6306192208459428,0.2868483963608902,0.15181120938506978,0.998287476305559,0.5494829084881839,0.4883051291855417,0.1202788883396872,0.6846630470306758,0.3800481254055146,0.39309581518643805,0.9054206075713821,0.1409553162435529
15,0.5934236031821584,0.9382650065391499,0.17251600764220285,0.6699248169173148,0.636636094169902,0.10284245379593811,0.7298156540838862,0.7196595251653671,0.16784440892913155,0.6244833427811877,0.6699248169173148,0.193737853002162,0.14634851424243853,0.04235267913257478,0.2894010675259457,1.0,0.024276544395517737,0.10284245379593811,0.18203270185654088,0.12141640357096688,0.13596006857215523,0.5561845535577741,0.5940707932209729,0.03796845393804459,0.13527081781545724,0.6699248169173148,0.09400487141455713,0.1646544513461988,0.7839483007500699,0.03211815567647126,0.1437815216177408,0.1374527835730733,0.36108178875218055,0.6600252550406395,0.7775085037813826,0.024740427124399784,0.21960203166001052,0.6600252550406395,0.5406100076313886,0.7196595251653671,0.07201548605488865,0.12413759541039258,0.3902939280521939,0.9154837302690857,0.024740427124399784,0.6600252550406395,0.28323707875098003,0.02778860335877546,0.12136771529977282,0.21960203166001052,0.7147783705563768,0.16784440892913155,0.03796845393804459,0.5940707932209729,0.12413759541039258,0.6244833427811877,0.7216121321239709,0.48106829530500467,0.09400487141455713,0.1626080115955011,0.03454689143743211,0.28323707875098003,0.5940707932209729,0.7216121321239709,0.18203270185654088,0.024276544395517737,0.07660314962076281,0.30385402311881154,0.04160454885942427,0.9967183805537834,0.10284245379593811,0.3163272949101887,0.14244137570647003,0.028078204265277677,0.17251600764220285,0.050316901493307635,0.031992309048309624,0.024740427124399784,0.16784440892913155,0.2408841212159591
16,0.1727863540190837,0.02146396279932331,0.15825829337197145,0.03510504847542318,0.15482579159090237,0.32730046594057566,0.13612217930174755,0.039227958000028845,0.5556666801872071,0.14522897235791543,0.03510504847542318,0.5701626459021243,0.6554220342936117,0.7592524760730757,0.31208383414765667,0.024276544395517737,1.0,0.32730046594057566,0.5471191242651094,0.7507838374292874,0.7386559683488795,0.16108874751108557,0.04344239969954166,0.7399525127663968,0.767257439013671,0.03510504847542318,0.25868064706426314,0.6380430178992503,0.12745665054983427,0.9171370797116954,0.7029350623329376,0.15438111940155608,0.2526708099310458,0.04019560944073963,0.13063002611437713,0.9432855384032361,0.4869536231690823,0.04019560944073963,0.1865151174439189,0.039227958000028845,0.48247496229823983,0.261925493007464,0.08658287805951398,0.026815937649478167,0.9432855384032361,0.04019560944073963,0.3956277931384453,0.9690922515680495,0.7939647029178164,0.4869536231690823,0.13974331869161571,0.5556666801872071,0.7399525127663968,0.04344239969954166,0.261925493007464,0.14522897235791543,0.138632003581893,0.18266167806632982,0.25868064706426314,0.13695783061660818,0.8596315523514545,0.3956277931384453,0.04344239969954166,0.138632003581893,0.5471191242651094,1.0,0.4090171161581629,0.10741269015878792,0.5571974118597938,0.026607923076023516,0.32730046594057566,0.292942180521203,0.7338942721860935,0.7891156587080435,0.15825829337197145,0.43621401230897133,0.99047616642159,0.9432855384032361,0.5556666801872071,0.1372995838563337
17,0.5326397755095293,0.14045094373843348,0.8902129998309747,0.04249399381368295,0.17892083813400886,1.0,0.20969326463387106,0.3026084827096845,0.22432981136499974,0.15707242882432387,0.04249399381368295,0.7657606781384022,0.28012370293078753,0.7267965442916161,0.15181120938506978,0.10284245379593811,0.32730046594057566,1.0,0.2371598544782671,0.33327215425502216,0.6363192623378555,0.14652701886035843,0.04234632158679637,0.13472899937484667,0.5178162546323596,0.04249399381368295,0.04678763944948443,0.7364443782238767,0.2880833710597804,0.5382117036696782,0.3354322373466818,0.033843475880944954,0.14569113648086496,0.3321239534553858,0.28137480263049053,0.2133926300384159,0.8162870988381542,0.3321239534553858,0.5880440205641112,0.3026084827096845,0.9518125042721212,0.9870060364487069,0.6196585107888354,0.06575735875519183,0.2133926300384159,0.3321239534553858,0.7971348002242388,0.4455939843482875,0.44699603528239296,0.8162870988381542,0.20509163416622891,0.22432981136499974,0.13472899937484667,0.04234632158679637,0.9870060364487069,0.15707242882432387,0.3978894751176508,0.13801543624067214,0.04678763944948443,0.03385261333848389,0.6112635566936373,0.7971348002242388,0.04234632158679637,0.3978894751176508,0.2371598544782671,0.32730046594057566,0.9806614278192931,0.7224644632459891,0.0839443709220989,0.11878648253722825,1.0,0.15327859070693983,0.6158142576316294,0.13458160695415125,0.8902129998309747,0.06378635025846086,0.3219848750269006,0.2133926300384159,0.22432981136499974,0.8179265183666904
18,0.42222235578859674,0.13588965985772206,0.163439577104703,0.31589241472312607,0.6505433394610977,0.2371598544782671,0.5739194241249066,0.14789720787695673,0.9988430933327158,0.6435646478505407,0.31589241472312607,0.6269339269363671,0.9838252746296888,0.3880388864788105,0.9125369145610351,0.18203270185654088,0.5471191242651094,0.2371598544782671,1.0,0.9395201612022699,0.7284037411695399,0.6910290436155141,0.36427272124951504,0.7761077856502032,0.8278826265556316,0.31589241472312607,0.7385903909202038,0.6536199618056678,0.48339506518147796,0.46272251887324534,0.9592458743301558,0.6373762867813366,0.8520027198781347,0.13876999167382975,0.49808658118222354,0.635997276894855,0.5587761445606043,0.13876999167382975,0.41369630474019514,0.14789720787695673,0.2923261011481628,0.21257521575337932,0.16513922567700706,0.23480623794597505,0.635997276894855,0.13876999167382975,0.5281361795599224,0.49384245894219747,0.8656748091967275,0.5587761445606043,0.5881392862601995,0.9988430933327158,0.7761077856502032,0.36427272124951504,0.21257521575337932,0.6435646478505407,0.43274482085484167,0.7431477323902357,0.7385903909202038,0.6197551670965228,0.4260101557823799,0.5281361795599224,0.36427272124951504,0.43274482085484167,1.0,0.5471191242651094,0.25440894007138887,0.16620469674945287,0.7719106214460844,0.1855608276525041,0.2371598544782671,0.8952728898879371,0.7525743404234168,0.7076345070346717,0.163439577104703,0.7647756778648853,0.628826578454,0.635997276894855,0.9988430933327158,0.17604900282537952
19,0.39932975160525536,0.09795663889476224,0.21116452230140362,0.1860941489975853,0.49010255910667483,0.33327215425502216,0.43835407954904043,0.12732440164418726,0.9400853658492463,0.4748773606262933,0.1860941489975853,0.7370060540557999,0.9849109789799061,0.5754878305767972,0.7399395653507079,0.12141640357096688,0.7507838374292874,0.33327215425502216,0.9395201612022699,1.0,0.8671242031013034,0.510742355358373,0.2171495367889585,0.8356541691453799,0.945043624144427,0.1860941489975853,0.5734891326266445,0.7801936758117043,0.389827995895336,0.6719402882479559,0.9962691296828944,0.4432009765985189,0.665293014976917,0.1233847552099378,0.39997975466012964,0.7998587594095132,0.6552664180135098,0.1233847552099378,0.40429146132503296,0.12732440164418726,0.4257464184324503,0.2910168360847105,0.17686080126901438,0.14474610551599112,0.7998587594095132,0.1233847552099378,0.5951472864377862,0.7058479258001626,0.9756514147683254,0.6552664180135098,0.44835243323532825,0.9400853658492463,0.8356541691453799,0.2171495367889585,0.2910168360847105,0.4748773606262933,0.3764799121567595,0.5535032217472475,0.5734891326266445,0.4208507072888059,0.6284561566544976,0.5951472864377862,0.2171495367889585,0.3764799121567595,0.9395201612022699,0.7507838374292874,0.37108575735921223,0.18995598451405799,0.7516469111725029,0.12707465958585115,0.33327215425502216,0.7182532420523492,0.8833431189303294,0.7991674072883546,0.21116452230140362,0.6885856673907792,0.8217556648610028,0.7998587594095132,0.9400853658492463,0.21258786535832908
20,0.5476098813955191,0.13271686776340483,0.44777606626133626,0.1308684144080581,0.4183745430139519,0.6363192623378555,0.41120829531721664,0.210050255165609,0.7151314514039036,0.3908219413942864,0.1308684144080581,0.9556686467543418,0.8022752657614393,0.8232605440847316,0.5238435080981388,0.13596006857215523,0.7386559683488795,0.6363192623378555,0.7284037411695399,0.8671242031013034,1.0,0.4004585006328719,0.1449154739242381,0.566135061241317,0.9806321594959522,0.1308684144080581,0.29443699856246053,0.981023029007777,0.42747811439708794,0.8202610857574741,0.8640323579745475,0.21915273713343142,0.479163033911554,0.21333693622464198,0.4310333741503749,0.6574499769199076,0.90378051816835,0.21333693622464198,0.5736233478338884,0.210050255165609,0.7386153274318262,0.5773675842242758,0.343198609143752,0.12958681039057374,0.6574499769199076,0.21333693622464198,0.8369374332884099,0.7925640250581576,0.9506403910269516,0.90378051816835,0.4140922059154256,0.7151314514039036,0.566135061241317,0.1449154739242381,0.5773675842242758,0.3908219413942864,0.47140153115052547,0.4140905737238104,0.29443699856246053,0.21115697797809574,0.8216153229158679,0.8369374332884099,0.1449154739242381,0.47140153115052547,0.7284037411695399,0.7386559683488795,0.6818330344491563,0.38245784771824237,0.44304769414474243,0.14770243313363599,0.6363192623378555,0.5146404502636998,0.9990773753522723,0.5531066707189435,0.44777606626133626,0.37671035291570715,0.7743626630600156,0.6574499769199076,0.7151314514039036,0.4329340425471016
21,0.5754870289922155,0.4147654189702131,0.14805883629886038,0.7941657232386666,0.9861658643954749,0.14652701886035843,0.9369648400986208,0.33600920754328006,0.6707650362051367,0.993263637533092,0.7941657232386666,0.41338271686384415,0.5961758465312347,0.14297378159113389,0.8804745135341048,0.5561845535577741,0.16108874751108557,0.14652701886035843,0.6910290436155141,0.510742355358373,0.4004585006328719,1.0,0.828648198739883,0.30104222312123896,0.45395316885585696,0.7941657232386666,0.5478541848810822,0.3963113725518002,0.8109344245565571,0.14958910216246415,0.5616965468120434,0.6302334138243408,0.9409395162629989,0.302919617732693,0.8284443253407634,0.19552119677207816,0.4003832975430478,0.302919617732693,0.5324999188150107,0.33600920754328006,0.14413994666461066,0.14898293315445776,0.23660022097193717,0.6919784985715592,0.19552119677207816,0.302919617732693,0.4371376801925588,0.15117401576504277,0.4567065324170347,0.4003832975430478,0.9475179217525003,0.6707650362051367,0.30104222312123896,0.828648198739883,0.14898293315445776,0.993263637533092,0.6791729160118309,0.9919531703625026,0.5478541848810822,0.6702214761193951,0.1428285537669179,0.4371376801925588,0.828648198739883,0.6791729160118309,0.6910290436155141,0.16108874751108557,0.13397923610299262,0.20469691341948315,0.3420722929342884,0.5480450713129054,0.14652701886035843,0.9053199298455697,0.4216023222443803,0.24391554666449217,0.14805883629886038,0.39194487271286205,0.2035662168229421,0.19552119677207816,0.6707650362051367,0.18618156980594947
22,0.33042156526650285,0.3956687662990543,0.05101044802888743,0.98876226507279,0.7999602482837357,0.04234632158679637,0.752798363421129,0.23758804277489234,0.35127801794533015,0.8325138235003724,0.98876226507279,0.1562785297980028,0.2813391235287164,0.03553863965648879,0.6024714323103513,0.5940707932209729,0.04344239969954166,0.04234632158679637,0.36427272124951504,0.2171495367889585,0.1449154739242381,0.828648198739883,1.0,0.12005446004790796,0.1745452769056755,0.98876226507279,0.3848282236695423,0.14482672458386286,0.6043465752103974,0.03764416572771312,0.2500676524450134,0.5410640959364162,0.6931050403926209,0.20323317758905884,0.6204603647210851,0.060219394162080164,0.1536852493877064,0.20323317758905884,0.2891971247161262,0.23758804277489234,0.03831737195323323,0.04552021216619869,0.11417772695760836,0.8246805664692487,0.060219394162080164,0.20323317758905884,0.18142540725802625,0.03863423551921884,0.1779293658813773,0.1536852493877064,0.7619903986975788,0.35127801794533015,0.12005446004790796,1.0,0.04552021216619869,0.8325138235003724,0.44909498673330295,0.8037003223588625,0.3848282236695423,0.6030889157677355,0.035308111569944046,0.18142540725802625,1.0,0.44909498673330295,0.36427272124951504,0.04344239969954166,0.035866867100681085,0.087990965451797,0.1608580036099729,0.5607020399829459,0.04234632158679637,0.6332822457497822,0.15614034732865156,0.08926484700637136,0.05101044802888743,0.21079309171398175,0.05972762574853017,0.060219394162080164,0.35127801794533015,0.07232004260008806
23,0.15045613298809699,0.02607347535826851,0.06590122500029837,0.09414377480598057,0.2632998750566487,0.13472899937484667,0.21036173001370737,0.03269279630449097,0.7992635554474362,0.2610670296226115,0.09414377480598057,0.40188228999071535,0.8270365889526057,0.3737987187707629,0.5693078260852829,0.03796845393804459,0.7399525127663968,0.13472899937484667,0.7761077856502032,0.8356541691453799,0.566135061241317,0.30104222312123896,0.12005446004790796,1.0,0.6756042060795403,0.09414377480598057,0.6511579250345867,0.4532316690659689,0.16190996612494135,0.5291147370513971,0.8054155334866864,0.45730316028415496,0.4751229161192411,0.030989249878454958,0.1692424883526209,0.9007253008545069,0.32680495443338653,0.030989249878454958,0.1517951659037416,0.03269279630449097,0.20633234059296993,0.10768614725146122,0.04855479942908681,0.055606437748454106,0.9007253008545069,0.030989249878454958,0.2738788386665539,0.6112584248543353,0.7484300115995591,0.32680495443338653,0.21930651243335328,0.7992635554474362,1.0,0.12005446004790796,0.10768614725146122,0.2610670296226115,0.14392236029714794,0.3518834108636063,0.6511579250345867,0.41219646939521504,0.45943951455849347,0.2738788386665539,0.12005446004790796,0.14392236029714794,0.7761077856502032,0.7399525127663968,0.16636343044897917,0.054053429764361983,0.9540877254836355,0.03908511606035851,0.13472899937484667,0.5357440501962489,0.5814449780703232,0.9896830823412878,0.06590122500029837,0.8729309536487814,0.8054400727646868,0.9007253008545069,0.7992635554474362,0.06410158052893349
24,0.5045837227076243,0.12304409463067131,0.35077503752966555,0.15462951992870078,0.4596032274695314,0.5178162546323596,0.4362886787521144,0.18093016219310162,0.8184870873753223,0.4352070408488676,0.15462951992870078,0.8976680838346026,0.8950585401677695,0.7447572325412636,0.6161945855966057,0.13527081781545724,0.767257439013671,0.5178162546323596,0.8278826265556316,0.945043624144427,0.9806321594959522,0.45395316885585696,0.1745452769056755,0.6756042060795403,1.0,0.15462951992870078,0.38990765946806305,0.9318816493199403,0.4280880135836886,0.786732791322777,0.9417617835764661,0.2944571869169062,0.560217095557423,0.1805773415195144,0.434436016246295,0.730001915436496,0.8298803514968821,0.1805773415195144,0.5218638541366537,0.18093016219310162,0.6224846290386753,0.46333601358460896,0.2780989931455298,0.14006205608524563,0.730001915436496,0.1805773415195144,0.7632300758306001,0.7839828701966938,0.9922027465920831,0.8298803514968821,0.4418766548672072,0.8184870873753223,0.6756042060795403,0.1745452769056755,0.46333601358460896,0.4352070408488676,0.44937549231895013,0.47755744164758773,0.38990765946806305,0.2822385430649411,0.7683299241292925,0.7632300758306001,0.1745452769056755,0.44937549231895013,0.8278826265556316,0.767257439013671,0.5626137696053963,0.30560993179766077,0.5568509501970822,0.1449274037565063,0.5178162546323596,0.602738002085229,0.9868522262399761,0.6546928702809149,0.35077503752966555,0.48688343688502456,0.8174586651876613,0.730001915436496,0.8184870873753223,0.3443762644962375
25,0.3471240095259427,0.46155903132623627,0.05486997714083505,1.0,0.7831986326026651,0.04249399381368295,0.7569366926104898,0.2760461763041443,0.3024439295263083,0.8116989652322004,1.0,0.14762880027041553,0.24188580692988035,0.03162852487830548,0.5373114744170433,0.6699248169173148,0.03510504847542318,0.04249399381368295,0.31589241472312607,0.1860941489975853,0.1308684144080581,0.7941657232386666,0.98876226507279,0.09414377480598057,0.15462951992870078,1.0,0.312980063343503,0.13455766913481038,0.627093060947669,0.03200769658234057,0.21643276575086157,0.45408447692083564,0.6312430401980395,0.23685875609230955,0.6410851037915452,0.04739646951509334,0.14841390793998951,0.23685875609230955,0.30335746853632967,0.2760461763041443,0.036685651172755435,0.046767757655016916,0.1284621907955704,0.889309320196965,0.04739646951509334,0.23685875609230955,0.17920373082972935,0.03213003554745696,0.15507176484219684,0.14841390793998951,0.7627109011957128,0.3024439295263083,0.09414377480598057,0.98876226507279,0.046767757655016916,0.8116989652322004,0.4729640074530258,0.7556953518855576,0.312980063343503,0.5135172552239998,0.030537999823170743,0.17920373082972935,0.98876226507279,0.4729640074530258,0.31589241472312607,0.03510504847542318,0.03499723040977885,0.09767438158659196,0.12523807295548567,0.6336593260439585,0.04249399381368295,0.5695350279900935,0.14086737039908154,0.06917542201289285,0.05486997714083505,0.16509779075718592,0.04850095578666738,0.04739646951509334,0.3024439295263083,0.07883400139931072
