,0,1,2,3,4,5,6,7,8,9,10,11,12,13,14,15,16,17,18,19,20,21,22,23,24,25,26,27,28,29,30,31,32,33,34,35,36,37,38,39,40,41,42,43,44,45,46,47,48,49,50,51,52,53,54,55,56,57,58,59,60,61,62,63,64,65,66,67,68,69,70,71,72,73,74,75,76,77,78,79,80,81,82,83,84,85,86,87,88,89,90,91,92,93,94,95,96,97,98,99,100,101,102,103,104,105,106,107,108,109,110,111,112,113,114,115,116,117,118,119,120,121,122,123,124,125,126,127,128,129,130,131,132,133,134,135,136,137,138,139,140,141,142,143,144,145,146,147,148,149,150,151,152,153,154,155,156,157,158,159,160,161,162,163,164,165,166,167,168,169,170,171,172,173,174,175,176,177,178,179,180,181,182,183,184,185,186,187,188,189,190,191,192,193,194,195,196,197,198,199
0,1.0,0.096,0.078,0.026,0.308,0.147,0.285,0.007,0.239,0.14,0.083,0.487,0.152,0.182,0.058,0.333,0.073,0.058,0.082,0.066,0.074,0.138,0.361,0.01,0.129,0.123,0.128,0.394,0.134,0.137,0.174,0.365,0.172,0.04,0.222,0.015,0.159,0.074,0.06,0.181,0.128,0.141,0.073,0.174,0.148,0.101,0.075,0.21,0.054,0.027,0.062,0.079,0.286,0.008,0.085,0.25,0.011,0.001,0.206,0.127,0.253,0.194,0.238,0.54,0.195,0.105,0.063,0.099,0.438,0.118,0.173,0.157,0.091,0.081,0.051,0.074,0.19,0.112,0.069,0.137,0.045,0.253,0.241,0.17,0.064,0.053,0.093,0.1,0.087,0.243,0.093,0.005,0.045,0.538,0.047,0.058,0.227,0.088,0.435,0.213,0.124,0.006,0.081,0.04,0.097,0.138,0.128,0.3,0.249,0.269,0.07,0.17,0.175,0.192,0.015,0.112,0.273,0.057,0.3,0.283,0.48,0.194,0.372,0.336,0.067,0.178,0.117,0.081,0.323,0.104,0.22,0.066,0.276,0.075,0.084,0.051,0.028,0.1,0.066,0.025,0.046,0.205,0.01,0.047,0.255,0.321,0.086,0.146,0.223,0.166,0.049,0.12,0.136,0.331,0.151,0.023,0.094,0.238,0.068,0.335,0.29,0.179,0.043,0.151,0.356,0.224,0.098,0.324,0.0,0.164,0.035,0.258,0.006,0.056,0.155,0.166,0.233,0.138,0.018,0.084,0.039,0.105,0.203,0.071,0.107,0.084,0.532,0.002,0.216,0.058,0.588,0.004,0.277,0.23,0.106,0.193,0.073,0.276,0.014,0.503
1,0.096,1.0,0.472,0.052,0.185,0.0,0.048,0.029,0.173,0.061,0.0,0.122,0.218,0.204,0.163,0.175,0.018,0.148,0.168,0.181,0.092,0.065,0.007,0.066,0.181,0.067,0.114,0.01,0.393,0.292,0.146,0.209,0.042,0.124,0.047,0.047,0.147,0.0,0.005,0.007,0.185,0.223,0.002,0.002,0.016,0.044,0.078,0.012,0.004,0.175,0.0,0.135,0.034,0.13,0.188,0.008,0.012,0.278,0.079,0.158,0.142,0.098,0.096,0.251,0.178,0.077,0.012,0.047,0.017,0.265,0.013,0.072,0.197,0.048,0.006,0.018,0.141,0.004,0.34,0.002,0.098,0.19,0.032,0.139,0.004,0.171,0.056,0.094,0.045,0.04,0.35,0.192,0.074,0.203,0.101,0.017,0.169,0.072,0.008,0.014,0.053,0.115,0.006,0.179,0.074,0.057,0.073,0.199,0.149,0.139,0.1,0.116,0.143,0.077,0.013,0.43,0.219,0.096,0.056,0.203,0.105,0.095,0.195,0.174,0.008,0.015,0.291,0.0,0.152,0.014,0.294,0.121,0.026,0.199,0.039,0.128,0.058,0.078,0.024,0.152,0.079,0.089,0.034,0.011,0.147,0.165,0.035,0.0,0.072,0.07,0.134,0.04,0.06,0.028,0.282,0.047,0.012,0.071,0.334,0.19,0.094,0.012,0.076,0.18,0.015,0.044,0.057,0.243,0.289,0.02,0.135,0.023,0.138,0.024,0.181,0.072,0.031,0.08,0.056,0.23,0.182,0.049,0.01,0.014,0.004,0.276,0.254,0.033,0.393,0.042,0.327,0.192,0.1,0.165,0.051,0.011,0.458,0.039,0.157,0.195
2,0.078,0.472,1.0,0.199,0.095,0.27,0.17,0.157,0.387,0.0,0.004,0.083,0.023,0.02,0.001,0.093,0.364,0.102,0.056,0.1,0.235,0.122,0.017,0.077,0.032,0.0,0.041,0.011,0.589,0.057,0.131,0.013,0.186,0.265,0.007,0.022,0.138,0.003,0.013,0.191,0.024,0.016,0.098,0.192,0.134,0.662,0.379,0.054,0.206,0.012,0.001,0.065,0.045,0.067,0.056,0.095,0.063,0.029,0.073,0.024,0.042,0.062,0.086,0.032,0.211,0.198,0.034,0.649,0.045,0.003,0.137,0.0,0.017,0.018,0.173,0.359,0.127,0.005,0.133,0.276,0.152,0.088,0.145,0.079,0.013,0.219,0.669,0.064,0.016,0.038,0.116,0.081,0.048,0.062,0.08,0.367,0.412,0.004,0.063,0.058,0.215,0.066,0.085,0.367,0.379,0.0,0.01,0.009,0.034,0.082,0.252,0.012,0.127,0.127,0.06,0.246,0.254,0.242,0.015,0.016,0.088,0.039,0.008,0.131,0.05,0.106,0.051,0.175,0.018,0.094,0.118,0.322,0.047,0.11,0.039,0.021,0.226,0.162,0.363,0.01,0.163,0.11,0.145,0.172,0.035,0.1,0.136,0.089,0.005,0.0,0.021,0.046,0.25,0.046,0.122,0.208,0.138,0.033,0.098,0.106,0.101,0.18,0.162,0.094,0.063,0.122,0.246,0.317,0.257,0.149,0.176,0.221,0.063,0.031,0.101,0.247,0.122,0.057,0.099,0.101,0.342,0.674,0.06,0.032,0.081,0.03,0.038,0.159,0.04,0.247,0.212,0.092,0.101,0.418,0.039,0.058,0.052,0.161,0.043,0.045
3,0.026,0.052,0.199,1.0,0.127,0.051,0.025,0.114,0.029,0.02,0.138,0.031,0.04,0.044,0.166,0.126,0.207,0.093,0.02,0.03,0.087,0.037,0.004,0.074,0.013,0.025,0.259,0.003,0.141,0.327,0.12,0.032,0.38,0.157,0.047,0.118,0.126,0.121,0.128,0.061,0.02,0.458,0.093,0.031,0.006,0.073,0.005,0.11,0.125,0.016,0.136,0.152,0.099,0.096,0.024,0.078,0.058,0.086,0.018,0.019,0.05,0.075,0.249,0.136,0.01,0.022,0.455,0.08,0.182,0.16,0.031,0.017,0.147,0.006,0.101,0.202,0.08,0.035,0.02,0.043,0.085,0.095,0.045,0.021,0.119,0.243,0.075,0.429,0.003,0.393,0.026,0.057,0.048,0.541,0.002,0.218,0.03,0.018,0.175,0.118,0.018,0.086,0.102,0.026,0.003,0.033,0.024,0.092,0.04,0.142,0.093,0.079,0.036,0.29,0.057,0.09,0.018,0.099,0.052,0.117,0.048,0.008,0.035,0.062,0.467,0.004,0.353,0.061,0.302,0.032,0.195,0.095,0.083,0.222,0.24,0.037,0.179,0.101,0.207,0.007,0.374,0.283,0.133,0.118,0.06,0.112,0.163,0.06,0.069,0.029,0.042,0.143,0.036,0.086,0.362,0.169,0.04,0.086,0.018,0.141,0.042,0.065,0.447,0.092,0.249,0.029,0.018,0.104,0.057,0.039,0.018,0.04,0.108,0.148,0.028,0.042,0.035,0.05,0.191,0.409,0.025,0.073,0.127,0.461,0.233,0.228,0.15,0.128,0.151,0.218,0.2,0.085,0.028,0.027,0.048,0.137,0.25,0.037,0.239,0.571
4,0.308,0.185,0.095,0.127,1.0,0.025,0.101,0.059,0.139,0.048,0.123,0.01,0.297,0.304,0.182,0.045,0.055,0.32,0.049,0.012,0.056,0.184,0.146,0.385,0.088,0.052,0.147,0.161,0.072,0.056,0.147,0.314,0.039,0.105,0.27,0.086,0.123,0.114,0.062,0.005,0.088,0.009,0.064,0.035,0.098,0.002,0.161,0.006,0.223,0.113,0.111,0.147,0.068,0.083,0.063,0.12,0.6,0.261,0.066,0.107,0.094,0.226,0.084,0.025,0.091,0.191,0.189,0.002,0.275,0.099,0.016,0.039,0.07,0.226,0.277,0.072,0.069,0.021,0.253,0.028,0.052,0.148,0.125,0.28,0.064,0.071,0.002,0.068,0.238,0.154,0.245,0.468,0.325,0.011,0.024,0.054,0.149,0.377,0.246,0.009,0.044,0.088,0.063,0.053,0.156,0.042,0.351,0.354,0.085,0.042,0.057,0.052,0.134,0.069,0.615,0.038,0.021,0.053,0.251,0.382,0.014,0.013,0.325,0.026,0.204,0.089,0.048,0.101,0.134,0.148,0.121,0.162,0.052,0.216,0.128,0.047,0.075,0.304,0.066,0.112,0.04,0.091,0.045,0.243,0.076,0.051,0.258,0.514,0.054,0.04,0.066,0.384,0.023,0.057,0.018,0.083,0.24,0.027,0.242,0.049,0.177,0.003,0.035,0.4,0.003,0.019,0.047,0.026,0.08,0.014,0.166,0.024,0.077,0.179,0.066,0.015,0.017,0.012,0.238,0.098,0.043,0.001,0.009,0.206,0.051,0.201,0.036,0.05,0.183,0.027,0.012,0.474,0.179,0.155,0.45,0.003,0.093,0.01,0.02,0.016
5,0.147,0.0,0.27,0.051,0.025,1.0,0.002,0.03,0.01,0.126,0.118,0.032,0.054,0.056,0.239,0.167,0.035,0.153,0.399,0.155,0.001,0.131,0.077,0.074,0.031,0.13,0.078,0.082,0.244,0.442,0.049,0.106,0.009,0.066,0.057,0.133,0.048,0.116,0.009,0.096,0.045,0.119,0.024,0.025,0.154,0.029,0.107,0.016,0.061,0.128,0.14,0.1,0.101,0.239,0.407,0.021,0.111,0.437,0.031,0.025,0.064,0.021,0.047,0.068,0.074,0.154,0.004,0.031,0.038,0.064,0.079,0.141,0.033,0.368,0.073,0.043,0.011,0.037,0.288,0.009,0.081,0.046,0.075,0.087,0.003,0.388,0.026,0.196,0.376,0.017,0.303,0.522,0.202,0.206,0.169,0.041,0.01,0.238,0.025,0.005,0.104,0.233,0.02,0.21,0.121,0.111,0.249,0.07,0.084,0.056,0.0,0.181,0.018,0.054,0.129,0.139,0.218,0.001,0.111,0.068,0.042,0.003,0.103,0.118,0.006,0.135,0.453,0.076,0.013,0.076,0.267,0.012,0.106,0.004,0.014,0.11,0.012,0.033,0.032,0.141,0.113,0.066,0.025,0.045,0.069,0.192,0.076,0.16,0.08,0.137,0.116,0.233,0.055,0.089,0.177,0.014,0.071,0.18,0.281,0.191,0.094,0.104,0.034,0.345,0.008,0.092,0.111,0.164,0.237,0.087,0.125,0.038,0.23,0.04,0.237,0.044,0.109,0.104,0.025,0.043,0.263,0.027,0.006,0.003,0.011,0.073,0.06,0.023,0.197,0.119,0.05,0.513,0.098,0.018,0.184,0.016,0.037,0.183,0.056,0.189
6,0.285,0.048,0.17,0.025,0.101,0.002,1.0,0.355,0.076,0.163,0.065,0.08,0.07,0.07,0.491,0.036,0.068,0.136,0.046,0.282,0.354,0.198,0.132,0.013,0.274,0.129,0.18,0.177,0.226,0.111,0.074,0.059,0.089,0.19,0.099,0.424,0.099,0.065,0.196,0.211,0.258,0.166,0.058,0.203,0.51,0.0,0.164,0.185,0.019,0.059,0.056,0.01,0.199,0.173,0.037,0.065,0.004,0.176,0.03,0.259,0.424,0.093,0.072,0.092,0.097,0.032,0.163,0.003,0.023,0.111,0.205,0.143,0.095,0.039,0.02,0.063,0.122,0.17,0.14,0.035,0.172,0.161,0.056,0.279,0.194,0.09,0.003,0.096,0.05,0.028,0.136,0.08,0.037,0.011,0.139,0.088,0.067,0.032,0.023,0.182,0.23,0.167,0.07,0.33,0.161,0.158,0.035,0.032,0.394,0.124,0.385,0.003,0.022,0.222,0.003,0.243,0.078,0.378,0.082,0.025,0.086,0.002,0.05,0.034,0.164,0.515,0.092,0.221,0.193,0.359,0.199,0.002,0.213,0.007,0.04,0.146,0.109,0.068,0.066,0.051,0.16,0.211,0.355,0.013,0.397,0.032,0.322,0.049,0.231,0.166,0.142,0.056,0.014,0.204,0.307,0.091,0.035,0.172,0.126,0.026,0.217,0.177,0.097,0.097,0.035,0.4,0.262,0.031,0.008,0.186,0.093,0.017,0.187,0.26,0.008,0.024,0.437,0.048,0.019,0.024,0.311,0.003,0.188,0.169,0.129,0.135,0.073,0.328,0.184,0.097,0.15,0.083,0.226,0.06,0.006,0.193,0.19,0.11,0.22,0.011
7,0.007,0.029,0.157,0.114,0.059,0.03,0.355,1.0,0.122,0.058,0.082,0.077,0.123,0.142,0.018,0.294,0.164,0.006,0.236,0.069,0.075,0.016,0.057,0.03,0.215,0.066,0.32,0.084,0.029,0.037,0.171,0.021,0.259,0.067,0.031,0.002,0.187,0.071,0.132,0.328,0.182,0.127,0.016,0.003,0.019,0.005,0.002,0.219,0.086,0.112,0.074,0.22,0.134,0.144,0.237,0.308,0.254,0.172,0.156,0.209,0.001,0.231,0.095,0.106,0.191,0.234,0.152,0.002,0.054,0.347,0.138,0.067,0.122,0.278,0.102,0.166,0.024,0.055,0.365,0.0,0.191,0.075,0.132,0.112,0.117,0.023,0.0,0.104,0.284,0.094,0.381,0.354,0.132,0.052,0.008,0.15,0.135,0.242,0.065,0.209,0.018,0.128,0.018,0.032,0.006,0.058,0.242,0.114,0.0,0.026,0.076,0.039,0.375,0.045,0.269,0.152,0.048,0.058,0.14,0.139,0.068,0.284,0.022,0.086,0.171,0.009,0.046,0.014,0.165,0.054,0.103,0.012,0.115,0.032,0.213,0.328,0.159,0.166,0.152,0.119,0.024,0.049,0.239,0.087,0.001,0.267,0.215,0.239,0.144,0.067,0.3,0.198,0.028,0.135,0.07,0.171,0.088,0.223,0.351,0.279,0.018,0.322,0.112,0.09,0.058,0.034,0.02,0.085,0.095,0.134,0.031,0.018,0.14,0.041,0.004,0.017,0.045,0.468,0.172,0.008,0.042,0.001,0.217,0.161,0.166,0.009,0.106,0.232,0.121,0.238,0.059,0.354,0.027,0.13,0.272,0.233,0.056,0.124,0.289,0.065
8,0.239,0.173,0.387,0.029,0.139,0.01,0.076,0.122,1.0,0.001,0.15,0.031,0.119,0.117,0.044,0.002,0.364,0.094,0.013,0.007,0.005,0.063,0.085,0.019,0.024,0.003,0.127,0.092,0.112,0.062,0.199,0.012,0.147,0.409,0.004,0.042,0.168,0.19,0.082,0.171,0.023,0.035,0.062,0.01,0.075,0.236,0.088,0.016,0.076,0.222,0.165,0.038,0.157,0.21,0.016,0.172,0.221,0.094,0.07,0.021,0.045,0.024,0.459,0.035,0.109,0.016,0.055,0.247,0.04,0.133,0.102,0.001,0.063,0.061,0.062,0.327,0.436,0.029,0.29,0.089,0.174,0.156,0.079,0.125,0.097,0.137,0.243,0.009,0.073,0.04,0.275,0.03,0.051,0.068,0.166,0.316,0.046,0.185,0.039,0.014,0.018,0.238,0.046,0.041,0.057,0.0,0.179,0.054,0.05,0.145,0.011,0.202,0.127,0.026,0.236,0.068,0.02,0.006,0.022,0.045,0.052,0.151,0.009,0.144,0.058,0.08,0.063,0.016,0.171,0.177,0.184,0.134,0.126,0.076,0.104,0.221,0.068,0.001,0.373,0.216,0.099,0.027,0.207,0.069,0.054,0.01,0.006,0.025,0.227,0.002,0.201,0.096,0.207,0.154,0.118,0.062,0.064,0.331,0.283,0.003,0.021,0.182,0.034,0.042,0.094,0.339,0.024,0.129,0.087,0.115,0.143,0.088,0.212,0.029,0.056,0.226,0.315,0.158,0.089,0.094,0.053,0.236,0.004,0.058,0.078,0.035,0.036,0.225,0.095,0.24,0.042,0.033,0.019,0.053,0.087,0.006,0.115,0.208,0.171,0.088
9,0.14,0.061,0.0,0.02,0.048,0.126,0.163,0.058,0.001,1.0,0.004,0.164,0.124,0.128,0.046,0.256,0.048,0.111,0.207,0.001,0.07,0.039,0.213,0.185,0.031,0.102,0.225,0.175,0.184,0.118,0.043,0.047,0.0,0.055,0.055,0.043,0.045,0.003,0.053,0.191,0.032,0.192,0.168,0.015,0.142,0.001,0.017,0.005,0.135,0.008,0.005,0.119,0.009,0.05,0.209,0.14,0.229,0.088,0.085,0.02,0.035,0.067,0.004,0.332,0.209,0.21,0.363,0.0,0.064,0.254,0.078,0.075,0.118,0.295,0.146,0.039,0.111,0.021,0.351,0.075,0.219,0.127,0.023,0.171,0.067,0.083,0.002,0.067,0.279,0.247,0.347,0.517,0.139,0.249,0.106,0.056,0.26,0.129,0.064,0.005,0.097,0.053,0.147,0.208,0.01,0.079,0.146,0.14,0.042,0.016,0.081,0.055,0.204,0.123,0.253,0.094,0.069,0.094,0.094,0.132,0.15,0.143,0.058,0.034,0.395,0.147,0.135,0.047,0.015,0.056,0.291,0.144,0.003,0.088,0.166,0.243,0.29,0.042,0.063,0.003,0.001,0.125,0.412,0.154,0.041,0.232,0.211,0.591,0.117,0.088,0.25,0.262,0.057,0.008,0.157,0.271,0.052,0.011,0.332,0.216,0.062,0.194,0.298,0.207,0.214,0.034,0.105,0.049,0.134,0.048,0.227,0.009,0.05,0.113,0.126,0.06,0.025,0.164,0.356,0.126,0.182,0.004,0.015,0.37,0.113,0.209,0.326,0.399,0.338,0.265,0.17,0.508,0.06,0.264,0.437,0.003,0.071,0.055,0.023,0.254
10,0.083,0.0,0.004,0.138,0.123,0.118,0.065,0.082,0.15,0.004,1.0,0.136,0.005,0.006,0.053,0.234,0.383,0.011,0.381,0.137,0.342,0.074,0.169,0.182,0.067,0.436,0.148,0.152,0.05,0.146,0.015,0.075,0.019,0.254,0.221,0.081,0.015,0.049,0.083,0.004,0.056,0.117,0.334,0.031,0.07,0.612,0.176,0.104,0.045,0.22,0.07,0.104,0.099,0.068,0.38,0.159,0.049,0.007,0.072,0.062,0.031,0.028,0.202,0.032,0.119,0.021,0.109,0.602,0.206,0.373,0.602,0.415,0.017,0.162,0.051,0.354,0.025,0.36,0.007,0.13,0.143,0.341,0.238,0.044,0.079,0.039,0.563,0.06,0.15,0.085,0.007,0.066,0.102,0.252,0.108,0.386,0.026,0.359,0.207,0.123,0.24,0.052,0.307,0.019,0.171,0.432,0.362,0.015,0.03,0.388,0.385,0.122,0.013,0.232,0.037,0.013,0.07,0.373,0.148,0.023,0.121,0.007,0.072,0.031,0.132,0.083,0.144,0.202,0.041,0.125,0.092,0.04,0.08,0.053,0.531,0.227,0.24,0.048,0.365,0.182,0.151,0.263,0.135,0.039,0.026,0.2,0.134,0.123,0.138,0.392,0.234,0.109,0.419,0.097,0.195,0.274,0.194,0.13,0.01,0.203,0.253,0.002,0.209,0.054,0.342,0.136,0.246,0.035,0.132,0.614,0.005,0.025,0.059,0.333,0.103,0.396,0.124,0.028,0.098,0.088,0.024,0.588,0.12,0.125,0.033,0.088,0.034,0.137,0.015,0.001,0.082,0.082,0.283,0.019,0.011,0.111,0.063,0.35,0.113,0.197
11,0.487,0.122,0.083,0.031,0.01,0.032,0.08,0.077,0.031,0.164,0.136,1.0,0.011,0.019,0.061,0.111,0.021,0.016,0.058,0.129,0.036,0.07,0.133,0.058,0.053,0.007,0.106,0.156,0.005,0.281,0.062,0.0,0.09,0.193,0.147,0.016,0.059,0.006,0.085,0.209,0.057,0.135,0.0,0.054,0.018,0.07,0.331,0.056,0.026,0.172,0.003,0.034,0.057,0.179,0.05,0.522,0.2,0.053,0.098,0.057,0.149,0.079,0.26,0.154,0.031,0.132,0.08,0.069,0.091,0.086,0.061,0.017,0.024,0.148,0.032,0.019,0.21,0.152,0.113,0.234,0.021,0.037,0.067,0.116,0.089,0.093,0.069,0.078,0.151,0.011,0.111,0.043,0.064,0.172,0.018,0.022,0.026,0.091,0.103,0.053,0.003,0.181,0.0,0.023,0.35,0.005,0.102,0.248,0.166,0.107,0.019,0.131,0.004,0.089,0.196,0.043,0.173,0.024,0.043,0.239,0.072,0.266,0.002,0.297,0.076,0.022,0.278,0.109,0.117,0.084,0.241,0.114,0.052,0.042,0.054,0.288,0.122,0.024,0.019,0.193,0.147,0.083,0.204,0.018,0.16,0.104,0.014,0.093,0.329,0.01,0.268,0.111,0.061,0.057,0.041,0.106,0.117,0.176,0.105,0.091,0.069,0.191,0.023,0.294,0.079,0.245,0.002,0.426,0.275,0.065,0.017,0.319,0.185,0.027,0.027,0.047,0.212,0.31,0.083,0.019,0.019,0.068,0.055,0.074,0.204,0.019,0.183,0.23,0.254,0.119,0.164,0.037,0.068,0.033,0.002,0.044,0.0,0.201,0.172,0.207
12,0.152,0.218,0.023,0.04,0.297,0.054,0.07,0.123,0.119,0.124,0.005,0.011,1.0,0.176,0.238,0.1,0.076,0.086,0.35,0.091,0.182,0.144,0.581,0.028,0.077,0.236,0.048,0.573,0.093,0.059,0.048,0.014,0.078,0.187,0.144,0.212,0.048,0.021,0.127,0.055,0.077,0.124,0.24,0.083,0.158,0.063,0.13,0.236,0.039,0.011,0.019,0.05,0.043,0.043,0.348,0.029,0.052,0.074,0.005,0.081,0.096,0.138,0.12,0.174,0.065,0.037,0.092,0.06,0.032,0.161,0.051,0.265,0.102,0.015,0.05,0.072,0.004,0.212,0.006,0.224,0.25,0.276,0.136,0.15,0.118,0.041,0.085,0.094,0.017,0.213,0.006,0.259,0.085,0.198,0.034,0.072,0.065,0.03,0.035,0.235,0.219,0.049,0.249,0.18,0.111,0.246,0.033,0.014,0.1,0.274,0.204,0.267,0.036,0.294,0.031,0.105,0.095,0.19,0.164,0.024,0.073,0.202,0.012,0.16,0.092,0.143,0.055,0.114,0.088,0.188,0.386,0.044,0.068,0.15,0.099,0.085,0.364,0.208,0.077,0.009,0.054,0.265,0.024,0.046,0.118,0.102,0.225,0.249,0.049,0.26,0.094,0.04,0.066,0.048,0.24,0.392,0.116,0.052,0.001,0.125,0.104,0.042,0.047,0.132,0.142,0.01,0.229,0.056,0.095,0.053,0.055,0.021,0.042,0.195,0.08,0.077,0.008,0.089,0.208,0.005,0.19,0.064,0.207,0.093,0.017,0.165,0.207,0.029,0.356,0.019,0.125,0.262,0.086,0.06,0.126,0.207,0.115,0.039,0.118,0.162
13,0.182,0.204,0.02,0.044,0.304,0.056,0.07,0.142,0.117,0.128,0.006,0.019,0.176,1.0,0.255,0.107,0.079,0.089,0.351,0.078,0.163,0.146,0.568,0.049,0.081,0.272,0.046,0.594,0.098,0.048,0.049,0.002,0.066,0.208,0.15,0.222,0.032,0.02,0.119,0.045,0.071,0.126,0.233,0.081,0.149,0.074,0.134,0.221,0.045,0.006,0.029,0.048,0.054,0.056,0.373,0.025,0.049,0.063,0.004,0.081,0.095,0.131,0.128,0.213,0.056,0.03,0.093,0.062,0.031,0.138,0.052,0.283,0.1,0.015,0.043,0.067,0.005,0.224,0.002,0.24,0.232,0.284,0.117,0.165,0.134,0.037,0.065,0.092,0.017,0.214,0.002,0.26,0.082,0.167,0.014,0.078,0.065,0.045,0.041,0.23,0.21,0.048,0.258,0.157,0.136,0.28,0.03,0.022,0.102,0.302,0.181,0.26,0.042,0.266,0.037,0.102,0.089,0.18,0.138,0.02,0.069,0.225,0.007,0.161,0.115,0.155,0.058,0.095,0.095,0.168,0.374,0.047,0.062,0.147,0.08,0.09,0.388,0.21,0.079,0.011,0.058,0.25,0.027,0.045,0.103,0.1,0.218,0.245,0.028,0.275,0.105,0.045,0.075,0.062,0.232,0.397,0.131,0.05,0.002,0.101,0.098,0.041,0.057,0.13,0.135,0.009,0.203,0.059,0.085,0.056,0.064,0.031,0.038,0.154,0.095,0.065,0.008,0.093,0.19,0.008,0.164,0.074,0.234,0.106,0.013,0.16,0.195,0.025,0.348,0.021,0.127,0.234,0.104,0.057,0.143,0.253,0.121,0.04,0.098,0.16
14,0.058,0.163,0.001,0.166,0.182,0.239,0.491,0.018,0.044,0.046,0.053,0.061,0.238,0.255,1.0,0.115,0.012,0.037,0.16,0.072,0.437,0.056,0.035,0.312,0.076,0.011,0.087,0.039,0.331,0.125,0.059,0.027,0.054,0.004,0.046,0.253,0.061,0.064,0.034,0.151,0.061,0.041,0.121,0.049,0.303,0.044,0.195,0.048,0.163,0.07,0.084,0.1,0.027,0.0,0.139,0.009,0.156,0.012,0.01,0.071,0.007,0.073,0.03,0.306,0.107,0.18,0.248,0.04,0.063,0.2,0.068,0.017,0.166,0.099,0.155,0.019,0.039,0.05,0.243,0.027,0.014,0.039,0.03,0.537,0.019,0.085,0.028,0.006,0.082,0.193,0.234,0.279,0.108,0.162,0.011,0.019,0.549,0.246,0.058,0.043,0.102,0.001,0.104,0.157,0.231,0.01,0.237,0.097,0.011,0.223,0.443,0.042,0.163,0.19,0.145,0.415,0.055,0.425,0.11,0.098,0.217,0.013,0.019,0.124,0.249,0.284,0.112,0.1,0.075,0.149,0.29,0.231,0.038,0.059,0.043,0.112,0.089,0.048,0.016,0.052,0.051,0.194,0.132,0.153,0.008,0.096,0.316,0.366,0.078,0.01,0.116,0.117,0.061,0.021,0.045,0.089,0.103,0.124,0.237,0.099,0.215,0.18,0.073,0.172,0.097,0.015,0.11,0.135,0.073,0.073,0.241,0.044,0.001,0.006,0.091,0.081,0.018,0.074,0.174,0.049,0.133,0.037,0.037,0.279,0.004,0.183,0.316,0.137,0.194,0.095,0.27,0.315,0.226,0.533,0.174,0.056,0.336,0.005,0.043,0.155
15,0.333,0.175,0.093,0.126,0.045,0.167,0.036,0.294,0.002,0.256,0.234,0.111,0.1,0.107,0.115,1.0,0.049,0.289,0.055,0.02,0.053,0.199,0.117,0.387,0.081,0.046,0.165,0.148,0.086,0.063,0.135,0.318,0.05,0.104,0.256,0.078,0.141,0.121,0.06,0.001,0.097,0.004,0.067,0.039,0.082,0.0,0.166,0.005,0.241,0.107,0.096,0.155,0.046,0.08,0.055,0.136,0.591,0.268,0.063,0.09,0.076,0.219,0.089,0.028,0.071,0.2,0.178,0.002,0.271,0.104,0.023,0.037,0.054,0.238,0.214,0.055,0.059,0.01,0.257,0.022,0.045,0.144,0.127,0.286,0.062,0.057,0.0,0.052,0.242,0.166,0.249,0.423,0.338,0.021,0.03,0.045,0.147,0.351,0.259,0.008,0.06,0.072,0.067,0.047,0.162,0.047,0.38,0.372,0.075,0.04,0.053,0.056,0.152,0.09,0.605,0.037,0.023,0.055,0.22,0.34,0.016,0.008,0.314,0.025,0.178,0.109,0.055,0.092,0.122,0.138,0.129,0.137,0.049,0.215,0.13,0.036,0.071,0.274,0.053,0.1,0.027,0.088,0.056,0.223,0.081,0.057,0.263,0.537,0.055,0.039,0.063,0.384,0.021,0.044,0.02,0.078,0.218,0.03,0.241,0.042,0.18,0.004,0.026,0.391,0.004,0.021,0.045,0.025,0.097,0.013,0.171,0.013,0.088,0.172,0.053,0.018,0.017,0.015,0.238,0.08,0.047,0.004,0.008,0.19,0.068,0.192,0.036,0.061,0.162,0.032,0.014,0.442,0.182,0.151,0.483,0.006,0.102,0.006,0.018,0.008
16,0.073,0.018,0.364,0.207,0.055,0.035,0.068,0.164,0.364,0.048,0.383,0.021,0.076,0.079,0.012,0.049,1.0,0.222,0.077,0.07,0.168,0.0,0.001,0.051,0.089,0.009,0.015,0.0,0.051,0.054,0.119,0.019,0.013,0.008,0.145,0.128,0.132,0.211,0.048,0.076,0.125,0.116,0.229,0.204,0.278,0.01,0.347,0.154,0.039,0.079,0.19,0.104,0.445,0.091,0.075,0.073,0.187,0.098,0.148,0.125,0.126,0.163,0.018,0.113,0.071,0.053,0.082,0.012,0.066,0.016,0.09,0.01,0.038,0.172,0.05,0.073,0.074,0.112,0.104,0.213,0.119,0.05,0.025,0.146,0.04,0.035,0.01,0.03,0.165,0.027,0.102,0.044,0.051,0.063,0.133,0.086,0.242,0.078,0.088,0.123,0.045,0.104,0.214,0.025,0.372,0.008,0.069,0.214,0.101,0.091,0.151,0.044,0.02,0.16,0.158,0.458,0.274,0.162,0.113,0.231,0.049,0.365,0.026,0.024,0.086,0.282,0.05,0.198,0.182,0.204,0.094,0.073,0.435,0.109,0.003,0.044,0.125,0.051,0.074,0.11,0.065,0.153,0.042,0.045,0.124,0.083,0.173,0.233,0.076,0.012,0.056,0.045,0.219,0.446,0.068,0.138,0.101,0.122,0.108,0.077,0.017,0.065,0.043,0.098,0.079,0.199,0.047,0.282,0.269,0.104,0.122,0.3,0.091,0.034,0.055,0.223,0.205,0.1,0.297,0.064,0.032,0.012,0.125,0.076,0.179,0.053,0.116,0.045,0.238,0.037,0.233,0.056,0.018,0.205,0.179,0.126,0.327,0.132,0.045,0.06
17,0.058,0.148,0.102,0.093,0.32,0.153,0.136,0.006,0.094,0.111,0.011,0.016,0.086,0.089,0.037,0.289,0.222,1.0,0.042,0.004,0.313,0.002,0.055,0.388,0.131,0.365,0.352,0.055,0.02,0.199,0.146,0.216,0.007,0.177,0.059,0.036,0.159,0.046,0.022,0.119,0.124,0.131,0.159,0.102,0.077,0.23,0.068,0.047,0.118,0.042,0.05,0.489,0.005,0.135,0.048,0.076,0.023,0.104,0.017,0.132,0.032,0.097,0.08,0.222,0.032,0.211,0.369,0.227,0.273,0.338,0.32,0.381,0.441,0.038,0.131,0.113,0.148,0.268,0.062,0.118,0.18,0.376,0.04,0.04,0.012,0.302,0.225,0.021,0.047,0.216,0.07,0.046,0.069,0.204,0.167,0.089,0.153,0.193,0.244,0.042,0.008,0.143,0.171,0.22,0.064,0.351,0.208,0.009,0.035,0.376,0.305,0.168,0.054,0.519,0.034,0.141,0.024,0.331,0.113,0.009,0.129,0.037,0.212,0.169,0.397,0.075,0.168,0.329,0.175,0.033,0.032,0.281,0.001,0.097,0.466,0.45,0.182,0.23,0.096,0.032,0.163,0.553,0.213,0.136,0.039,0.234,0.109,0.118,0.399,0.359,0.472,0.064,0.149,0.004,0.346,0.165,0.258,0.118,0.081,0.235,0.072,0.129,0.253,0.023,0.379,0.008,0.004,0.113,0.063,0.341,0.049,0.049,0.135,0.109,0.197,0.133,0.008,0.043,0.286,0.213,0.211,0.228,0.051,0.361,0.045,0.397,0.205,0.238,0.029,0.168,0.125,0.035,0.078,0.151,0.073,0.043,0.108,0.124,0.318,0.2
18,0.082,0.168,0.056,0.02,0.049,0.399,0.046,0.236,0.013,0.207,0.381,0.058,0.35,0.351,0.16,0.055,0.077,0.042,1.0,0.021,0.05,0.0,0.371,0.044,0.003,0.261,0.283,0.346,0.254,0.075,0.113,0.067,0.051,0.209,0.098,0.013,0.107,0.139,0.098,0.125,0.001,0.057,0.156,0.072,0.024,0.141,0.179,0.084,0.012,0.17,0.145,0.013,0.041,0.015,0.061,0.214,0.041,0.048,0.024,0.002,0.038,0.023,0.057,0.071,0.116,0.035,0.187,0.164,0.055,0.323,0.057,0.231,0.102,0.078,0.007,0.022,0.345,0.199,0.064,0.247,0.05,0.203,0.207,0.043,0.108,0.183,0.161,0.132,0.082,0.022,0.061,0.074,0.224,0.025,0.047,0.021,0.037,0.027,0.052,0.082,0.155,0.011,0.167,0.163,0.176,0.249,0.027,0.06,0.047,0.087,0.044,0.077,0.062,0.026,0.033,0.078,0.062,0.033,0.205,0.058,0.009,0.016,0.071,0.088,0.204,0.032,0.068,0.088,0.001,0.053,0.066,0.39,0.054,0.025,0.06,0.299,0.377,0.093,0.026,0.169,0.32,0.022,0.416,0.012,0.045,0.091,0.025,0.125,0.304,0.268,0.292,0.225,0.007,0.057,0.274,0.375,0.092,0.011,0.054,0.089,0.123,0.117,0.053,0.093,0.028,0.109,0.129,0.19,0.277,0.066,0.143,0.148,0.013,0.007,0.224,0.001,0.094,0.242,0.112,0.278,0.164,0.164,0.092,0.195,0.172,0.059,0.062,0.427,0.065,0.19,0.02,0.088,0.125,0.032,0.047,0.071,0.074,0.111,0.339,0.029
19,0.066,0.181,0.1,0.03,0.012,0.155,0.282,0.069,0.007,0.001,0.137,0.129,0.091,0.078,0.072,0.02,0.07,0.004,0.021,1.0,0.013,0.096,0.062,0.353,0.099,0.186,0.076,0.055,0.071,0.134,0.04,0.105,0.069,0.027,0.251,0.037,0.049,0.07,0.177,0.058,0.095,0.002,0.187,0.17,0.072,0.0,0.175,0.143,0.079,0.232,0.065,0.01,0.147,0.009,0.001,0.02,0.321,0.024,0.317,0.087,0.144,0.174,0.041,0.138,0.027,0.227,0.306,0.001,0.288,0.024,0.027,0.217,0.205,0.106,0.099,0.091,0.012,0.058,0.289,0.064,0.102,0.172,0.096,0.447,0.213,0.031,0.001,0.022,0.107,0.129,0.295,0.257,0.366,0.04,0.081,0.107,0.32,0.123,0.294,0.158,0.338,0.011,0.196,0.193,0.173,0.21,0.121,0.41,0.171,0.059,0.018,0.022,0.073,0.064,0.321,0.168,0.127,0.02,0.116,0.392,0.09,0.079,0.14,0.001,0.306,0.085,0.121,0.04,0.11,0.038,0.012,0.085,0.152,0.239,0.043,0.044,0.065,0.197,0.1,0.205,0.231,0.081,0.194,0.08,0.134,0.016,0.11,0.407,0.003,0.213,0.043,0.273,0.021,0.148,0.022,0.055,0.21,0.088,0.302,0.015,0.083,0.064,0.075,0.157,0.064,0.039,0.371,0.333,0.158,0.039,0.19,0.228,0.015,0.327,0.143,0.02,0.047,0.028,0.239,0.028,0.199,0.003,0.131,0.281,0.133,0.355,0.126,0.221,0.043,0.083,0.01,0.269,0.083,0.283,0.515,0.145,0.243,0.004,0.045,0.041
20,0.074,0.092,0.235,0.087,0.056,0.001,0.354,0.075,0.005,0.07,0.342,0.036,0.182,0.163,0.437,0.053,0.168,0.313,0.05,0.013,1.0,0.078,0.289,0.043,0.021,0.056,0.049,0.298,0.048,0.042,0.064,0.011,0.195,0.022,0.208,0.593,0.072,0.233,0.158,0.04,0.022,0.194,0.053,0.023,0.194,0.007,0.083,0.029,0.139,0.115,0.222,0.083,0.282,0.034,0.001,0.028,0.003,0.051,0.029,0.03,0.041,0.036,0.33,0.049,0.066,0.051,0.373,0.01,0.107,0.042,0.055,0.053,0.007,0.125,0.15,0.134,0.163,0.012,0.037,0.086,0.02,0.012,0.03,0.15,0.165,0.002,0.008,0.046,0.135,0.348,0.033,0.0,0.274,0.076,0.085,0.126,0.081,0.01,0.083,0.02,0.15,0.024,0.04,0.199,0.077,0.057,0.007,0.167,0.034,0.383,0.285,0.31,0.024,0.123,0.004,0.312,0.129,0.285,0.167,0.151,0.034,0.074,0.018,0.327,0.381,0.209,0.041,0.019,0.202,0.311,0.339,0.166,0.28,0.206,0.103,0.185,0.045,0.004,0.098,0.116,0.166,0.119,0.149,0.136,0.035,0.139,0.072,0.034,0.053,0.062,0.188,0.153,0.041,0.289,0.087,0.04,0.142,0.062,0.035,0.133,0.191,0.039,0.31,0.022,0.146,0.008,0.141,0.041,0.09,0.053,0.186,0.03,0.022,0.087,0.014,0.038,0.008,0.024,0.028,0.216,0.202,0.006,0.022,0.362,0.271,0.038,0.048,0.139,0.053,0.013,0.117,0.001,0.219,0.082,0.042,0.019,0.283,0.075,0.178,0.071
21,0.138,0.065,0.122,0.037,0.184,0.131,0.198,0.016,0.063,0.039,0.074,0.07,0.144,0.146,0.056,0.199,0.0,0.002,0.0,0.096,0.078,1.0,0.327,0.002,0.067,0.107,0.015,0.347,0.08,0.039,0.235,0.13,0.481,0.003,0.068,0.299,0.226,0.043,0.194,0.027,0.079,0.221,0.045,0.158,0.059,0.077,0.019,0.272,0.225,0.057,0.051,0.215,0.181,0.061,0.062,0.281,0.024,0.117,0.09,0.08,0.059,0.086,0.326,0.005,0.038,0.143,0.215,0.06,0.147,0.001,0.063,0.101,0.114,0.033,0.251,0.076,0.05,0.003,0.042,0.109,0.017,0.173,0.019,0.095,0.171,0.038,0.067,0.277,0.034,0.356,0.044,0.068,0.224,0.142,0.002,0.079,0.13,0.033,0.126,0.275,0.333,0.056,0.052,0.263,0.032,0.101,0.032,0.264,0.051,0.125,0.078,0.139,0.014,0.178,0.024,0.04,0.218,0.081,0.261,0.241,0.053,0.255,0.114,0.417,0.214,0.065,0.048,0.001,0.004,0.401,0.101,0.126,0.159,0.078,0.071,0.173,0.165,0.386,0.081,0.049,0.021,0.176,0.046,0.252,0.05,0.112,0.079,0.167,0.064,0.099,0.2,0.126,0.062,0.163,0.077,0.148,0.09,0.085,0.056,0.11,0.282,0.039,0.212,0.057,0.086,0.014,0.363,0.004,0.055,0.072,0.015,0.076,0.039,0.125,0.192,0.054,0.011,0.16,0.008,0.01,0.287,0.068,0.279,0.202,0.148,0.127,0.003,0.051,0.04,0.017,0.115,0.075,0.268,0.107,0.09,0.273,0.141,0.029,0.246,0.129
22,0.361,0.007,0.017,0.004,0.146,0.077,0.132,0.057,0.085,0.213,0.169,0.133,0.581,0.568,0.035,0.117,0.001,0.055,0.371,0.062,0.289,0.327,1.0,0.071,0.023,0.054,0.159,0.121,0.131,0.043,0.011,0.183,0.021,0.032,0.169,0.427,0.006,0.331,0.194,0.115,0.015,0.237,0.18,0.081,0.219,0.068,0.133,0.149,0.034,0.258,0.342,0.099,0.01,0.057,0.005,0.106,0.062,0.037,0.489,0.023,0.04,0.028,0.032,0.133,0.001,0.093,0.071,0.062,0.197,0.002,0.044,0.04,0.068,0.011,0.035,0.196,0.052,0.339,0.052,0.167,0.197,0.083,0.098,0.001,0.187,0.039,0.056,0.139,0.018,0.004,0.047,0.002,0.069,0.003,0.139,0.217,0.2,0.148,0.195,0.127,0.15,0.072,0.186,0.11,0.124,0.044,0.183,0.045,0.051,0.058,0.399,0.018,0.078,0.023,0.057,0.132,0.211,0.384,0.107,0.04,0.076,0.143,0.194,0.089,0.066,0.215,0.035,0.07,0.188,0.063,0.096,0.05,0.005,0.132,0.014,0.023,0.147,0.019,0.169,0.261,0.013,0.017,0.328,0.032,0.043,0.166,0.138,0.183,0.11,0.034,0.022,0.036,0.068,0.006,0.042,0.131,0.066,0.151,0.039,0.161,0.267,0.118,0.184,0.233,0.143,0.12,0.154,0.389,0.018,0.051,0.133,0.444,0.069,0.25,0.033,0.086,0.139,0.146,0.022,0.049,0.121,0.066,0.152,0.075,0.235,0.003,0.123,0.338,0.138,0.112,0.083,0.001,0.302,0.155,0.024,0.126,0.115,0.007,0.094,0.007
23,0.01,0.066,0.077,0.074,0.385,0.074,0.013,0.03,0.019,0.185,0.182,0.058,0.028,0.049,0.312,0.387,0.051,0.388,0.044,0.353,0.043,0.002,0.071,1.0,0.156,0.165,0.178,0.087,0.184,0.442,0.03,0.1,0.267,0.04,0.132,0.03,0.032,0.053,0.18,0.101,0.162,0.168,0.099,0.281,0.331,0.103,0.056,0.265,0.089,0.066,0.07,0.147,0.09,0.015,0.03,0.128,0.093,0.204,0.096,0.178,0.276,0.045,0.167,0.002,0.122,0.073,0.222,0.075,0.165,0.025,0.118,0.126,0.184,0.12,0.076,0.078,0.284,0.026,0.204,0.035,0.227,0.018,0.233,0.032,0.194,0.406,0.081,0.276,0.1,0.047,0.193,0.193,0.14,0.022,0.067,0.087,0.049,0.076,0.162,0.276,0.16,0.012,0.073,0.303,0.076,0.163,0.082,0.05,0.292,0.008,0.047,0.06,0.14,0.198,0.107,0.125,0.302,0.047,0.275,0.057,0.09,0.041,0.086,0.016,0.225,0.284,0.453,0.048,0.009,0.122,0.006,0.051,0.082,0.051,0.006,0.139,0.025,0.11,0.078,0.065,0.723,0.217,0.228,0.072,0.288,0.081,0.191,0.053,0.084,0.141,0.122,0.32,0.091,0.09,0.177,0.038,0.084,0.156,0.218,0.094,0.001,0.088,0.114,0.026,0.019,0.343,0.174,0.033,0.058,0.137,0.0,0.051,0.012,0.084,0.087,0.112,0.335,0.118,0.019,0.146,0.301,0.065,0.282,0.211,0.146,0.171,0.003,0.229,0.015,0.331,0.085,0.201,0.0,0.048,0.046,0.254,0.009,0.026,0.304,0.027
24,0.129,0.181,0.032,0.013,0.088,0.031,0.274,0.215,0.024,0.031,0.067,0.053,0.077,0.081,0.076,0.081,0.089,0.131,0.003,0.099,0.021,0.067,0.023,0.156,1.0,0.022,0.005,0.012,0.014,0.086,0.483,0.004,0.126,0.038,0.137,0.219,0.499,0.195,0.049,0.088,0.163,0.122,0.078,0.043,0.298,0.015,0.184,0.191,0.158,0.1,0.158,0.22,0.491,0.105,0.176,0.17,0.141,0.414,0.23,0.144,0.055,0.306,0.004,0.022,0.129,0.089,0.302,0.022,0.17,0.02,0.006,0.029,0.192,0.29,0.18,0.04,0.031,0.033,0.044,0.05,0.015,0.103,0.093,0.189,0.048,0.063,0.017,0.01,0.33,0.233,0.036,0.071,0.187,0.018,0.027,0.047,0.026,0.009,0.196,0.197,0.047,0.098,0.096,0.187,0.171,0.033,0.01,0.262,0.061,0.249,0.193,0.07,0.039,0.436,0.156,0.216,0.08,0.215,0.091,0.288,0.001,0.198,0.004,0.185,0.331,0.308,0.099,0.156,0.205,0.227,0.072,0.053,0.465,0.139,0.033,0.148,0.052,0.245,0.038,0.104,0.234,0.455,0.028,0.163,0.054,0.0,0.347,0.137,0.162,0.025,0.186,0.171,0.065,0.479,0.085,0.059,0.249,0.073,0.055,0.0,0.149,0.104,0.047,0.084,0.03,0.088,0.05,0.093,0.349,0.002,0.274,0.088,0.107,0.004,0.007,0.056,0.081,0.177,0.133,0.034,0.147,0.015,0.181,0.314,0.109,0.076,0.019,0.032,0.079,0.129,0.03,0.057,0.137,0.023,0.346,0.177,0.208,0.169,0.018,0.013
25,0.123,0.067,0.0,0.025,0.052,0.13,0.129,0.066,0.003,0.102,0.436,0.007,0.236,0.272,0.011,0.046,0.009,0.365,0.261,0.186,0.056,0.107,0.054,0.165,0.022,1.0,0.251,0.182,0.188,0.127,0.066,0.044,0.0,0.071,0.051,0.067,0.052,0.004,0.073,0.17,0.023,0.163,0.136,0.013,0.141,0.003,0.015,0.007,0.151,0.008,0.005,0.139,0.007,0.047,0.193,0.124,0.239,0.096,0.089,0.04,0.034,0.082,0.005,0.337,0.201,0.202,0.37,0.001,0.063,0.241,0.055,0.106,0.11,0.289,0.134,0.05,0.086,0.026,0.348,0.064,0.221,0.134,0.014,0.155,0.059,0.08,0.003,0.042,0.315,0.253,0.364,0.521,0.15,0.215,0.101,0.051,0.264,0.139,0.066,0.004,0.092,0.054,0.153,0.194,0.017,0.09,0.137,0.141,0.03,0.01,0.073,0.046,0.197,0.123,0.253,0.1,0.041,0.069,0.095,0.133,0.136,0.139,0.051,0.025,0.351,0.15,0.144,0.033,0.013,0.054,0.281,0.153,0.009,0.08,0.143,0.255,0.277,0.038,0.05,0.01,0.005,0.132,0.43,0.165,0.028,0.237,0.189,0.608,0.107,0.096,0.244,0.24,0.058,0.006,0.164,0.268,0.052,0.01,0.35,0.224,0.051,0.187,0.315,0.191,0.224,0.037,0.086,0.049,0.144,0.059,0.206,0.01,0.04,0.124,0.132,0.046,0.033,0.183,0.381,0.129,0.202,0.003,0.007,0.333,0.096,0.198,0.333,0.406,0.374,0.27,0.168,0.52,0.041,0.277,0.433,0.009,0.064,0.045,0.024,0.251
26,0.128,0.114,0.041,0.259,0.147,0.078,0.18,0.32,0.127,0.225,0.148,0.106,0.048,0.046,0.087,0.165,0.015,0.352,0.283,0.076,0.049,0.015,0.159,0.178,0.005,0.251,1.0,0.157,0.138,0.158,0.219,0.012,0.014,0.004,0.204,0.176,0.208,0.073,0.002,0.177,0.269,0.244,0.024,0.13,0.029,0.032,0.068,0.291,0.02,0.096,0.069,0.289,0.103,0.145,0.26,0.105,0.054,0.13,0.072,0.257,0.071,0.05,0.071,0.057,0.004,0.117,0.126,0.046,0.016,0.158,0.025,0.025,0.341,0.042,0.027,0.048,0.164,0.104,0.163,0.01,0.019,0.085,0.134,0.24,0.004,0.253,0.029,0.201,0.042,0.065,0.152,0.175,0.187,0.129,0.051,0.051,0.14,0.159,0.015,0.279,0.263,0.167,0.04,0.12,0.071,0.023,0.155,0.243,0.073,0.197,0.302,0.111,0.081,0.008,0.048,0.297,0.013,0.313,0.349,0.223,0.082,0.184,0.016,0.002,0.124,0.03,0.148,0.039,0.017,0.138,0.168,0.319,0.111,0.033,0.095,0.153,0.086,0.029,0.05,0.113,0.224,0.004,0.071,0.025,0.069,0.106,0.113,0.264,0.137,0.019,0.168,0.15,0.179,0.114,0.034,0.075,0.001,0.032,0.161,0.107,0.211,0.17,0.112,0.037,0.06,0.091,0.286,0.139,0.117,0.035,0.041,0.024,0.133,0.065,0.189,0.204,0.086,0.333,0.172,0.049,0.136,0.036,0.286,0.087,0.201,0.248,0.035,0.078,0.071,0.068,0.107,0.188,0.217,0.113,0.034,0.275,0.295,0.228,0.196,0.126
27,0.394,0.01,0.011,0.003,0.161,0.082,0.177,0.084,0.092,0.175,0.152,0.156,0.573,0.594,0.039,0.148,0.0,0.055,0.346,0.055,0.298,0.347,0.121,0.087,0.012,0.182,0.157,1.0,0.137,0.044,0.016,0.176,0.027,0.04,0.172,0.39,0.011,0.323,0.172,0.099,0.025,0.234,0.192,0.072,0.195,0.052,0.143,0.153,0.032,0.223,0.355,0.111,0.007,0.084,0.004,0.125,0.064,0.039,0.429,0.022,0.065,0.019,0.03,0.123,0.002,0.115,0.068,0.059,0.191,0.003,0.052,0.037,0.074,0.014,0.023,0.184,0.053,0.325,0.042,0.166,0.198,0.086,0.091,0.001,0.171,0.04,0.062,0.123,0.022,0.003,0.057,0.006,0.061,0.01,0.125,0.177,0.173,0.162,0.145,0.148,0.162,0.067,0.214,0.125,0.128,0.041,0.158,0.028,0.044,0.062,0.375,0.016,0.078,0.022,0.053,0.142,0.196,0.385,0.107,0.04,0.084,0.136,0.196,0.094,0.08,0.204,0.04,0.063,0.195,0.062,0.099,0.046,0.009,0.132,0.011,0.02,0.137,0.019,0.182,0.249,0.011,0.011,0.339,0.035,0.047,0.175,0.13,0.191,0.096,0.048,0.027,0.041,0.076,0.006,0.065,0.145,0.066,0.148,0.061,0.154,0.307,0.109,0.221,0.263,0.166,0.106,0.151,0.422,0.013,0.035,0.156,0.444,0.078,0.224,0.032,0.069,0.108,0.152,0.022,0.032,0.131,0.067,0.144,0.067,0.259,0.008,0.115,0.349,0.154,0.109,0.092,0.0,0.292,0.165,0.021,0.148,0.124,0.013,0.101,0.008
28,0.134,0.393,0.589,0.141,0.072,0.244,0.226,0.029,0.112,0.184,0.05,0.005,0.093,0.098,0.331,0.086,0.051,0.02,0.254,0.071,0.048,0.08,0.131,0.184,0.014,0.188,0.138,0.137,1.0,0.239,0.277,0.061,0.153,0.125,0.167,0.154,0.284,0.007,0.13,0.122,0.325,0.004,0.059,0.03,0.13,0.312,0.055,0.473,0.23,0.316,0.014,0.185,0.08,0.019,0.263,0.162,0.0,0.13,0.163,0.309,0.137,0.298,0.057,0.107,0.003,0.046,0.029,0.342,0.05,0.074,0.47,0.097,0.188,0.132,0.217,0.109,0.084,0.044,0.089,0.097,0.044,0.121,0.352,0.198,0.109,0.076,0.337,0.056,0.126,0.006,0.096,0.011,0.057,0.02,0.067,0.107,0.158,0.147,0.038,0.458,0.476,0.017,0.047,0.239,0.049,0.091,0.146,0.008,0.17,0.113,0.173,0.011,0.137,0.045,0.0,0.063,0.047,0.172,0.049,0.007,0.13,0.076,0.058,0.084,0.034,0.147,0.254,0.09,0.064,0.35,0.049,0.321,0.07,0.028,0.167,0.148,0.162,0.475,0.118,0.316,0.222,0.069,0.016,0.231,0.169,0.02,0.32,0.006,0.037,0.119,0.118,0.02,0.338,0.084,0.13,0.175,0.018,0.063,0.081,0.023,0.14,0.095,0.041,0.13,0.02,0.068,0.469,0.064,0.174,0.449,0.095,0.038,0.018,0.345,0.039,0.346,0.076,0.027,0.023,0.086,0.236,0.334,0.468,0.029,0.027,0.162,0.084,0.021,0.156,0.033,0.057,0.012,0.146,0.142,0.006,0.475,0.162,0.104,0.016,0.014
29,0.137,0.292,0.057,0.327,0.056,0.442,0.111,0.037,0.062,0.118,0.146,0.281,0.059,0.048,0.125,0.063,0.054,0.199,0.075,0.134,0.042,0.039,0.043,0.442,0.086,0.127,0.158,0.044,0.239,1.0,0.011,0.205,0.143,0.149,0.114,0.105,0.004,0.022,0.054,0.026,0.048,0.307,0.127,0.096,0.056,0.073,0.084,0.05,0.099,0.198,0.011,0.078,0.034,0.107,0.182,0.322,0.112,0.004,0.066,0.055,0.075,0.053,0.4,0.022,0.069,0.194,0.093,0.07,0.237,0.195,0.072,0.172,0.024,0.113,0.099,0.103,0.197,0.168,0.351,0.021,0.082,0.038,0.115,0.169,0.05,0.005,0.077,0.454,0.116,0.101,0.367,0.347,0.172,0.063,0.165,0.092,0.014,0.249,0.257,0.057,0.066,0.126,0.128,0.028,0.086,0.177,0.258,0.05,0.079,0.009,0.2,0.048,0.009,0.084,0.119,0.125,0.094,0.201,0.131,0.043,0.192,0.117,0.184,0.166,0.085,0.053,0.01,0.011,0.152,0.08,0.098,0.001,0.034,0.038,0.239,0.084,0.041,0.121,0.11,0.173,0.085,0.076,0.114,0.121,0.096,0.045,0.024,0.307,0.033,0.155,0.084,0.343,0.071,0.043,0.08,0.031,0.038,0.255,0.376,0.052,0.365,0.023,0.071,0.082,0.305,0.144,0.078,0.041,0.082,0.064,0.029,0.209,0.094,0.031,0.273,0.077,0.139,0.204,0.028,0.109,0.025,0.067,0.06,0.064,0.047,0.031,0.022,0.107,0.148,0.022,0.017,0.357,0.384,0.013,0.057,0.058,0.227,0.099,0.071,0.072
30,0.174,0.146,0.131,0.12,0.147,0.049,0.074,0.171,0.199,0.043,0.015,0.062,0.048,0.049,0.059,0.135,0.119,0.146,0.113,0.04,0.064,0.235,0.011,0.03,0.483,0.066,0.219,0.016,0.277,0.011,1.0,0.034,0.218,0.054,0.023,0.042,0.054,0.009,0.218,0.208,0.075,0.141,0.063,0.105,0.056,0.335,0.005,0.125,0.107,0.165,0.019,0.272,0.151,0.366,0.024,0.264,0.054,0.024,0.136,0.07,0.011,0.161,0.165,0.049,0.023,0.189,0.285,0.32,0.004,0.121,0.51,0.155,0.023,0.104,0.119,0.029,0.082,0.21,0.02,0.133,0.027,0.039,0.239,0.046,0.216,0.006,0.318,0.128,0.115,0.093,0.025,0.034,0.049,0.094,0.167,0.032,0.019,0.201,0.001,0.144,0.061,0.381,0.074,0.026,0.01,0.175,0.206,0.255,0.018,0.099,0.089,0.134,0.044,0.023,0.078,0.153,0.14,0.097,0.049,0.247,0.035,0.139,0.038,0.068,0.284,0.042,0.021,0.143,0.002,0.253,0.024,0.085,0.153,0.014,0.395,0.354,0.319,0.254,0.02,0.183,0.005,0.032,0.222,0.11,0.018,0.329,0.111,0.048,0.219,0.174,0.384,0.008,0.239,0.167,0.243,0.348,0.031,0.059,0.018,0.347,0.001,0.215,0.277,0.219,0.077,0.006,0.049,0.051,0.024,0.494,0.053,0.003,0.368,0.216,0.043,0.231,0.004,0.2,0.154,0.017,0.028,0.343,0.119,0.28,0.161,0.01,0.037,0.258,0.017,0.13,0.039,0.023,0.002,0.017,0.049,0.14,0.021,0.034,0.31,0.099
31,0.365,0.209,0.013,0.032,0.314,0.106,0.059,0.021,0.012,0.047,0.075,0.0,0.014,0.002,0.027,0.318,0.019,0.216,0.067,0.105,0.011,0.13,0.183,0.1,0.004,0.044,0.012,0.176,0.061,0.205,0.034,1.0,0.076,0.003,0.014,0.36,0.101,0.08,0.017,0.037,0.161,0.002,0.195,0.018,0.274,0.061,0.094,0.237,0.032,0.121,0.072,0.184,0.068,0.005,0.415,0.191,0.054,0.499,0.049,0.133,0.193,0.06,0.169,0.182,0.194,0.141,0.166,0.085,0.007,0.035,0.043,0.164,0.058,0.276,0.033,0.18,0.074,0.125,0.268,0.221,0.103,0.263,0.005,0.161,0.022,0.042,0.074,0.078,0.266,0.223,0.253,0.27,0.161,0.009,0.052,0.172,0.039,0.066,0.009,0.199,0.298,0.001,0.186,0.211,0.074,0.183,0.055,0.14,0.204,0.036,0.063,0.05,0.038,0.02,0.03,0.015,0.285,0.051,0.123,0.109,0.059,0.299,0.04,0.11,0.172,0.283,0.439,0.041,0.011,0.281,0.042,0.0,0.052,0.119,0.11,0.082,0.23,0.183,0.17,0.125,0.1,0.016,0.07,0.031,0.193,0.108,0.283,0.204,0.038,0.179,0.095,0.197,0.217,0.062,0.047,0.261,0.081,0.01,0.229,0.106,0.267,0.029,0.022,0.243,0.057,0.028,0.311,0.202,0.301,0.044,0.279,0.202,0.005,0.069,0.126,0.172,0.048,0.103,0.148,0.045,0.248,0.062,0.197,0.147,0.083,0.091,0.214,0.078,0.447,0.045,0.007,0.265,0.261,0.036,0.152,0.21,0.114,0.099,0.079,0.022
32,0.172,0.042,0.186,0.38,0.039,0.009,0.089,0.259,0.147,0.0,0.019,0.09,0.078,0.066,0.054,0.05,0.013,0.007,0.051,0.069,0.195,0.481,0.021,0.267,0.126,0.0,0.014,0.027,0.153,0.143,0.218,0.076,1.0,0.025,0.123,0.084,0.027,0.349,0.008,0.09,0.059,0.078,0.037,0.019,0.092,0.04,0.021,0.169,0.113,0.012,0.391,0.06,0.03,0.206,0.115,0.186,0.232,0.027,0.106,0.079,0.009,0.118,0.022,0.146,0.076,0.131,0.11,0.041,0.004,0.175,0.044,0.174,0.05,0.287,0.109,0.1,0.086,0.035,0.039,0.085,0.152,0.004,0.278,0.057,0.015,0.282,0.049,0.119,0.271,0.053,0.035,0.085,0.015,0.022,0.031,0.096,0.118,0.094,0.002,0.133,0.019,0.214,0.034,0.092,0.015,0.192,0.078,0.086,0.007,0.013,0.044,0.083,0.444,0.074,0.218,0.043,0.225,0.043,0.219,0.099,0.105,0.218,0.251,0.023,0.105,0.096,0.16,0.056,0.139,0.027,0.101,0.247,0.028,0.221,0.045,0.003,0.189,0.129,0.103,0.01,0.312,0.085,0.012,0.1,0.01,0.262,0.374,0.11,0.04,0.178,0.007,0.142,0.014,0.023,0.089,0.199,0.002,0.039,0.048,0.257,0.058,0.086,0.104,0.043,0.009,0.021,0.028,0.039,0.295,0.052,0.024,0.005,0.212,0.03,0.348,0.013,0.014,0.219,0.433,0.11,0.086,0.038,0.139,0.108,0.244,0.074,0.148,0.003,0.044,0.585,0.052,0.088,0.062,0.078,0.231,0.132,0.091,0.013,0.059,0.021
