,0,1,2,3,4,5,6,7,8,9,10,11,12,13,14,15,16,17,18,19,20,21,22,23,24,25,26,27,28,29,30,31,32,33,34,35,36,37,38,39,40,41,42,43,44,45,46,47,48,49,50,51,52,53,54,55,56,57,58,59,60,61,62,63,64,65,66,67,68,69,70,71,72,73,74,75,76,77,78,79,80,81,82,83,84,85,86,87,88,89,90,91,92,93,94,95,96,97,98,99,100,101,102,103,104,105,106,107,108,109,110,111,112,113,114,115,116,117,118,119,120,121,122,123,124,125,126,127,128,129,130,131,132,133,134,135,136,137,138,139,140,141,142,143,144,145,146,147,148,149,150,151,152,153,154,155,156,157,158,159,160,161,162,163,164,165,166,167,168,169,170,171,172,173,174,175,176,177,178,179,180,181,182,183,184,185,186,187,188,189,190,191,192,193,194,195,196,197,198,199
0,1.0,0.017,0.302,0.184,0.006,0.232,0.807,0.128,0.334,0.414,0.405,0.571,0.051,0.049,0.254,0.004,0.107,0.06,0.3,0.127,0.149,0.024,0.011,0.052,0.371,0.431,0.112,0.01,0.139,0.215,0.222,0.076,0.236,0.515,0.045,0.06,0.238,0.425,0.148,0.017,0.368,0.72,0.03,0.024,0.256,0.29,0.266,0.128,0.152,0.592,0.416,0.467,0.088,0.09,0.301,0.009,0.153,0.164,0.16,0.346,0.082,0.566,0.045,0.234,0.139,0.031,0.203,0.311,0.001,0.528,0.087,0.412,0.09,0.157,0.143,0.102,0.523,0.311,0.062,0.215,0.09,0.06,0.048,0.111,0.16,0.141,0.268,0.076,0.138,0.213,0.071,0.045,0.139,0.692,0.763,0.094,0.33,0.745,0.001,0.124,0.014,0.087,0.027,0.232,0.27,0.41,0.751,0.015,0.06,0.223,0.137,0.063,0.146,0.076,0.156,0.329,0.418,0.149,0.921,0.019,0.617,0.533,0.071,0.195,0.222,0.264,0.205,0.171,0.162,0.144,0.129,0.495,0.096,0.108,0.706,0.512,0.165,0.658,0.101,0.568,0.094,0.06,0.139,0.164,0.085,0.0,0.495,0.201,0.12,0.402,0.534,0.395,0.01,0.103,0.073,0.183,0.016,0.407,0.069,0.001,0.029,0.01,0.152,0.433,0.088,0.281,0.019,0.359,0.147,0.083,0.067,0.346,0.079,0.571,0.31,0.013,0.256,0.022,0.144,0.865,0.239,0.29,0.14,0.214,0.441,0.508,0.215,0.145,0.309,0.05,0.473,0.047,0.038,0.299,0.136,0.121,0.295,0.067,0.071,0.707
1,0.017,1.0,0.58,0.386,0.128,0.246,0.347,0.043,0.591,0.517,0.426,0.082,0.681,0.677,0.182,0.111,0.188,0.234,0.05,0.159,0.014,0.21,0.058,0.203,0.16,0.495,0.196,0.062,0.314,0.532,0.36,0.009,0.449,0.086,0.055,0.179,0.403,0.456,0.302,0.073,0.134,0.294,0.302,0.051,0.103,0.063,0.227,0.032,0.23,0.053,0.431,0.033,0.566,0.167,0.063,0.621,0.391,0.33,0.365,0.149,0.475,0.446,0.558,0.524,0.433,0.82,0.352,0.077,0.083,0.267,0.431,0.479,0.535,0.232,0.2,0.194,0.266,0.23,0.1,0.224,0.513,0.547,0.001,0.001,0.297,0.072,0.069,0.668,0.255,0.279,0.103,0.085,0.172,0.027,0.119,0.189,0.597,0.015,0.093,0.021,0.239,0.157,0.268,0.432,0.207,0.492,0.016,0.817,0.501,0.086,0.011,0.233,0.066,0.286,0.375,0.012,0.058,0.007,0.054,0.826,0.106,0.095,0.008,0.075,0.354,0.109,0.564,0.385,0.535,0.766,0.257,0.32,0.586,0.126,0.227,0.357,0.363,0.015,0.19,0.055,0.887,0.249,0.056,0.203,0.511,0.132,0.125,0.02,0.494,0.492,0.364,0.032,0.824,0.591,0.523,0.356,0.148,0.644,0.099,0.128,0.414,0.056,0.194,0.04,0.776,0.08,0.248,0.598,0.867,0.442,0.417,0.073,0.157,0.254,0.67,0.802,0.098,0.564,0.259,0.119,0.378,0.093,0.027,0.345,0.13,0.431,0.525,0.051,0.029,0.283,0.169,0.099,0.416,0.577,0.225,0.026,0.522,0.489,0.448,0.024
2,0.302,0.58,1.0,0.45,0.204,0.25,0.607,0.15,0.577,0.335,0.184,0.166,0.556,0.516,0.008,0.19,0.032,0.047,0.019,0.102,0.111,0.183,0.185,0.069,0.181,0.326,0.139,0.185,0.402,0.294,0.223,0.007,0.509,0.158,0.188,0.18,0.239,0.183,0.15,0.028,0.203,0.483,0.209,0.169,0.352,0.199,0.124,0.067,0.078,0.203,0.179,0.151,0.367,0.336,0.015,0.143,0.077,0.534,0.343,0.176,0.561,0.858,0.281,0.221,0.413,0.445,0.18,0.198,0.138,0.629,0.226,0.348,0.676,0.336,0.078,0.038,0.48,0.695,0.127,0.25,0.69,0.261,0.017,0.008,0.161,0.156,0.191,0.158,0.349,0.25,0.1,0.083,0.401,0.233,0.453,0.045,0.567,0.303,0.129,0.06,0.149,0.292,0.195,0.812,0.15,0.366,0.296,0.354,0.591,0.246,0.09,0.103,0.183,0.309,0.069,0.1,0.32,0.088,0.452,0.351,0.157,0.313,0.004,0.106,0.198,0.394,0.297,0.257,0.596,0.194,0.008,0.706,0.365,0.442,0.455,0.802,0.396,0.203,0.043,0.197,0.411,0.303,0.128,0.073,0.579,0.186,0.226,0.189,0.552,0.312,0.779,0.165,0.165,0.35,0.393,0.433,0.237,0.832,0.12,0.186,0.224,0.032,0.361,0.285,0.546,0.24,0.153,0.633,0.381,0.237,0.353,0.373,0.304,0.399,0.473,0.167,0.242,0.089,0.008,0.51,0.827,0.162,0.083,0.191,0.444,0.332,0.216,0.152,0.067,0.289,0.132,0.06,0.23,0.524,0.34,0.071,0.604,0.582,0.126,0.234
3,0.184,0.386,0.45,1.0,0.23,0.854,0.218,0.277,0.28,0.359,0.695,0.002,0.476,0.507,0.303,0.239,0.004,0.37,0.471,0.864,0.051,0.252,0.133,0.367,0.069,0.358,0.021,0.169,0.452,0.048,0.539,0.002,0.33,0.445,0.661,0.037,0.558,0.692,0.064,0.274,0.082,0.357,0.644,0.194,0.405,0.45,0.122,0.256,0.17,0.352,0.703,0.36,0.279,0.279,0.462,0.357,0.588,0.598,0.263,0.061,0.27,0.425,0.068,0.047,0.225,0.483,0.336,0.427,0.184,0.425,0.182,0.37,0.327,0.327,0.14,0.006,0.77,0.458,0.497,0.836,0.4,0.09,0.32,0.014,0.055,0.238,0.404,0.619,0.353,0.179,0.488,0.577,0.211,0.083,0.405,0.01,0.284,0.242,0.189,0.262,0.067,0.29,0.648,0.542,0.127,0.363,0.246,0.516,0.304,0.058,0.043,0.075,0.334,0.227,0.607,0.32,0.107,0.051,0.239,0.499,0.003,0.031,0.005,0.073,0.369,0.451,0.032,0.672,0.583,0.3,0.253,0.275,0.259,0.454,0.14,0.666,0.963,0.133,0.011,0.341,0.555,0.213,0.25,0.153,0.269,0.261,0.054,0.063,0.167,0.349,0.684,0.389,0.155,0.243,0.499,0.973,0.329,0.379,0.505,0.224,0.469,0.313,0.395,0.206,0.328,0.289,0.055,0.306,0.52,0.184,0.483,0.101,0.262,0.737,0.502,0.197,0.264,0.363,0.329,0.314,0.578,0.439,0.274,0.363,0.643,0.354,0.054,0.274,0.122,0.459,0.486,0.567,0.5,0.306,0.368,0.261,0.053,0.685,0.762,0.072
4,0.006,0.128,0.204,0.23,1.0,0.021,0.295,0.138,0.212,0.225,0.019,0.199,0.523,0.514,0.196,0.097,0.267,0.064,0.018,0.006,0.31,0.138,0.251,0.038,0.233,0.215,0.349,0.239,0.192,0.233,0.225,0.03,0.402,0.068,0.073,0.31,0.196,0.021,0.329,0.003,0.246,0.144,0.017,0.195,0.316,0.072,0.247,0.08,0.094,0.133,0.029,0.033,0.531,0.39,0.017,0.141,0.027,0.42,0.285,0.206,0.603,0.388,0.492,0.203,0.425,0.311,0.027,0.096,0.233,0.34,0.065,0.212,0.663,0.264,0.084,0.272,0.075,0.621,0.057,0.02,0.647,0.46,0.067,0.102,0.325,0.171,0.099,0.162,0.26,0.22,0.061,0.024,0.496,0.232,0.069,0.297,0.208,0.091,0.2,0.088,0.206,0.409,0.014,0.609,0.277,0.218,0.081,0.305,0.632,0.287,0.287,0.253,0.121,0.471,0.029,0.029,0.123,0.285,0.179,0.278,0.215,0.258,0.054,0.162,0.029,0.295,0.274,0.017,0.457,0.374,0.079,0.392,0.515,0.435,0.164,0.352,0.127,0.076,0.276,0.146,0.328,0.488,0.132,0.093,0.598,0.087,0.235,0.322,0.423,0.213,0.336,0.039,0.468,0.49,0.225,0.111,0.316,0.475,0.052,0.096,0.044,0.001,0.278,0.227,0.452,0.069,0.195,0.277,0.299,0.083,0.207,0.551,0.369,0.049,0.293,0.457,0.07,0.145,0.083,0.226,0.58,0.084,0.08,0.028,0.151,0.218,0.205,0.131,0.128,0.082,0.056,0.036,0.04,0.23,0.259,0.098,0.567,0.301,0.045,0.226
5,0.232,0.246,0.25,0.854,0.021,1.0,0.093,0.169,0.255,0.117,0.643,0.072,0.332,0.347,0.358,0.494,0.068,0.682,0.327,0.894,0.33,0.166,0.399,0.601,0.001,0.109,0.207,0.389,0.426,0.058,0.229,0.115,0.312,0.277,0.642,0.034,0.223,0.618,0.001,0.217,0.001,0.237,0.927,0.029,0.195,0.215,0.277,0.21,0.33,0.498,0.611,0.153,0.282,0.074,0.336,0.506,0.781,0.238,0.344,0.001,0.218,0.283,0.162,0.038,0.248,0.525,0.586,0.211,0.023,0.512,0.29,0.118,0.259,0.141,0.357,0.069,0.755,0.296,0.467,0.951,0.306,0.014,0.544,0.084,0.002,0.143,0.176,0.666,0.142,0.24,0.487,0.565,0.197,0.106,0.213,0.06,0.236,0.066,0.024,0.215,0.037,0.051,0.929,0.483,0.295,0.11,0.059,0.584,0.231,0.059,0.36,0.073,0.261,0.113,0.796,0.144,0.099,0.335,0.108,0.592,0.076,0.078,0.105,0.002,0.563,0.198,0.047,0.542,0.297,0.26,0.505,0.316,0.285,0.419,0.077,0.574,0.732,0.03,0.073,0.48,0.495,0.127,0.179,0.335,0.205,0.514,0.078,0.221,0.215,0.117,0.587,0.21,0.212,0.277,0.55,0.709,0.107,0.335,0.496,0.519,0.797,0.198,0.217,0.063,0.367,0.212,0.05,0.251,0.397,0.283,0.51,0.156,0.055,0.666,0.269,0.215,0.224,0.585,0.708,0.149,0.47,0.199,0.216,0.576,0.319,0.142,0.04,0.158,0.034,0.77,0.301,0.581,0.801,0.257,0.17,0.214,0.026,0.627,0.865,0.098
6,0.807,0.347,0.607,0.218,0.295,0.093,1.0,0.01,0.337,0.391,0.224,0.217,0.013,0.01,0.15,0.004,0.033,0.007,0.568,0.251,0.231,0.254,0.009,0.008,0.116,0.379,0.25,0.005,0.027,0.427,0.291,0.299,0.095,0.134,0.351,0.109,0.323,0.251,0.14,0.189,0.097,0.682,0.068,0.141,0.624,0.732,0.498,0.059,0.39,0.436,0.243,0.419,0.003,0.354,0.55,0.048,0.147,0.289,0.052,0.125,0.068,0.345,0.002,0.292,0.025,0.056,0.192,0.73,0.24,0.464,0.208,0.359,0.122,0.177,0.369,0.054,0.39,0.527,0.135,0.259,0.177,0.455,0.099,0.33,0.139,0.004,0.743,0.014,0.172,0.028,0.141,0.183,0.088,0.541,0.446,0.057,0.343,0.478,0.268,0.035,0.179,0.353,0.076,0.28,0.498,0.365,0.473,0.008,0.094,0.156,0.235,0.195,0.033,0.437,0.139,0.715,0.208,0.252,0.512,0.01,0.233,0.566,0.279,0.275,0.214,0.635,0.44,0.033,0.227,0.108,0.228,0.401,0.004,0.224,0.686,0.37,0.293,0.306,0.057,0.414,0.091,0.446,0.013,0.362,0.093,0.0,0.787,0.136,0.083,0.378,0.391,0.685,0.023,0.007,0.021,0.278,0.175,0.228,0.133,0.002,0.033,0.191,0.049,0.622,0.1,0.082,0.156,0.404,0.14,0.205,0.03,0.169,0.378,0.358,0.312,0.029,0.084,0.009,0.086,0.61,0.291,0.75,0.052,0.162,0.544,0.307,0.283,0.016,0.345,0.045,0.15,0.197,0.032,0.347,0.121,0.043,0.542,0.08,0.111,0.496
7,0.128,0.043,0.15,0.277,0.138,0.169,0.01,1.0,0.043,0.074,0.061,0.361,0.44,0.426,0.116,0.198,0.216,0.052,0.216,0.432,0.026,0.555,0.096,0.045,0.51,0.082,0.098,0.108,0.681,0.011,0.205,0.011,0.513,0.21,0.699,0.066,0.197,0.068,0.386,0.57,0.529,0.014,0.312,0.662,0.404,0.304,0.298,0.767,0.156,0.035,0.055,0.216,0.456,0.48,0.205,0.031,0.396,0.566,0.534,0.504,0.576,0.136,0.221,0.107,0.58,0.216,0.213,0.294,0.541,0.089,0.016,0.093,0.561,0.788,0.144,0.239,0.143,0.452,0.738,0.272,0.563,0.271,0.456,0.025,0.413,0.794,0.31,0.119,0.768,0.646,0.703,0.697,0.379,0.166,0.094,0.225,0.043,0.212,0.527,0.774,0.192,0.526,0.305,0.453,0.317,0.087,0.223,0.172,0.607,0.071,0.009,0.324,0.819,0.49,0.354,0.166,0.394,0.016,0.204,0.171,0.358,0.117,0.02,0.007,0.191,0.388,0.018,0.314,0.449,0.046,0.009,0.028,0.461,0.471,0.008,0.203,0.546,0.322,0.23,0.032,0.142,0.485,0.821,0.142,0.599,0.2,0.068,0.136,0.168,0.094,0.217,0.179,0.002,0.453,0.424,0.568,0.659,0.08,0.737,0.196,0.155,0.61,0.857,0.126,0.249,0.656,0.187,0.036,0.103,0.02,0.527,0.046,0.489,0.108,0.132,0.003,0.675,0.052,0.106,0.177,0.453,0.275,0.754,0.225,0.326,0.094,0.105,0.805,0.001,0.161,0.16,0.692,0.196,0.037,0.786,0.773,0.031,0.668,0.207,0.153
8,0.334,0.591,0.577,0.28,0.212,0.255,0.337,0.043,1.0,0.124,0.043,0.223,0.069,0.066,0.036,0.384,0.416,0.445,0.25,0.073,0.49,0.37,0.261,0.475,0.32,0.12,0.149,0.248,0.138,0.628,0.1,0.712,0.218,0.006,0.082,0.261,0.106,0.053,0.39,0.289,0.316,0.136,0.301,0.377,0.425,0.406,0.04,0.069,0.651,0.443,0.03,0.443,0.129,0.404,0.217,0.589,0.143,0.108,0.207,0.329,0.073,0.095,0.119,0.396,0.153,0.386,0.281,0.422,0.463,0.064,0.772,0.125,0.027,0.342,0.66,0.377,0.091,0.148,0.067,0.174,0.021,0.46,0.115,0.722,0.415,0.204,0.433,0.268,0.31,0.193,0.056,0.087,0.037,0.455,0.048,0.398,0.45,0.259,0.446,0.082,0.43,0.417,0.294,0.006,0.033,0.138,0.266,0.322,0.061,0.214,0.461,0.703,0.003,0.334,0.124,0.485,0.204,0.458,0.135,0.331,0.231,0.193,0.708,0.38,0.251,0.42,0.617,0.247,0.018,0.045,0.801,0.106,0.122,0.005,0.223,0.033,0.0,0.269,0.404,0.44,0.262,0.343,0.064,0.67,0.075,0.422,0.44,0.547,0.356,0.141,0.024,0.33,0.382,0.146,0.306,0.002,0.24,0.121,0.07,0.405,0.494,0.267,0.146,0.55,0.401,0.173,0.435,0.364,0.179,0.782,0.241,0.003,0.407,0.076,0.181,0.384,0.2,0.585,0.508,0.155,0.005,0.44,0.085,0.25,0.245,0.038,0.36,0.062,0.259,0.367,0.013,0.086,0.525,0.476,0.295,0.088,0.378,0.124,0.278,0.484
9,0.414,0.517,0.335,0.359,0.225,0.117,0.391,0.074,0.124,1.0,0.721,0.075,0.133,0.143,0.443,0.481,0.226,0.646,0.216,0.581,0.178,0.251,0.48,0.724,0.096,0.423,0.085,0.453,0.229,0.218,0.195,0.169,0.203,0.718,0.31,0.207,0.214,0.701,0.068,0.226,0.075,0.666,0.577,0.001,0.098,0.221,0.047,0.053,0.115,0.274,0.703,0.222,0.042,0.011,0.245,0.491,0.46,0.169,0.072,0.114,0.173,0.617,0.015,0.167,0.086,0.416,0.528,0.193,0.013,0.763,0.399,0.456,0.226,0.184,0.098,0.211,0.761,0.273,0.112,0.615,0.252,0.045,0.325,0.102,0.076,0.035,0.203,0.461,0.174,0.124,0.125,0.165,0.425,0.074,0.767,0.227,0.57,0.236,0.007,0.065,0.165,0.013,0.553,0.432,0.035,0.443,0.216,0.349,0.191,0.437,0.173,0.121,0.047,0.107,0.43,0.17,0.297,0.152,0.27,0.387,0.07,0.122,0.192,0.28,0.544,0.109,0.176,0.459,0.204,0.12,0.193,0.609,0.04,0.533,0.453,0.686,0.582,0.164,0.245,0.264,0.423,0.091,0.03,0.106,0.202,0.49,0.079,0.217,0.295,0.446,0.678,0.427,0.09,0.041,0.304,0.594,0.022,0.466,0.118,0.462,0.449,0.226,0.153,0.047,0.251,0.294,0.153,0.546,0.5,0.411,0.223,0.491,0.014,0.746,0.495,0.1,0.259,0.474,0.344,0.286,0.423,0.19,0.05,0.529,0.308,0.171,0.178,0.03,0.298,0.6,0.681,0.158,0.437,0.567,0.163,0.06,0.23,0.52,0.423,0.094
10,0.405,0.426,0.184,0.695,0.019,0.643,0.224,0.061,0.043,0.721,1.0,0.032,0.459,0.426,0.749,0.144,0.217,0.454,0.625,0.71,0.092,0.285,0.159,0.487,0.002,0.581,0.039,0.185,0.246,0.078,0.667,0.135,0.158,0.469,0.336,0.214,0.691,0.804,0.005,0.454,0.004,0.484,0.356,0.258,0.285,0.499,0.03,0.334,0.031,0.188,0.83,0.314,0.29,0.293,0.636,0.419,0.584,0.525,0.194,0.006,0.091,0.211,0.128,0.066,0.127,0.453,0.431,0.517,0.305,0.322,0.158,0.551,0.119,0.298,0.027,0.213,0.561,0.119,0.334,0.525,0.122,0.228,0.179,0.189,0.011,0.309,0.486,0.619,0.305,0.053,0.362,0.369,0.074,0.046,0.44,0.237,0.252,0.163,0.3,0.376,0.124,0.274,0.361,0.162,0.029,0.538,0.164,0.482,0.089,0.215,0.1,0.291,0.33,0.045,0.61,0.45,0.008,0.091,0.146,0.45,0.028,0.132,0.144,0.315,0.426,0.295,0.055,0.339,0.524,0.542,0.09,0.182,0.288,0.135,0.277,0.267,0.766,0.089,0.228,0.208,0.578,0.039,0.326,0.024,0.092,0.125,0.083,0.06,0.006,0.556,0.266,0.578,0.298,0.305,0.259,0.782,0.418,0.119,0.353,0.14,0.23,0.464,0.337,0.206,0.253,0.144,0.119,0.271,0.647,0.14,0.276,0.277,0.294,0.542,0.636,0.277,0.155,0.477,0.346,0.221,0.168,0.488,0.392,0.47,0.422,0.352,0.067,0.315,0.429,0.242,0.543,0.361,0.209,0.245,0.315,0.328,0.044,0.424,0.577,0.045
11,0.571,0.082,0.166,0.002,0.199,0.072,0.217,0.361,0.223,0.075,0.032,1.0,0.188,0.202,0.137,0.88,0.038,0.565,0.025,0.322,0.342,0.606,0.773,0.624,0.25,0.149,0.312,0.77,0.374,0.237,0.002,0.325,0.361,0.212,0.291,0.421,0.004,0.23,0.276,0.45,0.237,0.329,0.673,0.042,0.044,0.063,0.205,0.165,0.222,0.029,0.215,0.066,0.273,0.027,0.031,0.416,0.523,0.071,0.367,0.21,0.538,0.446,0.359,0.093,0.514,0.51,0.673,0.081,0.03,0.654,0.494,0.141,0.485,0.44,0.21,0.047,0.339,0.169,0.159,0.381,0.521,0.131,0.522,0.311,0.26,0.22,0.077,0.213,0.442,0.533,0.154,0.178,0.579,0.103,0.298,0.047,0.581,0.079,0.031,0.175,0.532,0.01,0.646,0.504,0.202,0.121,0.08,0.413,0.522,0.521,0.335,0.349,0.116,0.21,0.513,0.079,0.291,0.355,0.011,0.417,0.167,0.052,0.34,0.384,0.651,0.029,0.259,0.106,0.107,0.103,0.218,0.603,0.3,0.59,0.236,0.436,0.368,0.142,0.056,0.044,0.397,0.199,0.159,0.202,0.503,0.897,0.082,0.132,0.661,0.156,0.458,0.263,0.124,0.276,0.504,0.374,0.031,0.474,0.176,0.876,0.701,0.448,0.36,0.055,0.492,0.557,0.496,0.569,0.263,0.477,0.375,0.288,0.016,0.271,0.274,0.108,0.588,0.444,0.471,0.011,0.494,0.089,0.156,0.709,0.04,0.002,0.08,0.133,0.292,0.861,0.179,0.177,0.684,0.639,0.405,0.16,0.396,0.716,0.256,0.108
12,0.051,0.681,0.556,0.476,0.523,0.332,0.013,0.44,0.069,0.133,0.459,0.188,1.0,0.767,0.256,0.228,0.111,0.452,0.138,0.417,0.316,0.057,0.045,0.411,0.149,0.377,0.04,0.05,0.722,0.461,0.161,0.127,0.775,0.04,0.172,0.054,0.158,0.281,0.16,0.08,0.143,0.053,0.474,0.058,0.013,0.001,0.068,0.268,0.657,0.18,0.231,0.007,0.7,0.069,0.157,0.662,0.452,0.232,0.693,0.145,0.276,0.208,0.249,0.311,0.527,0.806,0.154,0.0,0.034,0.01,0.548,0.341,0.28,0.308,0.673,0.113,0.096,0.048,0.546,0.32,0.214,0.219,0.351,0.075,0.118,0.309,0.002,0.666,0.333,0.462,0.545,0.494,0.017,0.259,0.048,0.116,0.379,0.076,0.041,0.285,0.022,0.067,0.495,0.111,0.093,0.382,0.087,0.767,0.27,0.047,0.294,0.361,0.458,0.044,0.454,0.018,0.318,0.32,0.101,0.783,0.28,0.352,0.138,0.037,0.14,0.016,0.463,0.323,0.346,0.281,0.448,0.049,0.663,0.009,0.134,0.074,0.324,0.101,0.097,0.181,0.692,0.063,0.347,0.652,0.271,0.203,0.324,0.12,0.361,0.364,0.077,0.004,0.547,0.684,0.836,0.31,0.112,0.258,0.561,0.208,0.442,0.085,0.472,0.096,0.85,0.426,0.024,0.324,0.571,0.556,0.799,0.091,0.062,0.078,0.502,0.543,0.426,0.645,0.569,0.064,0.106,0.0,0.277,0.138,0.025,0.09,0.308,0.296,0.03,0.285,0.089,0.516,0.444,0.369,0.354,0.284,0.268,0.547,0.585,0.267
13,0.049,0.677,0.516,0.507,0.514,0.347,0.01,0.426,0.066,0.143,0.426,0.202,0.767,1.0,0.263,0.213,0.11,0.442,0.137,0.428,0.284,0.04,0.057,0.401,0.125,0.398,0.038,0.051,0.704,0.474,0.152,0.147,0.815,0.053,0.172,0.054,0.141,0.263,0.125,0.06,0.15,0.054,0.504,0.047,0.019,0.001,0.108,0.29,0.674,0.197,0.237,0.008,0.662,0.075,0.152,0.671,0.468,0.248,0.687,0.162,0.298,0.213,0.236,0.318,0.522,0.817,0.153,0.0,0.033,0.018,0.491,0.36,0.277,0.298,0.657,0.104,0.089,0.053,0.549,0.335,0.224,0.205,0.387,0.097,0.126,0.304,0.0,0.675,0.318,0.431,0.55,0.528,0.021,0.276,0.053,0.099,0.368,0.082,0.033,0.285,0.027,0.067,0.487,0.124,0.08,0.368,0.085,0.779,0.307,0.043,0.31,0.366,0.454,0.062,0.461,0.028,0.306,0.316,0.092,0.775,0.305,0.36,0.114,0.05,0.146,0.025,0.473,0.327,0.347,0.316,0.454,0.04,0.684,0.003,0.11,0.07,0.304,0.117,0.092,0.18,0.717,0.061,0.351,0.638,0.275,0.229,0.37,0.141,0.375,0.394,0.071,0.003,0.568,0.701,0.823,0.319,0.13,0.26,0.529,0.225,0.431,0.075,0.473,0.105,0.837,0.438,0.032,0.339,0.614,0.505,0.803,0.108,0.074,0.1,0.514,0.546,0.45,0.679,0.59,0.059,0.123,0.0,0.29,0.138,0.02,0.101,0.317,0.339,0.039,0.259,0.082,0.505,0.47,0.398,0.394,0.267,0.285,0.566,0.604,0.3
14,0.254,0.182,0.008,0.303,0.196,0.358,0.15,0.116,0.036,0.443,0.749,0.137,0.256,0.263,1.0,0.062,0.322,0.033,0.499,0.466,0.017,0.57,0.036,0.014,0.261,0.002,0.133,0.041,0.4,0.221,0.204,0.155,0.224,0.038,0.808,0.214,0.187,0.083,0.266,0.737,0.24,0.151,0.232,0.706,0.443,0.539,0.575,0.798,0.276,0.02,0.064,0.147,0.236,0.489,0.5,0.005,0.382,0.414,0.296,0.24,0.348,0.0,0.131,0.362,0.255,0.034,0.337,0.504,0.651,0.112,0.064,0.004,0.295,0.496,0.254,0.301,0.092,0.32,0.767,0.25,0.346,0.424,0.367,0.111,0.266,0.651,0.543,0.069,0.505,0.341,0.756,0.762,0.146,0.005,0.006,0.323,0.045,0.022,0.662,0.782,0.355,0.527,0.203,0.25,0.575,0.001,0.021,0.039,0.323,0.004,0.013,0.263,0.775,0.564,0.385,0.455,0.316,0.018,0.019,0.063,0.136,0.404,0.16,0.097,0.342,0.436,0.239,0.234,0.268,0.05,0.071,0.085,0.252,0.347,0.24,0.052,0.441,0.069,0.315,0.024,0.03,0.535,0.733,0.254,0.312,0.062,0.408,0.1,0.012,0.001,0.075,0.44,0.019,0.246,0.199,0.448,0.657,0.001,0.761,0.059,0.069,0.743,0.539,0.119,0.028,0.292,0.351,0.056,0.024,0.069,0.34,0.013,0.507,0.053,0.014,0.016,0.293,0.017,0.05,0.012,0.225,0.514,0.795,0.306,0.286,0.011,0.339,0.766,0.103,0.087,0.021,0.78,0.083,0.048,0.486,0.797,0.183,0.321,0.197,0.004
15,0.004,0.111,0.19,0.239,0.097,0.494,0.004,0.198,0.384,0.481,0.144,0.88,0.228,0.213,0.062,1.0,0.257,0.075,0.011,0.004,0.296,0.153,0.284,0.033,0.246,0.227,0.375,0.246,0.23,0.248,0.212,0.049,0.37,0.074,0.061,0.338,0.184,0.012,0.371,0.001,0.249,0.113,0.013,0.201,0.297,0.093,0.261,0.079,0.099,0.131,0.022,0.024,0.514,0.388,0.017,0.157,0.026,0.425,0.305,0.22,0.623,0.386,0.471,0.185,0.429,0.345,0.022,0.067,0.233,0.331,0.083,0.228,0.712,0.303,0.112,0.256,0.1,0.612,0.058,0.019,0.653,0.489,0.066,0.094,0.371,0.179,0.077,0.156,0.284,0.239,0.061,0.032,0.51,0.205,0.078,0.286,0.227,0.07,0.256,0.093,0.193,0.377,0.015,0.566,0.254,0.218,0.1,0.29,0.617,0.297,0.276,0.238,0.135,0.492,0.027,0.025,0.135,0.291,0.168,0.299,0.196,0.272,0.046,0.155,0.021,0.301,0.271,0.016,0.468,0.41,0.064,0.401,0.471,0.495,0.131,0.348,0.099,0.091,0.25,0.146,0.33,0.469,0.126,0.092,0.621,0.099,0.226,0.349,0.459,0.202,0.369,0.046,0.461,0.531,0.267,0.096,0.313,0.457,0.056,0.103,0.046,0.002,0.262,0.218,0.449,0.078,0.206,0.288,0.305,0.076,0.223,0.532,0.389,0.04,0.304,0.439,0.074,0.147,0.057,0.23,0.576,0.087,0.083,0.028,0.178,0.209,0.192,0.161,0.12,0.062,0.059,0.023,0.046,0.22,0.28,0.085,0.539,0.264,0.041,0.21
16,0.107,0.188,0.032,0.004,0.267,0.068,0.033,0.216,0.416,0.226,0.217,0.038,0.111,0.11,0.322,0.257,1.0,0.038,0.299,0.305,0.053,0.358,0.054,0.057,0.7,0.287,0.007,0.055,0.151,0.003,0.348,0.037,0.169,0.659,0.276,0.069,0.321,0.367,0.598,0.178,0.693,0.355,0.091,0.296,0.559,0.382,0.006,0.152,0.004,0.625,0.4,0.815,0.084,0.325,0.269,0.023,0.012,0.414,0.073,0.713,0.273,0.339,0.091,0.055,0.211,0.014,0.009,0.378,0.228,0.309,0.003,0.282,0.289,0.52,0.007,0.157,0.577,0.564,0.105,0.343,0.314,0.096,0.115,0.14,0.602,0.295,0.399,0.14,0.493,0.324,0.082,0.114,0.432,0.683,0.633,0.168,0.124,0.817,0.219,0.14,0.171,0.334,0.084,0.371,0.004,0.291,0.845,0.02,0.315,0.261,0.046,0.229,0.169,0.461,0.015,0.371,0.214,0.057,0.761,0.031,0.539,0.071,0.019,0.234,0.015,0.569,0.006,0.474,0.315,0.08,0.252,0.249,0.088,0.45,0.228,0.491,0.427,0.816,0.14,0.639,0.047,0.482,0.206,0.003,0.326,0.054,0.094,0.314,0.105,0.276,0.505,0.388,0.107,0.09,0.063,0.428,0.23,0.209,0.096,0.067,0.022,0.178,0.396,0.499,0.062,0.428,0.166,0.129,0.092,0.002,0.046,0.363,0.339,0.609,0.248,0.134,0.448,0.033,0.069,0.774,0.393,0.382,0.123,0.016,0.741,0.426,0.058,0.205,0.297,0.037,0.666,0.1,0.035,0.106,0.479,0.153,0.115,0.257,0.18,0.688
17,0.06,0.234,0.047,0.37,0.064,0.682,0.007,0.052,0.445,0.646,0.454,0.565,0.452,0.442,0.033,0.075,0.038,1.0,0.636,0.488,0.077,0.454,0.189,0.052,0.319,0.018,0.081,0.186,0.069,0.319,0.24,0.072,0.089,0.34,0.368,0.549,0.227,0.244,0.532,0.333,0.314,0.199,0.104,0.1,0.298,0.388,0.274,0.145,0.332,0.413,0.27,0.524,0.131,0.093,0.634,0.112,0.098,0.052,0.093,0.305,0.137,0.048,0.221,0.305,0.078,0.089,0.076,0.382,0.091,0.293,0.106,0.03,0.126,0.116,0.34,0.051,0.211,0.236,0.298,0.312,0.109,0.21,0.209,0.083,0.528,0.063,0.398,0.319,0.126,0.04,0.29,0.356,0.465,0.333,0.179,0.05,0.113,0.218,0.086,0.17,0.59,0.089,0.107,0.077,0.275,0.023,0.213,0.158,0.135,0.356,0.072,0.064,0.177,0.582,0.093,0.494,0.053,0.065,0.134,0.155,0.181,0.519,0.051,0.523,0.076,0.302,0.348,0.324,0.046,0.177,0.349,0.258,0.124,0.427,0.264,0.099,0.224,0.254,0.045,0.412,0.083,0.584,0.125,0.328,0.148,0.059,0.544,0.075,0.225,0.015,0.077,0.593,0.454,0.142,0.102,0.227,0.075,0.066,0.327,0.052,0.039,0.322,0.023,0.133,0.159,0.034,0.628,0.133,0.071,0.113,0.156,0.468,0.08,0.252,0.012,0.478,0.036,0.134,0.156,0.12,0.101,0.412,0.186,0.074,0.265,0.08,0.298,0.119,0.471,0.029,0.362,0.354,0.045,0.099,0.078,0.195,0.566,0.016,0.343,0.35
18,0.3,0.05,0.019,0.471,0.018,0.327,0.568,0.216,0.25,0.216,0.625,0.025,0.138,0.137,0.499,0.011,0.299,0.636,1.0,0.589,0.154,0.36,0.283,0.136,0.223,0.014,0.397,0.309,0.605,0.007,0.217,0.148,0.411,0.137,0.891,0.013,0.223,0.171,0.19,0.286,0.216,0.057,0.637,0.385,0.457,0.351,0.487,0.344,0.259,0.125,0.112,0.088,0.447,0.452,0.26,0.072,0.454,0.531,0.503,0.208,0.696,0.217,0.396,0.045,0.556,0.267,0.243,0.348,0.417,0.306,0.089,0.01,0.72,0.417,0.271,0.161,0.392,0.633,0.626,0.6,0.76,0.294,0.54,0.112,0.187,0.313,0.34,0.237,0.435,0.516,0.63,0.664,0.47,0.001,0.079,0.145,0.11,0.026,0.39,0.378,0.054,0.455,0.636,0.794,0.471,0.011,0.023,0.262,0.69,0.182,0.152,0.062,0.494,0.513,0.453,0.229,0.351,0.155,0.025,0.28,0.129,0.055,0.195,0.028,0.222,0.462,0.006,0.318,0.455,0.218,0.162,0.195,0.417,0.68,0.015,0.493,0.643,0.048,0.158,0.123,0.213,0.516,0.42,0.283,0.689,0.421,0.08,0.158,0.329,0.014,0.47,0.169,0.019,0.44,0.486,0.634,0.525,0.265,0.652,0.418,0.455,0.285,0.45,0.13,0.271,0.42,0.06,0.11,0.126,0.073,0.569,0.135,0.439,0.269,0.062,0.024,0.391,0.084,0.206,0.097,0.777,0.369,0.371,0.224,0.398,0.036,0.048,0.385,0.016,0.505,0.088,0.672,0.453,0.082,0.399,0.364,0.076,0.684,0.403,0.005
19,0.127,0.159,0.102,0.864,0.006,0.894,0.251,0.432,0.073,0.581,0.71,0.322,0.417,0.428,0.466,0.004,0.305,0.488,0.589,1.0,0.083,0.204,0.102,0.283,0.039,0.203,0.068,0.101,0.454,0.032,0.585,0.057,0.273,0.338,0.763,0.039,0.588,0.639,0.062,0.267,0.048,0.226,0.679,0.239,0.518,0.501,0.189,0.269,0.302,0.478,0.62,0.432,0.296,0.333,0.632,0.27,0.555,0.573,0.297,0.033,0.22,0.258,0.118,0.052,0.164,0.403,0.255,0.541,0.244,0.308,0.119,0.225,0.299,0.223,0.274,0.009,0.758,0.464,0.628,0.916,0.326,0.052,0.301,0.1,0.05,0.178,0.519,0.63,0.195,0.126,0.598,0.706,0.108,0.13,0.231,0.009,0.127,0.216,0.25,0.294,0.068,0.303,0.668,0.527,0.201,0.196,0.222,0.49,0.195,0.004,0.089,0.016,0.388,0.204,0.554,0.434,0.081,0.081,0.206,0.511,0.007,0.115,0.06,0.087,0.254,0.499,0.026,0.66,0.606,0.337,0.382,0.154,0.242,0.372,0.067,0.563,0.886,0.111,0.013,0.46,0.439,0.247,0.293,0.284,0.201,0.173,0.156,0.119,0.123,0.196,0.546,0.432,0.209,0.259,0.472,0.904,0.382,0.303,0.621,0.172,0.507,0.229,0.317,0.245,0.268,0.134,0.049,0.152,0.396,0.128,0.501,0.067,0.318,0.711,0.302,0.211,0.137,0.319,0.356,0.332,0.507,0.517,0.276,0.265,0.69,0.33,0.056,0.252,0.167,0.43,0.39,0.69,0.492,0.134,0.222,0.287,0.016,0.559,0.823,0.125
20,0.149,0.014,0.111,0.051,0.31,0.33,0.231,0.026,0.49,0.178,0.092,0.342,0.316,0.284,0.017,0.296,0.053,0.077,0.154,0.083,1.0,0.228,0.717,0.344,0.047,0.187,0.507,0.759,0.021,0.046,0.333,0.326,0.055,0.241,0.048,0.825,0.345,0.148,0.153,0.357,0.047,0.115,0.084,0.185,0.029,0.096,0.247,0.301,0.003,0.028,0.154,0.13,0.136,0.194,0.286,0.041,0.091,0.174,0.042,0.044,0.143,0.144,0.318,0.067,0.066,0.019,0.241,0.107,0.186,0.401,0.052,0.166,0.171,0.034,0.006,0.199,0.051,0.09,0.139,0.039,0.166,0.04,0.332,0.396,0.146,0.213,0.09,0.12,0.041,0.019,0.132,0.114,0.526,0.004,0.142,0.215,0.067,0.028,0.18,0.303,0.571,0.171,0.088,0.181,0.238,0.167,0.034,0.04,0.15,0.653,0.503,0.168,0.188,0.116,0.101,0.158,0.089,0.493,0.009,0.051,0.021,0.335,0.337,0.635,0.22,0.029,0.031,0.039,0.234,0.259,0.006,0.41,0.135,0.38,0.161,0.128,0.064,0.039,0.214,0.026,0.047,0.122,0.23,0.004,0.144,0.437,0.136,0.326,0.354,0.173,0.138,0.309,0.233,0.142,0.02,0.059,0.236,0.245,0.12,0.425,0.085,0.385,0.09,0.127,0.059,0.084,0.618,0.094,0.1,0.041,0.049,0.694,0.149,0.072,0.095,0.254,0.082,0.083,0.151,0.024,0.171,0.089,0.287,0.246,0.049,0.217,0.075,0.241,0.569,0.282,0.268,0.096,0.088,0.087,0.039,0.279,0.338,0.009,0.055,0.003
21,0.024,0.21,0.183,0.252,0.138,0.166,0.254,0.555,0.37,0.251,0.285,0.606,0.057,0.04,0.57,0.153,0.358,0.454,0.36,0.204,0.228,1.0,0.192,0.205,0.495,0.168,0.144,0.192,0.039,0.15,0.413,0.51,0.067,0.068,0.148,0.27,0.389,0.021,0.448,0.508,0.521,0.044,0.061,0.678,0.725,0.584,0.0,0.376,0.181,0.442,0.025,0.735,0.069,0.695,0.253,0.177,0.064,0.553,0.044,0.524,0.12,0.014,0.021,0.077,0.123,0.063,0.16,0.594,0.643,0.0,0.223,0.185,0.097,0.623,0.173,0.386,0.152,0.412,0.074,0.072,0.127,0.342,0.045,0.72,0.447,0.586,0.566,0.01,0.631,0.209,0.071,0.064,0.048,0.587,0.068,0.336,0.091,0.59,0.656,0.379,0.386,0.73,0.042,0.123,0.0,0.176,0.59,0.014,0.134,0.112,0.452,0.81,0.235,0.375,0.06,0.582,0.0,0.435,0.484,0.02,0.311,0.008,0.538,0.276,0.174,0.743,0.158,0.198,0.34,0.023,0.458,0.004,0.076,0.054,0.039,0.12,0.18,0.577,0.351,0.459,0.024,0.349,0.429,0.165,0.106,0.213,0.133,0.669,0.06,0.164,0.119,0.373,0.094,0.061,0.019,0.192,0.607,0.033,0.066,0.208,0.153,0.529,0.521,0.849,0.067,0.342,0.382,0.062,0.023,0.227,0.001,0.011,0.748,0.141,0.117,0.073,0.351,0.196,0.289,0.532,0.095,0.586,0.384,0.149,0.633,0.365,0.086,0.41,0.24,0.115,0.072,0.053,0.142,0.085,0.624,0.385,0.094,0.109,0.029,0.584
22,0.011,0.058,0.185,0.133,0.251,0.399,0.009,0.096,0.261,0.48,0.159,0.773,0.045,0.057,0.036,0.284,0.054,0.189,0.283,0.102,0.717,0.192,1.0,0.132,0.132,0.234,0.511,0.334,0.091,0.106,0.236,0.195,0.155,0.045,0.142,0.279,0.221,0.006,0.134,0.011,0.122,0.142,0.091,0.273,0.504,0.202,0.382,0.108,0.073,0.345,0.003,0.124,0.228,0.514,0.002,0.036,0.014,0.481,0.101,0.137,0.383,0.382,0.204,0.1,0.164,0.113,0.058,0.213,0.331,0.383,0.013,0.236,0.493,0.189,0.096,0.27,0.25,0.702,0.014,0.138,0.492,0.359,0.161,0.265,0.15,0.217,0.211,0.016,0.207,0.044,0.01,0.002,0.344,0.283,0.094,0.288,0.096,0.237,0.312,0.111,0.084,0.516,0.079,0.584,0.33,0.236,0.251,0.081,0.363,0.163,0.58,0.297,0.107,0.37,0.015,0.086,0.044,0.616,0.352,0.078,0.114,0.224,0.198,0.051,0.068,0.453,0.103,0.028,0.471,0.181,0.149,0.419,0.241,0.406,0.144,0.517,0.122,0.144,0.309,0.336,0.127,0.375,0.147,0.073,0.367,0.151,0.16,0.608,0.213,0.236,0.464,0.043,0.155,0.221,0.048,0.091,0.364,0.417,0.006,0.154,0.07,0.01,0.222,0.506,0.19,0.044,0.104,0.129,0.146,0.008,0.049,0.495,0.503,0.17,0.216,0.165,0.033,0.055,0.178,0.43,0.563,0.203,0.105,0.064,0.329,0.31,0.08,0.159,0.033,0.188,0.026,0.0,0.079,0.094,0.197,0.092,0.34,0.114,0.003,0.266
23,0.052,0.203,0.069,0.367,0.038,0.601,0.008,0.045,0.475,0.724,0.487,0.624,0.411,0.401,0.014,0.033,0.057,0.052,0.136,0.283,0.344,0.205,0.132,1.0,0.229,0.046,0.186,0.225,0.097,0.504,0.151,0.068,0.06,0.222,0.46,0.644,0.137,0.088,0.486,0.477,0.243,0.177,0.073,0.202,0.246,0.348,0.511,0.334,0.338,0.17,0.091,0.35,0.059,0.096,0.489,0.105,0.067,0.055,0.047,0.242,0.135,0.089,0.17,0.534,0.025,0.089,0.146,0.329,0.166,0.267,0.153,0.058,0.099,0.158,0.339,0.051,0.075,0.167,0.379,0.165,0.126,0.287,0.331,0.07,0.473,0.174,0.318,0.223,0.139,0.025,0.389,0.439,0.375,0.127,0.044,0.047,0.162,0.067,0.168,0.329,0.738,0.088,0.084,0.067,0.504,0.056,0.075,0.132,0.128,0.233,0.063,0.072,0.311,0.619,0.068,0.397,0.046,0.073,0.009,0.125,0.031,0.517,0.054,0.405,0.18,0.242,0.471,0.371,0.069,0.125,0.237,0.29,0.045,0.417,0.303,0.036,0.157,0.118,0.057,0.146,0.085,0.627,0.25,0.367,0.137,0.072,0.567,0.009,0.174,0.055,0.034,0.475,0.453,0.05,0.071,0.131,0.129,0.133,0.442,0.073,0.006,0.499,0.079,0.063,0.138,0.062,0.722,0.21,0.089,0.15,0.15,0.304,0.097,0.085,0.039,0.456,0.075,0.072,0.049,0.01,0.076,0.335,0.303,0.159,0.174,0.128,0.507,0.251,0.352,0.031,0.218,0.435,0.007,0.161,0.083,0.329,0.647,0.02,0.254,0.138
24,0.371,0.16,0.181,0.069,0.233,0.001,0.116,0.51,0.32,0.096,0.002,0.25,0.149,0.125,0.261,0.246,0.7,0.319,0.223,0.039,0.047,0.495,0.132,0.229,1.0,0.196,0.496,0.556,0.023,0.141,0.448,0.822,0.029,0.026,0.039,0.476,0.414,0.004,0.16,0.325,0.205,0.023,0.29,0.454,0.509,0.438,0.089,0.171,0.315,0.356,0.005,0.485,0.014,0.546,0.233,0.217,0.106,0.348,0.067,0.21,0.015,0.046,0.166,0.048,0.069,0.06,0.223,0.446,0.486,0.1,0.409,0.173,0.026,0.262,0.314,0.264,0.101,0.214,0.005,0.144,0.023,0.173,0.24,0.939,0.175,0.285,0.437,0.029,0.267,0.157,0.014,0.009,0.1,0.426,0.049,0.283,0.149,0.411,0.485,0.16,0.439,0.498,0.281,0.11,0.084,0.178,0.426,0.07,0.006,0.351,0.732,0.636,0.063,0.062,0.097,0.443,0.125,0.737,0.29,0.058,0.173,0.025,0.808,0.48,0.273,0.476,0.178,0.127,0.221,0.12,0.522,0.09,0.006,0.04,0.057,0.11,0.034,0.389,0.313,0.37,0.019,0.074,0.197,0.336,0.007,0.589,0.131,0.651,0.295,0.182,0.121,0.27,0.028,0.012,0.095,0.033,0.397,0.135,0.004,0.576,0.428,0.332,0.202,0.798,0.08,0.256,0.462,0.12,0.006,0.405,0.078,0.097,0.502,0.066,0.108,0.043,0.221,0.252,0.431,0.355,0.113,0.453,0.173,0.23,0.426,0.331,0.046,0.188,0.397,0.424,0.017,0.021,0.418,0.157,0.255,0.189,0.068,0.034,0.109,0.437
25,0.431,0.495,0.326,0.358,0.215,0.109,0.379,0.082,0.12,0.423,0.581,0.149,0.377,0.398,0.002,0.227,0.287,0.018,0.014,0.203,0.187,0.168,0.234,0.046,0.196,1.0,0.084,0.474,0.219,0.202,0.2,0.181,0.225,0.692,0.296,0.225,0.193,0.701,0.083,0.241,0.092,0.662,0.538,0.001,0.116,0.164,0.033,0.045,0.127,0.307,0.702,0.195,0.042,0.014,0.254,0.476,0.428,0.177,0.082,0.092,0.193,0.626,0.014,0.147,0.098,0.405,0.54,0.178,0.016,0.753,0.418,0.426,0.194,0.184,0.128,0.225,0.755,0.239,0.129,0.62,0.245,0.051,0.347,0.115,0.063,0.037,0.191,0.45,0.2,0.124,0.12,0.169,0.427,0.098,0.769,0.245,0.536,0.21,0.023,0.05,0.191,0.014,0.559,0.446,0.036,0.439,0.252,0.346,0.183,0.398,0.176,0.126,0.051,0.087,0.449,0.17,0.294,0.171,0.247,0.359,0.059,0.118,0.174,0.294,0.538,0.112,0.214,0.455,0.204,0.13,0.198,0.625,0.043,0.507,0.432,0.675,0.622,0.157,0.248,0.3,0.441,0.103,0.035,0.128,0.191,0.471,0.102,0.201,0.311,0.444,0.681,0.405,0.092,0.041,0.319,0.591,0.016,0.451,0.114,0.476,0.453,0.238,0.141,0.044,0.255,0.278,0.183,0.558,0.46,0.414,0.245,0.47,0.011,0.775,0.541,0.101,0.276,0.496,0.348,0.301,0.426,0.204,0.05,0.571,0.288,0.206,0.161,0.034,0.336,0.616,0.692,0.184,0.457,0.571,0.173,0.062,0.217,0.528,0.462,0.092
26,0.112,0.196,0.139,0.021,0.349,0.207,0.25,0.098,0.149,0.085,0.039,0.312,0.04,0.038,0.133,0.375,0.007,0.081,0.397,0.068,0.507,0.144,0.511,0.186,0.496,0.084,1.0,0.568,0.027,0.077,0.035,0.071,0.089,0.461,0.322,0.484,0.027,0.144,0.515,0.122,0.39,0.198,0.179,0.041,0.175,0.076,0.391,0.01,0.033,0.281,0.149,0.211,0.201,0.113,0.163,0.049,0.043,0.057,0.085,0.369,0.525,0.243,0.392,0.08,0.264,0.014,0.128,0.085,0.058,0.555,0.001,0.041,0.479,0.151,0.034,0.232,0.263,0.482,0.03,0.204,0.519,0.248,0.367,0.042,0.543,0.003,0.079,0.07,0.144,0.199,0.031,0.06,0.866,0.215,0.268,0.266,0.117,0.092,0.049,0.014,0.419,0.112,0.132,0.491,0.344,0.033,0.116,0.022,0.467,0.572,0.286,0.025,0.0,0.606,0.036,0.105,0.143,0.295,0.111,0.028,0.199,0.261,0.084,0.434,0.135,0.178,0.059,0.089,0.038,0.172,0.092,0.515,0.185,0.836,0.15,0.341,0.113,0.188,0.243,0.276,0.015,0.616,0.0,0.022,0.507,0.377,0.198,0.273,0.398,0.025,0.34,0.279,0.32,0.194,0.019,0.112,0.044,0.226,0.039,0.341,0.064,0.131,0.032,0.044,0.107,0.144,0.427,0.157,0.024,0.002,0.005,0.805,0.104,0.246,0.004,0.34,0.14,0.053,0.092,0.126,0.485,0.081,0.014,0.129,0.105,0.011,0.095,0.0,0.385,0.238,0.461,0.063,0.077,0.101,0.119,0.018,0.485,0.144,0.081,0.177
27,0.01,0.062,0.185,0.169,0.239,0.389,0.005,0.108,0.248,0.453,0.185,0.77,0.05,0.051,0.041,0.246,0.055,0.186,0.309,0.101,0.759,0.192,0.334,0.225,0.556,0.474,0.568,1.0,0.075,0.115,0.251,0.176,0.196,0.039,0.137,0.283,0.229,0.006,0.133,0.007,0.146,0.143,0.095,0.285,0.483,0.172,0.352,0.108,0.078,0.382,0.003,0.103,0.221,0.499,0.005,0.055,0.018,0.458,0.08,0.123,0.378,0.397,0.216,0.09,0.148,0.108,0.058,0.193,0.298,0.398,0.009,0.206,0.464,0.208,0.079,0.299,0.262,0.723,0.012,0.143,0.484,0.368,0.176,0.295,0.151,0.223,0.219,0.016,0.214,0.059,0.012,0.001,0.336,0.283,0.092,0.29,0.092,0.241,0.315,0.113,0.081,0.541,0.089,0.577,0.338,0.216,0.243,0.076,0.318,0.143,0.599,0.308,0.111,0.379,0.013,0.086,0.052,0.584,0.352,0.072,0.144,0.218,0.196,0.074,0.076,0.47,0.112,0.032,0.493,0.188,0.143,0.423,0.221,0.416,0.13,0.471,0.112,0.158,0.278,0.381,0.122,0.406,0.148,0.082,0.367,0.16,0.185,0.625,0.212,0.234,0.515,0.031,0.165,0.222,0.053,0.101,0.356,0.436,0.014,0.158,0.048,0.008,0.213,0.508,0.187,0.036,0.086,0.147,0.157,0.006,0.038,0.489,0.496,0.162,0.225,0.185,0.039,0.077,0.184,0.488,0.577,0.196,0.121,0.068,0.327,0.325,0.082,0.155,0.029,0.175,0.03,0.001,0.088,0.099,0.198,0.101,0.338,0.111,0.004,0.281
28,0.139,0.314,0.402,0.452,0.192,0.426,0.027,0.681,0.138,0.229,0.246,0.374,0.722,0.704,0.4,0.23,0.151,0.069,0.605,0.454,0.021,0.039,0.091,0.097,0.023,0.219,0.027,0.075,1.0,0.342,0.164,0.243,0.904,0.089,0.484,0.13,0.161,0.062,0.02,0.122,0.13,0.106,0.498,0.255,0.053,0.086,0.187,0.462,0.669,0.025,0.072,0.004,0.659,0.139,0.23,0.243,0.295,0.341,0.819,0.139,0.452,0.343,0.33,0.337,0.605,0.504,0.026,0.068,0.193,0.064,0.433,0.154,0.445,0.287,0.68,0.065,0.113,0.131,0.831,0.349,0.369,0.0,0.448,0.084,0.042,0.393,0.082,0.356,0.287,0.554,0.826,0.81,0.168,0.145,0.177,0.062,0.333,0.093,0.186,0.502,0.024,0.123,0.523,0.359,0.167,0.162,0.087,0.511,0.426,0.28,0.067,0.037,0.737,0.037,0.283,0.109,0.769,0.067,0.123,0.531,0.358,0.505,0.211,0.164,0.028,0.069,0.339,0.419,0.391,0.121,0.251,0.132,0.643,0.181,0.221,0.216,0.399,0.109,0.091,0.025,0.357,0.029,0.568,0.68,0.417,0.299,0.38,0.023,0.539,0.155,0.208,0.05,0.18,0.649,0.883,0.384,0.331,0.352,0.841,0.293,0.45,0.125,0.512,0.001,0.647,0.567,0.035,0.29,0.274,0.439,0.933,0.128,0.147,0.072,0.246,0.151,0.568,0.22,0.225,0.097,0.348,0.084,0.474,0.013,0.096,0.083,0.287,0.525,0.148,0.282,0.075,0.776,0.437,0.293,0.326,0.446,0.184,0.638,0.451,0.158
29,0.215,0.532,0.294,0.048,0.233,0.058,0.427,0.011,0.628,0.218,0.078,0.237,0.461,0.474,0.221,0.248,0.003,0.319,0.007,0.032,0.046,0.15,0.106,0.504,0.141,0.202,0.077,0.115,0.342,1.0,0.009,0.434,0.652,0.399,0.278,0.24,0.009,0.165,0.233,0.168,0.284,0.304,0.604,0.005,0.021,0.035,0.093,0.092,0.398,0.002,0.153,0.099,0.354,0.003,0.012,0.351,0.268,0.116,0.537,0.28,0.57,0.512,0.365,0.113,0.608,0.464,0.322,0.018,0.0,0.445,0.552,0.283,0.53,0.401,0.4,0.078,0.248,0.181,0.289,0.327,0.503,0.02,0.585,0.327,0.222,0.147,0.029,0.194,0.394,0.622,0.286,0.289,0.621,0.227,0.469,0.081,0.595,0.188,0.0,0.091,0.271,0.005,0.597,0.485,0.115,0.276,0.197,0.378,0.573,0.643,0.269,0.18,0.186,0.14,0.255,0.074,0.659,0.267,0.166,0.36,0.295,0.134,0.429,0.455,0.333,0.018,0.308,0.206,0.114,0.035,0.172,0.47,0.352,0.592,0.295,0.397,0.329,0.287,0.079,0.001,0.316,0.139,0.133,0.426,0.561,0.814,0.126,0.092,0.733,0.273,0.418,0.19,0.06,0.343,0.644,0.331,0.026,0.409,0.269,0.832,0.604,0.173,0.395,0.082,0.545,0.711,0.283,0.529,0.217,0.533,0.565,0.302,0.007,0.25,0.318,0.07,0.736,0.319,0.28,0.09,0.465,0.03,0.098,0.341,0.072,0.023,0.121,0.145,0.344,0.685,0.301,0.288,0.591,0.58,0.383,0.074,0.274,0.725,0.247,0.242
30,0.222,0.36,0.223,0.539,0.225,0.229,0.291,0.205,0.1,0.195,0.667,0.002,0.161,0.152,0.204,0.212,0.348,0.24,0.217,0.585,0.333,0.413,0.236,0.151,0.448,0.2,0.035,0.251,0.164,0.009,1.0,0.011,0.572,0.143,0.582,0.046,0.24,0.067,0.433,0.59,0.566,0.014,0.26,0.682,0.416,0.278,0.228,0.724,0.078,0.059,0.052,0.214,0.586,0.587,0.148,0.101,0.404,0.664,0.545,0.555,0.672,0.171,0.291,0.032,0.667,0.298,0.24,0.285,0.567,0.071,0.021,0.111,0.638,0.892,0.082,0.229,0.111,0.491,0.61,0.181,0.642,0.321,0.35,0.061,0.419,0.838,0.29,0.115,0.893,0.701,0.617,0.591,0.3,0.248,0.093,0.249,0.077,0.299,0.567,0.765,0.168,0.548,0.247,0.438,0.222,0.107,0.273,0.219,0.662,0.071,0.04,0.452,0.789,0.455,0.415,0.152,0.353,0.043,0.25,0.253,0.432,0.106,0.012,0.01,0.228,0.407,0.001,0.2,0.485,0.098,0.003,0.032,0.559,0.389,0.0,0.225,0.56,0.377,0.236,0.041,0.218,0.472,0.832,0.075,0.671,0.164,0.011,0.213,0.198,0.091,0.202,0.185,0.037,0.556,0.462,0.532,0.669,0.102,0.644,0.17,0.157,0.582,0.952,0.22,0.328,0.693,0.157,0.09,0.183,0.025,0.477,0.059,0.557,0.071,0.191,0.04,0.712,0.125,0.14,0.197,0.473,0.28,0.755,0.238,0.333,0.093,0.04,0.814,0.002,0.157,0.085,0.595,0.16,0.08,0.905,0.765,0.046,0.684,0.165,0.208
31,0.076,0.009,0.007,0.002,0.03,0.115,0.299,0.011,0.712,0.169,0.135,0.325,0.127,0.147,0.155,0.049,0.037,0.072,0.148,0.057,0.326,0.51,0.195,0.068,0.822,0.181,0.071,0.176,0.243,0.434,0.011,1.0,0.147,0.009,0.058,0.781,0.233,0.021,0.135,0.546,0.098,0.233,0.04,0.48,0.083,0.108,0.261,0.529,0.123,0.077,0.012,0.189,0.056,0.213,0.195,0.092,0.071,0.234,0.059,0.092,0.026,0.437,0.11,0.44,0.012,0.071,0.415,0.109,0.308,0.361,0.254,0.084,0.054,0.129,0.131,0.19,0.126,0.071,0.279,0.032,0.053,0.054,0.094,0.254,0.125,0.452,0.113,0.079,0.105,0.015,0.272,0.222,0.086,0.042,0.112,0.2,0.319,0.145,0.336,0.555,0.671,0.199,0.034,0.147,0.278,0.07,0.145,0.111,0.021,0.244,0.217,0.223,0.462,0.088,0.088,0.151,0.197,0.234,0.213,0.104,0.061,0.471,0.236,0.329,0.42,0.091,0.341,0.318,0.29,0.151,0.144,0.512,0.047,0.06,0.387,0.308,0.032,0.123,0.201,0.098,0.102,0.065,0.519,0.128,0.023,0.227,0.331,0.363,0.339,0.088,0.267,0.194,0.176,0.058,0.115,0.039,0.329,0.559,0.259,0.22,0.183,0.519,0.203,0.146,0.124,0.072,0.674,0.335,0.09,0.269,0.152,0.268,0.215,0.104,0.063,0.199,0.053,0.056,0.091,0.212,0.142,0.101,0.535,0.367,0.156,0.409,0.464,0.483,0.236,0.255,0.007,0.218,0.169,0.352,0.123,0.531,0.475,0.01,0.041,0.046
32,0.236,0.449,0.509,0.33,0.402,0.312,0.095,0.513,0.218,0.203,0.158,0.361,0.775,0.815,0.224,0.37,0.169,0.089,0.411,0.273,0.055,0.067,0.155,0.06,0.029,0.225,0.089,0.196,0.904,0.652,0.572,0.147,1.0,0.107,0.416,0.118,0.175,0.184,0.004,0.163,0.085,0.054,0.481,0.186,0.016,0.031,0.265,0.536,0.655,0.054,0.163,0.021,0.548,0.068,0.23,0.375,0.37,0.302,0.681,0.074,0.204,0.224,0.15,0.328,0.49,0.607,0.054,0.043,0.074,0.006,0.368,0.327,0.228,0.302,0.644,0.0,0.106,0.046,0.841,0.333,0.2,0.019,0.515,0.026,0.004,0.43,0.037,0.485,0.286,0.429,0.823,0.766,0.028,0.154,0.112,0.0,0.235,0.095,0.08,0.54,0.054,0.079,0.48,0.17,0.259,0.364,0.102,0.553,0.189,0.035,0.196,0.113,0.743,0.01,0.39,0.055,0.521,0.197,0.153,0.558,0.245,0.46,0.09,0.036,0.064,0.019,0.384,0.413,0.404,0.138,0.267,0.034,0.555,0.085,0.154,0.109,0.417,0.102,0.0,0.049,0.474,0.02,0.553,0.646,0.242,0.194,0.345,0.014,0.314,0.323,0.108,0.029,0.304,0.56,0.793,0.409,0.234,0.26,0.801,0.197,0.359,0.216,0.564,0.033,0.632,0.545,0.049,0.209,0.395,0.357,0.848,0.045,0.074,0.085,0.394,0.305,0.541,0.37,0.374,0.09,0.174,0.036,0.522,0.066,0.073,0.155,0.332,0.594,0.043,0.208,0.099,0.784,0.343,0.255,0.383,0.516,0.182,0.554,0.545,0.158
