,0,1,2,3,4,5,6,7,8,9,10,11,12,13,14,15,16,17,18,19,20,21,22,23,24,25,26,27,28,29,30,31,32,33,34,35,36,37,38,39,40,41,42,43,44,45,46,47,48,49,50,51,52,53,54,55,56,57,58,59,60,61,62,63,64,65,66,67,68,69,70,71,72,73,74,75,76,77,78,79,80,81,82,83,84,85,86,87,88,89,90,91,92,93,94,95,96,97,98,99
0,1.0,0.0006278851878616542,0.0011623039106990606,0.8735158963013118,0.2862323426800326,0.008236800925174457,0.8845417229737526,0.01323548441198138,0.0010683120736624768,0.02815042024488512,0.5253203287636393,0.5046401111865637,0.7930696714524629,0.7930696714524629,0.09517214926871038,0.2862323426800326,0.9718515272450562,0.004859671254039677,0.5055076820798439,0.09582354810689639,0.00028338913382017423,0.2690191429747079,0.2928478254239893,0.17482432458222502,0.33444284050318057,0.02815042024488512,0.2112673052427337,0.2928478254239893,0.024318425145239034,0.8657236038812067,0.16213667815236757,0.12103098932419537,0.04547594891971462,0.0073313861766953455,0.006305626333584618,0.42673656621104433,0.16213667815236757,0.5253203287636393,0.809742126757627,0.25701818435077073,0.33444284050318057,0.6698931449253207,0.4887771670929717,0.850609345279186,0.8008559806666972,0.6237211570073141,0.14421791544377513,0.010947954786831686,0.007964019973127023,0.9231336254477363,0.5270485888673531,0.7807483859690955,0.657668477860731,0.6240649735743109,0.5055076820798439,0.000718555177720686,0.3586700918818945,0.7220977612345618,0.0010565904920391068,0.33444284050318057,0.0016925298283373986,0.0026877852351114,0.050310908096599286,0.5925316953843353,0.001255372407476686,0.03848102434914473,0.10815601318825854,0.6237211570073141,0.8689379945901897,0.0017977144204055554,0.12318828420419396,0.02815042024488512,0.0022508611416177616,0.03596624949173317,0.007964019973127023,0.9718515272450562,0.006399497780296479,0.6357712120999641,0.011508049164308646,0.008236800925174457,0.002380946015499661,0.04521586910577694,0.009853105448324283,0.13423634752690602,0.809742126757627,0.01447249826108751,0.6237211570073141,0.01474340655511275,0.03596624949173317,0.000798862987317902,0.011508049164308646,0.010460645870703068,0.6320145941286385,0.03841180227735529,0.6842276241011329,0.9718515272450562,0.0010683120736624768,0.2792981602259712,0.8689379945901897,0.010947954786831686
1,0.0006278851878616542,1.0,0.4277063279981512,0.00039740584058579827,7.183547822404729e-07,0.734020588674,9.504492600117811e-05,0.4545442405600764,0.95397592996695,0.4884773382299695,4.227514009398218e-06,4.598528747638396e-05,9.032273003409755e-05,9.032273003409755e-05,1.0988848379064865e-06,7.183547822404729e-07,0.0002466599795170824,0.35323194701436383,7.167730734558673e-06,1.8763163563573285e-08,0.9441163257698709,7.596632871900284e-06,6.514805731632119e-07,1.7929919518402833e-06,3.0419461570693973e-05,0.4884773382299695,4.803657913322392e-07,6.514805731632119e-07,0.44337039657254584,6.958223515130713e-05,0.09936823765118931,0.1356658816041693,0.3294149621573004,0.7513049358856817,0.6623919210415795,2.2523809052050276e-06,0.09936823765118931,4.227514009398218e-06,4.1951393310876454e-05,2.443350715210832e-06,3.0419461570693973e-05,1.451616735877289e-05,4.3903447888266326e-06,0.003634417799364351,0.00015698952770902344,3.108981104792148e-05,3.347222230009683e-07,0.4828211051104586,0.23361472821447424,0.00022946604403788171,4.288807113541014e-06,3.8001786592145115e-05,7.231690508195284e-05,0.00010086139694007104,7.167730734558673e-06,0.9993474737797371,2.166912841231375e-06,0.00011102717672801968,0.8791909761712354,3.0419461570693973e-05,0.7467924713780065,0.9203634167364135,7.47376370680648e-09,0.00013637184030299078,0.8075435945069334,0.42884351351988237,7.538766011444449e-07,3.108981104792148e-05,0.00016335799343233877,0.3725103818581877,4.4166327054282006e-07,0.4884773382299695,0.7960409324889958,0.23300455610992363,0.23361472821447424,0.0002466599795170824,0.8011247663039314,2.17006946232397e-05,0.5650274998416567,0.734020588674,0.7735124868853412,0.13677017651595613,0.6030523520822172,0.14499858731578333,4.1951393310876454e-05,0.4069566933111381,3.108981104792148e-05,0.6385163018457328,0.23300455610992363,0.7666663122131591,0.5650274998416567,0.5901657139787916,1.7101722263927544e-05,0.34082677076847434,1.6994910616238664e-05,0.0002466599795170824,0.95397592996695,1.9116084006675095e-05,0.00016335799343233877,0.4828211051104586
2,0.0011623039106990606,0.4277063279981512,1.0,0.0014399811689771024,5.231071856574682e-06,0.5595614485610929,0.00016660405713897367,0.7344866227004887,0.30966754668578733,0.24925639072000452,1.225697599301531e-05,0.00038449569386449185,0.0003767636287260058,0.0003767636287260058,3.2415685826515696e-05,5.231071856574682e-06,0.0004763218854860035,0.9136042903488697,4.2109629377963984e-05,1.481772630826374e-07,0.5315625478218634,0.00011021209105050386,4.1664177940179575e-06,3.360943552379075e-05,0.00038663734214225073,0.24925639072000452,5.2928629324080306e-06,4.1664177940179575e-06,0.5661360389159646,0.00014981898560924664,0.04117758516028851,0.26813137421180266,0.4481428278524422,0.30985557747081566,0.7532757866166286,1.0940676013229348e-05,0.04117758516028851,1.225697599301531e-05,9.928288462683053e-05,3.198333735881412e-05,0.00038663734214225073,2.996543704097699e-05,2.1893887938728335e-05,0.0039597901399836015,0.0006835388284389676,0.00018007546559216394,5.609466596722568e-06,0.7642725137592544,0.8005632076821997,0.0006930608296563827,1.2413366911442338e-05,0.0001203550798385239,0.00042875964175202985,0.0006595668882917058,4.2109629377963984e-05,0.42907032952481,2.4462566294596986e-06,0.0005790496210286756,0.7281117261819259,0.00038663734214225073,0.8543745023799275,0.4172388129710753,1.2787974214601768e-07,0.0009567952266374191,0.8080481527567576,0.36352956024932026,1.940778202939635e-05,0.00018007546559216394,0.00020021601779474324,0.9873903601284506,9.335676051334336e-06,0.24925639072000452,0.7848028448263619,0.5464141062008088,0.8005632076821997,0.0004763218854860035,0.4809970298754915,2.620005598238672e-05,0.6916834424662173,0.5595614485610929,0.8032256964998092,0.026098730104110884,0.1819787617288325,0.2394047923300596,9.928288462683053e-05,0.7335915454047217,0.00018007546559216394,0.4574414427587958,0.5464141062008088,0.8426323855294773,0.6916834424662173,0.6945835042902886,2.3283528395016256e-05,0.11983854554523961,3.268662414309262e-05,0.0004763218854860035,0.30966754668578733,0.0002821565267771749,0.00020021601779474324,0.7642725137592544
3,0.8735158963013118,0.00039740584058579827,0.0014399811689771024,1.0,0.3955669558828702,0.0062603972193733025,0.7304904879205211,0.013460335557267585,0.000596934659047915,0.017578323807031112,0.5079949584895528,0.7905928800427218,0.9370301656329513,0.9370301656329513,0.2409159567098733,0.3955669558828702,0.8490455218304995,0.006085099013114583,0.6609462043413111,0.13042284911550653,0.00020371198760493897,0.5171529136963394,0.38275506680790217,0.36633338337203086,0.6225624615352529,0.017578323807031112,0.34561466394459145,0.38275506680790217,0.022176591818905377,0.7738432485633338,0.08718815446439615,0.1252828622007422,0.04182439115583757,0.004338196756764558,0.005668527478812989,0.506286836356376,0.08718815446439615,0.5079949584895528,0.7462652774718599,0.4638586943348995,0.6225624615352529,0.5739659938208016,0.5921820869098703,0.6195512429393251,0.9731120328047619,0.8304294259117759,0.28051295288145517,0.011092673960603549,0.011005334537044366,0.9692224235555041,0.5094141015275331,0.810310989951408,0.8975263181911768,0.8932800341845958,0.6609462043413111,0.0004543366803378074,0.23391100554979977,0.940759315527264,0.0008670998515191899,0.6225624615352529,0.0015676150188268846,0.0016921112303889577,0.09365830953795555,0.8789883622709442,0.0011082519203893754,0.02936684489122805,0.2563746943581156,0.8304294259117759,0.6259201843530953,0.0023197708222711323,0.26584311187781606,0.017578323807031112,0.0019525633081100312,0.041305880893745706,0.011005334537044366,0.8490455218304995,0.0044370822723826765,0.440565700255828,0.010510482551747732,0.0062603972193733025,0.0021066278176463276,0.018213272162876278,0.005076331300156884,0.12894086894808357,0.7462652774718599,0.015337879652248483,0.8304294259117759,0.01077345553610576,0.041305880893745706,0.0007386494725124049,0.010510482551747732,0.00942525470229405,0.4581454655455539,0.02031381666807311,0.5709011564253077,0.8490455218304995,0.000596934659047915,0.549943783008418,0.6259201843530953,0.011092673960603549
4,0.2862323426800326,7.183547822404729e-07,5.231071856574682e-06,0.3955669558828702,1.0,3.236250423592288e-05,0.4342664828387308,0.00010515165429458184,1.2727416760178481e-06,0.0001514944280267356,0.7751147812412027,0.5966571479250815,0.6042774872892464,0.6042774872892464,0.42612566668508606,1.0,0.3807838549604026,3.8889681314010465e-05,0.902798157039736,0.7943960731080589,2.956321312328121e-07,0.6206572755124351,0.9930559270436251,0.6398944720858792,0.4937032209244271,0.0001514944280267356,0.9484107448766853,0.9930559270436251,0.00020917115275069325,0.5202639836602846,0.002293504312155566,0.003219050007707752,0.0005444513736210996,1.990238773912761e-05,2.9028775793389403e-05,0.9474118325238132,0.002293504312155566,0.7751147812412027,0.5892497998727552,0.797349059340449,0.4937032209244271,0.6004275070290537,0.9272241726508458,0.09922647178846594,0.5240756352209548,0.7375867412706483,0.8027436707022726,7.937982380415548e-05,9.904511607634795e-05,0.4612493245428417,0.7741855981081295,0.676200869845909,0.6103244676193597,0.5388011555471705,0.902798157039736,8.605010264623215e-07,0.35252730135845406,0.5621287067192272,2.112667523369489e-06,0.4937032209244271,4.924306967849635e-06,5.201671577945604e-06,0.6860316951581029,0.4738464172605926,3.0138005033899008e-06,0.00031231814530124674,0.5301460359224985,0.7375867412706483,0.29489419263125205,1.040154853657e-05,0.6739293257260274,0.0001514944280267356,6.500263218452703e-06,0.0005952370349040156,9.904511607634795e-05,0.3807838549604026,1.9865176856445413e-05,0.37076022668125314,7.036660013735642e-05,3.236250423592288e-05,7.2630563281680665e-06,0.00025389773594836334,2.6769736149245905e-05,0.0032854204530810365,0.5892497998727552,0.00012992229542894043,0.7375867412706483,7.071584675641546e-05,0.0005952370349040156,1.7718310529333156e-06,7.036660013735642e-05,5.9904780028997754e-05,0.42322837244990613,0.0002107007229244722,0.5653732578103121,0.3807838549604026,1.2727416760178481e-06,0.48899051182644726,0.29489419263125205,7.937982380415548e-05
5,0.008236800925174457,0.734020588674,0.5595614485610929,0.0062603972193733025,3.236250423592288e-05,1.0,0.0016864279956126979,0.8440081826604156,0.7365632343961257,0.8243346754442716,0.00013038298972902125,0.0011263086296749692,0.0018664984363142485,0.0018664984363142485,4.914055221524612e-05,3.236250423592288e-05,0.003828271909962112,0.627446737278184,0.0002283323100473706,1.3475976984187387e-06,0.6403925554700073,0.0002538463790331506,2.926058026280038e-05,7.51990547748733e-05,0.0008062449593630891,0.8243346754442716,2.3802146310110715e-05,2.926058026280038e-05,0.8810255668669684,0.001350831872187544,0.2913166920093182,0.4792261284806621,0.7798908853884199,0.8898242749093545,0.9448660073217626,8.245864207296968e-05,0.2913166920093182,0.00013038298972902125,0.0008959602901844383,9.709164187478947e-05,0.0008062449593630891,0.0003525420795533013,0.000147026280692037,0.030747072549429686,0.002970866811882909,0.0007908199719064726,1.7878407913403305e-05,0.8544096942758838,0.5136348444978893,0.003887570546331419,0.00013197118368119725,0.0008667379180124225,0.0016062995987343844,0.0021316428396040603,0.0002283323100473706,0.7518807689784697,5.890096781844139e-05,0.002268880917103795,0.819439891208059,0.0008062449593630891,0.8273749092924483,0.8963676231806675,6.516727284429575e-07,0.0027434432696680946,0.8161880476904909,0.8608811971702176,3.593033574259908e-05,0.0007908199719064726,0.0024549613140027126,0.5523092056432198,2.2816672363524804e-05,0.8243346754442716,0.8918737213864791,0.6231808366097077,0.5136348444978893,0.003828271909962112,0.9827044726157307,0.00043975777852874623,0.9348792392254991,1.0,0.8883572413647419,0.2613781517152064,0.7378586391741994,0.49844701406286596,0.0008959602901844383,0.7990819565941031,0.0007908199719064726,0.9768537353027518,0.6231808366097077,0.7347673291928748,0.9348792392254991,0.9457558485520682,0.0003693280929861002,0.603894090700628,0.00039758432429528575,0.003828271909962112,0.7365632343961257,0.0005479560292558702,0.0024549613140027126,0.8544096942758838
6,0.8845417229737526,9.504492600117811e-05,0.00016660405713897367,0.7304904879205211,0.4342664828387308,0.0016864279956126979,1.0,0.002756210339063347,0.00018207841497033288,0.0076211932156467,0.7809986547821782,0.46284231467445497,0.782445301364873,0.782445301364873,0.09561020426950258,0.4342664828387308,0.9648923591648074,0.0008534243595316061,0.6273084141819494,0.2023978586736383,3.729687566772494e-05,0.2661923830771465,0.46032695481816693,0.19083918996645932,0.28837341213638973,0.0076211932156467,0.30549594085026505,0.46032695481816693,0.005709694807058199,0.9871613783316103,0.07095463083212364,0.03875304981425259,0.011974870393656929,0.001613379888166884,0.001190198167213733,0.6220589357159798,0.07095463083212364,0.7809986547821782,0.9658591976871279,0.29891406833457235,0.28837341213638973,0.9167404123644006,0.6607738061100533,0.6288963288906125,0.7298600129564611,0.6550364065624483,0.19544776338921624,0.0022112069596717187,0.0015155608882474613,0.8602036777908394,0.7825975248417031,0.8994754801438745,0.6188609580088116,0.549580528285965,0.6273084141819494,0.00011070689298333164,0.637241236809704,0.6619946357780642,0.00015825964193544477,0.28837341213638973,0.00026318370695366244,0.0004959463999801264,0.09835779510767106,0.49243917329119874,0.00018927761030399358,0.010256518478978245,0.11864867924558246,0.6550364065624483,0.9607710728972538,0.0002732401979282344,0.15214890576410003,0.0076211932156467,0.000368598365493305,0.008869356595114376,0.0015155608882474613,0.9648923591648074,0.0012967784423697562,0.8861403479351498,0.0023798937674704306,0.0016864279956126979,0.00039135648440804713,0.017908148381848843,0.0024338861273608082,0.044361328151937565,0.9658591976871279,0.0030461841974564496,0.6550364065624483,0.0033567987540306077,0.008869356595114376,0.00011256671347177127,0.0023798937674704306,0.0021356595688230705,0.8928149969930096,0.012025507002679627,0.9290125954457735,0.9648923591648074,0.00018207841497033288,0.24473067019695285,0.9607710728972538,0.0022112069596717187
7,0.01323548441198138,0.4545442405600764,0.7344866227004887,0.013460335557267585,0.00010515165429458184,0.8440081826604156,0.002756210339063347,1.0,0.41127793192250756,0.6093361983199993,0.0002795479560810988,0.003576431740587202,0.00439503131097772,0.00439503131097772,0.00027862510749494926,0.00010515165429458184,0.0063923608716803726,0.8916813660356468,0.0006514460508966601,4.800974607986358e-06,0.43804293033350644,0.0010448822593036662,9.024141837295705e-05,0.0003529521097866285,0.0030560680213836938,0.6093361983199993,9.23413438576515e-05,9.024141837295705e-05,0.9586254133199879,0.00242414047475229,0.2127232464030666,0.6681156796983099,0.8900449736208705,0.5774230088809587,0.9408602295763706,0.00022200222384357858,0.2127232464030666,0.0002795479560810988,0.0016901463827407252,0.0003922023550491806,0.0030560680213836938,0.0006402251929141995,0.000395468204366495,0.037809322646248644,0.007036301231195107,0.0021797678251738862,8.277376984741279e-05,0.9978755778872187,0.83921672104679,0.00784615065379219,0.0002826767798729585,0.0018519366618510759,0.004391952614563436,0.006022073723976065,0.0006514460508966601,0.4677946661851287,8.53130257596865e-05,0.005831799379113484,0.680900564568923,0.0030560680213836938,0.7995309797681182,0.5890726727023664,3.239387206559737e-06,0.007920766141596954,0.7389579549977351,0.7965993753391066,0.00019454240687372297,0.0021797678251738862,0.0034055933846522963,0.7744751920088101,0.00011538632865558133,0.6093361983199993,0.8133843174578466,0.8975509377310982,0.83921672104679,0.0063923608716803726,0.7440275521641592,0.0006300771619342223,0.9770638639851589,0.8440081826604156,0.8297475891825012,0.1326289986443422,0.4245038876547681,0.6445793523797112,0.0016901463827407252,0.9960732172129618,0.0021797678251738862,0.8163466313371719,0.8975509377310982,0.6859183883377757,0.9770638639851589,0.969071025491536,0.0005596754453272014,0.3872080140410246,0.0006985906220550813,0.0063923608716803726,0.41127793192250756,0.002226854399839604,0.0034055933846522963,0.9978755778872187
8,0.0010683120736624768,0.95397592996695,0.30966754668578733,0.000596934659047915,1.2727416760178481e-06,0.7365632343961257,0.00018207841497033288,0.41127793192250756,1.0,0.5899212007147209,8.505024025787345e-06,6.363050763326413e-05,0.00014314999556487004,0.00014314999556487004,1.3146971922816758e-06,1.2727416760178481e-06,0.0004393379645436879,0.27609399333903784,1.1974386055034036e-05,3.8127184094523266e-08,0.8119536745712166,1.0025728848398654e-05,1.1955719478380923e-06,2.381387168103894e-06,3.847807956324265e-05,0.5899212007147209,7.833730409375969e-07,1.1955719478380923e-06,0.43845486900258324,0.00012980653346511496,0.1536481709833365,0.14463221550814315,0.33983807145814166,0.8529055148216347,0.603966287344827,4.161310872574605e-06,0.1536481709833365,8.505024025787345e-06,7.875580193365198e-05,3.5212818789788463e-06,3.847807956324265e-05,2.9583686154645886e-05,7.810020384940763e-06,0.006169095907811012,0.00023855417584035,4.8277920369373296e-05,4.982597596725152e-07,0.4322028062538241,0.18160917354737718,0.0003717728425661331,8.625707627474205e-06,6.72707714352912e-05,0.0001065089604113547,0.000142104607683206,1.1974386055034036e-05,0.9604196966447847,5.431071456431798e-06,0.00016470597270544984,0.7570211169254668,3.847807956324265e-05,0.6234366951611,0.9516957862174863,1.3081836467533401e-08,0.00018524747934960166,0.6781543020835504,0.4770738773498726,9.574969942735243e-07,4.8277920369373296e-05,0.00032666894396836003,0.2718296864094885,6.092406994499483e-07,0.5899212007147209,0.695368603425208,0.2153165752673248,0.18160917354737718,0.0004393379645436879,0.828929841876138,4.827426536510249e-05,0.5310113877770758,0.7365632343961257,0.671647376124171,0.2267573788011717,0.7552900479645186,0.1610255776284209,7.875580193365198e-05,0.3640593575875361,4.8277920369373296e-05,0.6783299239366415,0.2153165752673248,0.6158849896535358,0.5310113877770758,0.5546522121224212,3.760030667438014e-05,0.46433855865829843,3.487563057691039e-05,0.0004393379645436879,1.0,2.382336756634051e-05,0.00032666894396836003,0.4322028062538241
9,0.02815042024488512,0.4884773382299695,0.24925639072000452,0.017578323807031112,0.0001514944280267356,0.8243346754442716,0.0076211932156467,0.6093361983199993,0.5899212007147209,1.0,0.000718473199012517,0.002956895350853274,0.0061043061228522565,0.0061043061228522565,0.00011058734504859403,0.0001514944280267356,0.0147198148540909,0.34199698758767383,0.0008957968155699946,8.91268598959589e-06,0.3460193058171465,0.0006481086645266671,0.00014615523625697744,0.00020302801451562588,0.0018185085653891382,1.0,9.726524273463897e-05,0.00014615523625697744,0.7604447729110637,0.005912392727753652,0.6231352077324991,0.5318898242340526,0.7534633208525156,0.898197235956525,0.6574937245153237,0.00040084573682141756,0.6231352077324991,0.000718473199012517,0.004041874950029563,0.0003019964024736352,0.0018185085653891382,0.0018998634798990865,0.0006546913777096265,0.09608850344785617,0.008831899663074972,0.0025922674458158587,6.25492886034397e-05,0.599038080124142,0.2888480092310036,0.012745774393106863,0.0007264904555160718,0.0035499138522765874,0.00464755716854594,0.005624235533957317,0.0008957968155699946,0.5097240446690049,0.0004768465974014192,0.006546723880001939,0.47195163142103586,0.0018185085653891382,0.4651913429127035,0.732145100252165,3.3898161593420874e-06,0.006698450828218365,0.45579758610169485,0.9269669874269811,9.150143972437894e-05,0.0025922674458158587,0.011636191991831047,0.25577781402887134,6.882805803973751e-05,1.0,0.5467982785613421,0.5022200935560014,0.2888480092310036,0.0147198148540909,0.8403892936021334,0.0026934076055373235,0.7083136906641365,0.8243346754442716,0.5411844769325943,0.5859263249002246,0.8999642705654519,0.5937849762637178,0.004041874950029563,0.570979100678369,0.0025922674458158587,0.9158134942037971,0.5022200935560014,0.3739240133871187,0.7083136906641365,0.7121656778693025,0.0022406906984418456,0.9255982582669674,0.0021546686157031783,0.0147198148540909,0.5899212007147209,0.0012205921488427148,0.011636191991831047,0.599038080124142
10,0.5253203287636393,4.227514009398218e-06,1.225697599301531e-05,0.5079949584895528,0.7751147812412027,0.00013038298972902125,0.7809986547821782,0.0002795479560810988,8.505024025787345e-06,0.000718473199012517,1.0,0.4752114708511034,0.6944305266374884,0.6944305266374884,0.16678754511290123,0.7751147812412027,0.6668733251527786,8.270300769802361e-05,0.8203290997939073,0.5503883420465613,1.539652614858716e-06,0.35969898989510235,0.8206044141776216,0.31579692804858334,0.3164564170978023,0.000718473199012517,0.5914724690080647,0.8206044141776216,0.0006174311876652001,0.8343481127306684,0.011051785820917667,0.007016772413965245,0.00151618476425605,0.00011067983473298478,9.548202090977499e-05,0.9245952450989773,0.011051785820917667,1.0,0.8889763362150745,0.47302931267957044,0.3164564170978023,0.949318253585724,0.9057906501186975,0.25268878114262955,0.5978883208499498,0.6989149528352031,0.40303689197697146,0.00021477112737388444,0.00017755333115036724,0.640244937132243,0.999995694218357,0.8756340167893332,0.5839399733072015,0.4951909372455525,0.8203290997939073,5.035173073230216e-06,0.7358175196427584,0.5801208313792082,8.670579978703335e-06,0.3164564170978023,1.679694175847127e-05,2.8472149999222696e-05,0.31593267838242006,0.4239955204203709,1.1134332872419389e-05,0.0011247058682783107,0.21960657777117476,0.6989149528352031,0.6483448711150125,2.2479027099392154e-05,0.30360609771221125,0.000718473199012517,2.380541598241854e-05,0.0012460872439963933,0.00017755333115036724,0.6668733251527786,9.14305509421164e-05,0.783854666420844,0.00021816443087662913,0.00013038298972902125,2.5832236268739863e-05,0.0019110123202942596,0.00017257944539063918,0.007853292694843713,0.8889763362150745,0.0003245717763144833,0.6989149528352031,0.00028844330579117216,0.0012460872439963933,6.30405171899102e-06,0.00021816443087662913,0.00019028189129759206,0.8353930804705254,0.0011899194382828944,0.9307687891416271,0.6668733251527786,8.505024025787345e-06,0.28779610901727526,0.6483448711150125,0.00021477112737388444
11,0.5046401111865637,4.598528747638396e-05,0.00038449569386449185,0.7905928800427218,0.5966571479250815,0.0011263086296749692,0.46284231467445497,0.003576431740587202,6.363050763326413e-05,0.002956895350853274,0.4752114708511034,1.0,0.8627749514885111,0.8627749514885111,0.6044929954357247,0.5966571479250815,0.5302875526194476,0.0018889624772384693,0.8102072604428995,0.24102211626854245,2.531146885239587e-05,0.8981920256693231,0.5499322169885786,0.7603617357942751,0.9451465793745311,0.002956895350853274,0.6284294521387265,0.5499322169885786,0.005544211440046559,0.5465919501789511,0.01668948116622158,0.04551250450936193,0.011421540556708184,0.0005917975846496453,0.0012008276662690723,0.6096462630609752,0.01668948116622158,0.4752114708511034,0.5653661635142339,0.8275160873345692,0.9451465793745311,0.4338764060061969,0.6965062947491628,0.25046815597146943,0.8808596331043522,0.9314097103067057,0.6114349821699082,0.002873363327064167,0.00409919932107198,0.7365513738667743,0.47583521361284425,0.6998115246185527,0.9653889350891058,0.9776395404816569,0.8102072604428995,5.313241143111025e-05,0.1478608926775746,0.9360597624892112,0.00013963149545188463,0.9451465793745311,0.00030296651044940415,0.00022219162943508698,0.24682419087130425,0.9691432910444264,0.00019710017896682028,0.0063441528541602074,0.6267067201610302,0.9314097103067057,0.327097658053644,0.000679388445661051,0.6230346000971785,0.002956895350853274,0.00035886664515299185,0.014404386753714103,0.00409919932107198,0.5302875526194476,0.0007035272593213362,0.2558926936557595,0.0024170982661933797,0.0011263086296749692,0.00039825376586985153,0.002239186891874509,0.0006252344971258956,0.04341782385945482,0.5653661635142339,0.004330695148261477,0.9314097103067057,0.0019782058686585837,0.014404386753714103,0.00013329479499427942,0.0024170982661933797,0.002111317677902364,0.2847151911076539,0.0030364328571101766,0.4147285099979161,0.5302875526194476,6.363050763326413e-05,0.9079048679047154,0.327097658053644,0.002873363327064167
12,0.7930696714524629,9.032273003409755e-05,0.0003767636287260058,0.9370301656329513,0.6042774872892464,0.0018664984363142485,0.782445301364873,0.00439503131097772,0.00014314999556487004,0.0061043061228522565,0.6944305266374884,0.8627749514885111,1.0,1.0,0.3199026591640674,0.6042774872892464,0.8392177958685791,0.0018538719424616129,0.8580534385404711,0.2530799618692725,4.3230263132086356e-05,0.6305771868904056,0.591191434654392,0.491412485067254,0.6801080497025846,0.0061043061228522565,0.5333319566196655,0.591191434654392,0.007680015022330686,0.8521046686600257,0.041400179462942485,0.056397717906757905,0.015795038491244848,0.001274966471919901,0.0016655557182414786,0.720765724756545,0.041400179462942485,0.6944305266374884,0.8564279860084585,0.6262135170813173,0.6801080497025846,0.7145575843384705,0.8021160098858173,0.46945743444457794,0.9870678461956857,0.9582368682570122,0.4324113531878694,0.0035378953201218185,0.003652568461652545,0.9607601077367387,0.6956433825792763,0.9359449110323755,0.9616955440915984,0.9234021630587244,0.8580534385404711,0.00010458282409669457,0.3278271710466307,0.9765835737770309,0.0002097225453119676,0.6801080497025846,0.0004026465068677678,0.00044422505021323165,0.18680295449679787,0.8791491489849943,0.0002747004624394473,0.010641237489710373,0.35681825224836455,0.9582368682570122,0.6357279109103868,0.0006406820470200978,0.39362145766766404,0.0061043061228522565,0.0005118706978623111,0.01578100013296169,0.003652568461652545,0.8392177958685791,0.0012807872156080863,0.525036681023977,0.003316904690365818,0.0018664984363142485,0.0005567298883083502,0.0074347060115986475,0.0015647238155960044,0.05822459969550517,0.8564279860084585,0.005103952226529636,0.9582368682570122,0.003436314205915659,0.01578100013296169,0.00017638486754623027,0.003316904690365818,0.0029357077300810725,0.5581383280939426,0.007506114506416751,0.7016073213622557,0.8392177958685791,0.00014314999556487004,0.617192474130813,0.6357279109103868,0.0035378953201218185
13,0.7930696714524629,9.032273003409755e-05,0.0003767636287260058,0.9370301656329513,0.6042774872892464,0.0018664984363142485,0.782445301364873,0.00439503131097772,0.00014314999556487004,0.0061043061228522565,0.6944305266374884,0.8627749514885111,1.0,1.0,0.3199026591640674,0.6042774872892464,0.8392177958685791,0.0018538719424616129,0.8580534385404711,0.2530799618692725,4.3230263132086356e-05,0.6305771868904056,0.591191434654392,0.491412485067254,0.6801080497025846,0.0061043061228522565,0.5333319566196655,0.591191434654392,0.007680015022330686,0.8521046686600257,0.041400179462942485,0.056397717906757905,0.015795038491244848,0.001274966471919901,0.0016655557182414786,0.720765724756545,0.041400179462942485,0.6944305266374884,0.8564279860084585,0.6262135170813173,0.6801080497025846,0.7145575843384705,0.8021160098858173,0.46945743444457794,0.9870678461956857,0.9582368682570122,0.4324113531878694,0.0035378953201218185,0.003652568461652545,0.9607601077367387,0.6956433825792763,0.9359449110323755,0.9616955440915984,0.9234021630587244,0.8580534385404711,0.00010458282409669457,0.3278271710466307,0.9765835737770309,0.0002097225453119676,0.6801080497025846,0.0004026465068677678,0.00044422505021323165,0.18680295449679787,0.8791491489849943,0.0002747004624394473,0.010641237489710373,0.35681825224836455,0.9582368682570122,0.6357279109103868,0.0006406820470200978,0.39362145766766404,0.0061043061228522565,0.0005118706978623111,0.01578100013296169,0.003652568461652545,0.8392177958685791,0.0012807872156080863,0.525036681023977,0.003316904690365818,0.0018664984363142485,0.0005567298883083502,0.0074347060115986475,0.0015647238155960044,0.05822459969550517,0.8564279860084585,0.005103952226529636,0.9582368682570122,0.003436314205915659,0.01578100013296169,0.00017638486754623027,0.003316904690365818,0.0029357077300810725,0.5581383280939426,0.007506114506416751,0.7016073213622557,0.8392177958685791,0.00014314999556487004,0.617192474130813,0.6357279109103868,0.0035378953201218185
14,0.09517214926871038,1.0988848379064865e-06,3.2415685826515696e-05,0.2409159567098733,0.42612566668508606,4.914055221524612e-05,0.09561020426950258,0.00027862510749494926,1.3146971922816758e-06,0.00011058734504859403,0.16678754511290123,0.6044929954357247,0.3199026591640674,0.3199026591640674,1.0,0.42612566668508606,0.10991753218899444,0.00019186729582328028,0.44101976272451227,0.21887774023418746,6.910729053160882e-07,0.8596850178860617,0.36274252903842413,0.9322558154873288,0.7595497452308109,0.00011058734504859403,0.5989912986980546,0.36274252903842413,0.0003853674335669503,0.1326118136178663,0.0006906472501270045,0.005212017445046464,0.0008862448107697815,1.6835837538241198e-05,6.794020014047039e-05,0.3132934948538388,0.0006906472501270045,0.16678754511290123,0.15100592326788062,0.7992841384004655,0.7595497452308109,0.11250222078593367,0.35059349655158895,0.02866777345933935,0.32327137512835924,0.45834456280208596,0.7738128904129432,0.00021676980241486793,0.0005384214146387545,0.20721914093365665,0.16667738416562836,0.22887853507143768,0.45572977271510096,0.4796997076307211,0.44101976272451227,1.285573805652552e-06,0.027910814040309134,0.39527235692719676,5.480303233530448e-06,0.7595497452308109,1.550894127243837e-05,6.175705271785448e-06,0.38676021515622977,0.4861909446738364,8.963028401064397e-06,0.0003459485736734619,0.9803849204468523,0.45834456280208596,0.050875418386218514,6.503061764780125e-05,0.8945586257785073,0.00011058734504859403,1.6872308614588963e-05,0.0016313981525413921,0.0005384214146387545,0.10991753218899444,2.5461150523288613e-05,0.04458866201883025,0.00015193533614006287,4.914055221524612e-05,1.9516358708976955e-05,4.8719762770119804e-05,1.4932817782340932e-05,0.004411916279695102,0.15100592326788062,0.0003687310916672517,0.45834456280208596,8.718925916469628e-05,0.0016313981525413921,6.275865052219016e-06,0.00015193533614006287,0.00012791629556159985,0.05474683313481971,9.25663343271477e-05,0.10148027599703739,0.10991753218899444,1.3146971922816758e-06,0.8245043486322572,0.050875418386218514,0.00021676980241486793
15,0.2862323426800326,7.183547822404729e-07,5.231071856574682e-06,0.3955669558828702,1.0,3.236250423592288e-05,0.4342664828387308,0.00010515165429458184,1.2727416760178481e-06,0.0001514944280267356,0.7751147812412027,0.5966571479250815,0.6042774872892464,0.6042774872892464,0.42612566668508606,1.0,0.3807838549604026,3.8889681314010465e-05,0.902798157039736,0.7943960731080589,2.956321312328121e-07,0.6206572755124351,0.9930559270436251,0.6398944720858792,0.4937032209244271,0.0001514944280267356,0.9484107448766853,0.9930559270436251,0.00020917115275069325,0.5202639836602846,0.002293504312155566,0.003219050007707752,0.0005444513736210996,1.990238773912761e-05,2.9028775793389403e-05,0.9474118325238132,0.002293504312155566,0.7751147812412027,0.5892497998727552,0.797349059340449,0.4937032209244271,0.6004275070290537,0.9272241726508458,0.09922647178846594,0.5240756352209548,0.7375867412706483,0.8027436707022726,7.937982380415548e-05,9.904511607634795e-05,0.4612493245428417,0.7741855981081295,0.676200869845909,0.6103244676193597,0.5388011555471705,0.902798157039736,8.605010264623215e-07,0.35252730135845406,0.5621287067192272,2.112667523369489e-06,0.4937032209244271,4.924306967849635e-06,5.201671577945604e-06,0.6860316951581029,0.4738464172605926,3.0138005033899008e-06,0.00031231814530124674,0.5301460359224985,0.7375867412706483,0.29489419263125205,1.040154853657e-05,0.6739293257260274,0.0001514944280267356,6.500263218452703e-06,0.0005952370349040156,9.904511607634795e-05,0.3807838549604026,1.9865176856445413e-05,0.37076022668125314,7.036660013735642e-05,3.236250423592288e-05,7.2630563281680665e-06,0.00025389773594836334,2.6769736149245905e-05,0.0032854204530810365,0.5892497998727552,0.00012992229542894043,0.7375867412706483,7.071584675641546e-05,0.0005952370349040156,1.7718310529333156e-06,7.036660013735642e-05,5.9904780028997754e-05,0.42322837244990613,0.0002107007229244722,0.5653732578103121,0.3807838549604026,1.2727416760178481e-06,0.48899051182644726,0.29489419263125205,7.937982380415548e-05
16,0.9718515272450562,0.0002466599795170824,0.0004763218854860035,0.8490455218304995,0.3807838549604026,0.003828271909962112,0.9648923591648074,0.0063923608716803726,0.0004393379645436879,0.0147198148540909,0.6668733251527786,0.5302875526194476,0.8392177958685791,0.8392177958685791,0.10991753218899444,0.3807838549604026,1.0,0.002204230530696425,0.6054289593493382,0.14989161064075704,0.0001052609676866155,0.29975469863445436,0.3941943383440814,0.20631330736630926,0.34698909086328183,0.0147198148540909,0.27927429908283063,0.3941943383440814,0.012323386116715934,0.9561499146244818,0.10585143750798472,0.0724371547778709,0.024410576923695068,0.0034412359345120675,0.002864374819190119,0.5479045118029845,0.10585143750798472,0.6668733251527786,0.9173374974672309,0.3081804559780773,0.34698909086328183,0.8061573645816126,0.6059220630302101,0.7425128014861097,0.8172217244911004,0.6891474918903993,0.18795212634612596,0.005206260740619891,0.0037969765879949996,0.938166557160995,0.6686234172564668,0.8801443021412857,0.6900212017304875,0.6367852450118641,0.6054289593493382,0.00028472313228754763,0.47744993088909804,0.7443450454074725,0.0004241190144564221,0.34698909086328183,0.0007007617392059601,0.0011638009560264717,0.07823219372189961,0.589708522773408,0.0005093743522802698,0.020384081579120306,0.1295857751317417,0.6891474918903993,0.9243986706032639,0.0007615677187939428,0.15499691119855474,0.0147198148540909,0.0009496486488837814,0.01912285279424303,0.0037969765879949996,1.0,0.00293128980826059,0.7553505359171848,0.005477954399413805,0.003828271909962112,0.0010084360797220403,0.027273994954556423,0.004827286165007789,0.08097881760976962,0.9173374974672309,0.007056744153280957,0.6891474918903993,0.007192444623393335,0.01912285279424303,0.00031497939389638557,0.005477954399413805,0.004940934553192097,0.7594075101564018,0.021214505278663098,0.8179691207711913,1.0,0.0004393379645436879,0.29378512783126437,0.9243986706032639,0.005206260740619891
17,0.004859671254039677,0.35323194701436383,0.9136042903488697,0.006085099013114583,3.8889681314010465e-05,0.627446737278184,0.0008534243595316061,0.8916813660356468,0.27609399333903784,0.34199698758767383,8.270300769802361e-05,0.0018889624772384693,0.0018538719424616129,0.0018538719424616129,0.00019186729582328028,3.8889681314010465e-05,0.002204230530696425,1.0,0.00025919740129983496,1.4681349645873152e-06,0.3993513393032062,0.0006056273023174988,3.156111998933858e-05,0.0002052093123025986,0.001869299966850891,0.34199698758767383,3.916021921621846e-05,3.156111998933858e-05,0.745443567569628,0.0007869349751782864,0.08333522520282238,0.4768409323363489,0.6538487179607211,0.3502032950300676,0.8162429217336274,7.591882971651674e-05,0.08333522520282238,8.270300769802361e-05,0.0005462178219359268,0.00019973516209871884,0.001869299966850891,0.0001830228973484373,0.0001428565796855503,0.013585492005793745,0.0031565041437694465,0.0009611501999960426,4.073823033193258e-05,0.9025187384542068,0.9610873718067344,0.0031595806926490474,8.365794290651112e-05,0.0006593833541150858,0.002089503781587005,0.003064772869247351,0.00025919740129983496,0.3598147539170954,1.768843131721429e-05,0.002729786058865867,0.6310828092386739,0.001869299966850891,0.786070232992127,0.4095538174567192,1.2689030002487589e-06,0.004258908094282787,0.7159234617857884,0.5143565418738604,0.0001223108694071878,0.0009611501999960426,0.0009757649263659307,0.9583555534567938,6.394706883494926e-05,0.34199698758767383,0.7447577699479945,0.7905660556293164,0.9610873718067344,0.002204230530696425,0.5237059093896802,0.0001551499331638032,0.8149572757325079,0.627446737278184,0.7680957420144958,0.04538503149508353,0.22076062399256113,0.4305427288580509,0.0005462178219359268,0.9072435995852193,0.0009611501999960426,0.5581917028876863,0.7905660556293164,0.7107386824683242,0.8149572757325079,0.8067600989853134,0.0001409150737440669,0.18005278590100315,0.00019710518361365406,0.002204230530696425,0.27609399333903784,0.001400900339104862,0.0009757649263659307,0.9025187384542068
18,0.5055076820798439,7.167730734558673e-06,4.2109629377963984e-05,0.6609462043413111,0.902798157039736,0.0002283323100473706,0.6273084141819494,0.0006514460508966601,1.1974386055034036e-05,0.0008957968155699946,0.8203290997939073,0.8102072604428995,0.8580534385404711,0.8580534385404711,0.44101976272451227,0.902798157039736,0.6054289593493382,0.00025919740129983496,1.0,0.5340718069214696,3.186229288041266e-06,0.7257528376099361,0.8873770934940117,0.661510409216945,0.6625931498779507,0.0008957968155699946,0.8370019586908041,0.8873770934940117,0.0012129181376312036,0.7228232124555619,0.009295147135160891,0.013394181631483674,0.002835005608891987,0.00014511802044593137,0.00020643090602580867,0.9418740776809837,0.009295147135160891,0.8203290997939073,0.7764339478579456,0.8252433983376777,0.6625931498779507,0.7185841883818789,0.9790598032302961,0.22155669785013923,0.7910599261099832,0.9440903335881337,0.7019826767254042,0.0005063797923714809,0.0005902976407707545,0.7226788722622708,0.8204291447673258,0.8775964821825476,0.854856643613977,0.7866401887243413,1.0,8.452726685993826e-06,0.3705009818878754,0.8211045382895806,1.9215441726656594e-05,0.6625931498779507,4.127695398582345e-05,4.3443436545533016e-05,0.43744282615120306,0.719040881852234,2.647615974849705e-05,0.0017309945922448916,0.5197562766052104,0.9440903335881337,0.45869683594457517,7.812406054299469e-05,0.6155381231986462,0.0008957968155699946,5.333955749306196e-05,0.003014565497820233,0.0005902976407707545,0.6054289593493382,0.00014668879393685028,0.47439898257632657,0.00045766382318889734,0.0002283323100473706,5.893721582078499e-05,0.0012623893843472591,0.00018557248243166672,0.013679848287200654,0.7764339478579456,0.0007842987286457236,0.9440903335881337,0.000460086919064324,0.003014565497820233,1.6254379274935183e-05,0.00045766382318889734,0.00039630790077814135,0.5255610742329581,0.0011655015990816033,0.6886439220393547,0.6054289593493382,1.1974386055034036e-05,0.6326041536324044,0.45869683594457517,0.0005063797923714809
