,0,1,2,3,4,5,6,7,8,9,10,11,12,13,14,15,16,17,18,19,20,21,22,23,24,25,26,27,28,29,30,31,32,33,34,35,36,37,38,39,40,41,42,43,44,45,46,47,48,49,50,51,52,53,54,55,56,57,58,59,60,61,62,63,64,65,66,67,68,69,70,71,72,73,74,75,76,77,78,79,80,81,82,83,84,85,86,87,88,89,90,91,92,93,94,95,96,97,98,99
0,1.0,0.037,0.265,0.026,0.002,0.037,0.469,0.004,0.001,0.055,0.054,0.026,0.52,0.555,0.037,0.001,0.172,0.304,0.05,0.007,0.16,0.096,0.018,0.021,0.005,0.053,0.061,0.019,0.219,0.376,0.011,0.263,0.089,0.312,0.043,0.084,0.011,0.059,0.446,0.002,0.004,0.211,0.061,0.166,0.322,0.099,0.057,0.007,0.069,0.251,0.062,0.055,0.052,0.002,0.041,0.018,0.008,0.151,0.178,0.002,0.507,0.021,0.08,0.029,0.506,0.002,0.05,0.09,0.437,0.145,0.255,0.044,0.463,0.3,0.051,0.173,0.108,0.007,0.014,0.036,0.467,0.039,0.003,0.589,0.432,0.002,0.083,0.084,0.324,0.164,0.019,0.006,0.011,0.292,0.251,0.146,0.002,0.01,0.419,0.002
1,0.037,1.0,0.014,0.047,0.238,0.158,0.0,0.23,0.152,0.025,0.176,0.231,0.043,0.038,0.312,0.241,0.006,0.07,0.033,0.372,0.005,0.003,0.204,0.103,0.21,0.028,0.033,0.178,0.041,0.001,0.747,0.054,0.003,0.11,0.139,0.174,0.766,0.166,0.0,0.024,0.197,0.03,0.033,0.343,0.16,0.001,0.08,0.185,0.01,0.001,0.156,0.005,0.053,0.027,0.029,0.977,0.012,0.213,0.234,0.22,0.274,0.545,0.044,0.071,0.285,0.066,0.051,0.003,0.005,0.109,0.275,0.026,0.495,0.152,0.004,0.005,0.361,0.096,0.055,0.143,0.393,0.224,0.153,0.039,0.0,0.262,0.0,0.102,0.156,0.004,0.062,0.053,0.033,0.077,0.032,0.005,0.136,0.227,0.01,0.189
2,0.265,0.014,1.0,0.355,0.069,0.066,0.126,0.032,0.006,0.115,0.538,0.223,0.017,0.027,0.007,0.074,0.012,0.072,0.397,0.002,0.21,0.0,0.007,0.247,0.002,0.083,0.074,0.002,0.006,0.038,0.058,0.027,0.103,0.244,0.024,0.025,0.071,0.513,0.084,0.107,0.001,0.043,0.037,0.192,0.326,0.008,0.213,0.091,0.036,0.155,0.541,0.358,0.069,0.038,0.39,0.018,0.003,0.075,0.156,0.001,0.044,0.002,0.289,0.016,0.107,0.312,0.042,0.004,0.03,0.564,0.15,0.109,0.114,0.073,0.036,0.009,0.018,0.018,0.089,0.062,0.067,0.204,0.021,0.123,0.08,0.036,0.003,0.084,0.078,0.0,0.085,0.087,0.048,0.013,0.128,0.012,0.002,0.001,0.029,0.087
3,0.026,0.047,0.355,1.0,0.001,0.294,0.03,0.179,0.043,0.253,0.607,0.016,0.006,0.01,0.02,0.003,0.131,0.026,0.012,0.031,0.0,0.312,0.003,0.369,0.032,0.225,0.16,0.006,0.032,0.109,0.036,0.039,0.019,0.03,0.413,0.002,0.042,0.595,0.058,0.004,0.031,0.015,0.002,0.0,0.186,0.017,0.253,0.225,0.187,0.094,0.612,0.244,0.144,0.117,0.01,0.03,0.1,0.007,0.043,0.031,0.009,0.018,0.061,0.017,0.073,0.193,0.045,0.01,0.016,0.063,0.09,0.246,0.018,0.038,0.18,0.137,0.058,0.511,0.255,0.262,0.025,0.469,0.009,0.116,0.052,0.103,0.016,0.035,0.032,0.221,0.239,0.316,0.591,0.124,0.029,0.124,0.05,0.102,0.018,0.266
4,0.002,0.238,0.069,0.001,1.0,0.045,0.039,0.009,0.004,0.225,0.073,0.006,0.239,0.225,0.025,1.0,0.0,0.008,0.0,0.082,0.039,0.004,0.689,0.224,0.102,0.224,0.213,0.72,0.0,0.05,0.151,0.011,0.029,0.178,0.013,0.136,0.155,0.071,0.06,0.673,0.08,0.004,0.221,0.108,0.102,0.441,0.111,0.012,0.208,0.131,0.065,0.032,0.065,0.0,0.0,0.162,0.096,0.011,0.323,0.089,0.02,0.132,0.016,0.017,0.135,0.047,0.002,0.443,0.001,0.039,0.182,0.208,0.094,0.062,0.225,0.001,0.003,0.007,0.006,0.051,0.043,0.105,0.337,0.033,0.058,0.007,0.45,0.108,0.072,0.004,0.009,0.005,0.001,0.001,0.006,0.001,0.006,0.066,0.0,0.006
5,0.037,0.158,0.066,0.294,0.045,1.0,0.001,0.034,0.039,0.234,0.057,0.088,0.004,0.001,0.089,0.053,0.015,0.1,0.002,0.136,0.029,0.496,0.162,0.155,0.122,0.254,0.008,0.162,0.403,0.002,0.138,0.02,0.159,0.14,0.434,0.007,0.18,0.06,0.001,0.121,0.118,0.109,0.0,0.132,0.021,0.001,0.02,0.041,0.232,0.126,0.041,0.019,0.01,0.02,0.0,0.103,0.067,0.027,0.164,0.126,0.247,0.234,0.02,0.107,0.201,0.027,0.099,0.001,0.069,0.005,0.067,0.24,0.221,0.141,0.225,0.012,0.448,0.186,0.02,1.0,0.233,0.2,0.073,0.039,0.001,0.001,0.0,0.239,0.158,0.051,0.017,0.023,0.285,0.098,0.042,0.008,0.051,0.078,0.056,0.038
6,0.469,0.0,0.126,0.03,0.039,0.001,1.0,0.006,0.0,0.137,0.041,0.094,0.326,0.272,0.0,0.035,0.081,0.042,0.126,0.0,0.048,0.084,0.195,0.12,0.011,0.131,0.181,0.221,0.005,0.43,0.052,0.044,0.132,0.202,0.033,0.017,0.053,0.051,0.135,0.002,0.023,0.124,0.129,0.058,0.128,0.205,0.143,0.0,0.194,0.507,0.043,0.069,0.026,0.007,0.144,0.0,0.022,0.029,0.251,0.016,0.135,0.009,0.015,0.012,0.406,0.107,0.016,0.176,0.151,0.036,0.01,0.128,0.059,0.125,0.169,0.106,0.0,0.197,0.017,0.002,0.044,0.008,0.281,0.409,0.121,0.001,0.176,0.287,0.101,0.483,0.011,0.016,0.217,0.002,0.111,0.111,0.0,0.017,0.174,0.0
7,0.004,0.23,0.032,0.179,0.009,0.034,0.006,1.0,0.762,0.0,0.407,0.43,0.01,0.007,0.482,0.01,0.0,0.069,0.001,0.272,0.13,0.005,0.037,0.065,0.036,0.0,0.006,0.046,0.02,0.009,0.443,0.037,0.192,0.007,0.481,0.039,0.444,0.397,0.017,0.01,0.036,0.064,0.021,0.223,0.089,0.002,0.014,0.921,0.005,0.003,0.389,0.009,0.278,0.599,0.002,0.33,0.055,0.278,0.024,0.027,0.092,0.257,0.498,0.421,0.058,0.161,0.467,0.003,0.002,0.155,0.0,0.0,0.007,0.112,0.012,0.0,0.01,0.001,0.695,0.021,0.013,0.058,0.039,0.012,0.027,0.965,0.001,0.067,0.11,0.023,0.67,0.649,0.033,0.012,0.039,0.0,0.76,0.117,0.003,0.928
8,0.001,0.152,0.006,0.043,0.004,0.039,0.0,0.762,1.0,0.003,0.172,0.323,0.013,0.006,0.772,0.009,0.0,0.111,0.018,0.618,0.172,0.027,0.069,0.043,0.058,0.007,0.004,0.067,0.001,0.002,0.147,0.075,0.258,0.096,0.175,0.116,0.142,0.172,0.006,0.049,0.039,0.052,0.007,0.29,0.043,0.003,0.011,0.731,0.004,0.007,0.173,0.013,0.423,0.772,0.013,0.239,0.181,0.347,0.035,0.039,0.109,0.109,0.352,0.465,0.016,0.076,0.299,0.006,0.001,0.097,0.052,0.009,0.054,0.135,0.001,0.0,0.213,0.061,0.434,0.03,0.067,0.012,0.016,0.01,0.016,0.815,0.006,0.076,0.133,0.003,0.426,0.403,0.012,0.029,0.021,0.002,1.0,0.187,0.0,0.735
9,0.055,0.025,0.115,0.253,0.225,0.234,0.137,0.0,0.003,1.0,0.05,0.001,0.005,0.005,0.022,0.199,0.242,0.016,0.003,0.015,0.024,0.169,0.262,0.063,0.001,1.0,0.485,0.255,0.091,0.268,0.007,0.121,0.006,0.058,0.053,0.118,0.02,0.067,0.122,0.365,0.002,0.199,0.088,0.128,0.05,0.12,0.757,0.004,0.004,0.027,0.067,0.423,0.008,0.03,0.003,0.022,0.005,0.05,0.091,0.0,0.106,0.027,0.023,0.004,0.11,0.131,0.14,0.133,0.115,0.013,0.356,1.0,0.019,0.02,0.006,0.237,0.16,0.169,0.008,0.241,0.054,0.008,0.153,0.199,0.109,0.005,0.124,0.104,0.008,0.15,0.01,0.0,0.066,0.077,0.107,0.247,0.01,0.0,0.09,0.005
10,0.054,0.176,0.538,0.607,0.073,0.057,0.041,0.407,0.172,0.05,1.0,0.428,0.036,0.023,0.014,0.075,0.012,0.017,0.204,0.034,0.022,0.012,0.178,0.09,0.02,0.048,0.011,0.181,0.021,0.034,0.359,0.004,0.083,0.006,0.291,0.012,0.336,1.0,0.053,0.028,0.023,0.0,0.056,0.009,0.314,0.045,0.125,0.426,0.172,0.167,1.0,0.216,0.266,0.276,0.221,0.13,0.025,0.002,0.007,0.017,0.001,0.171,0.136,0.14,0.013,0.165,0.029,0.041,0.027,0.238,0.02,0.058,0.013,0.078,0.149,0.004,0.022,0.031,0.309,0.059,0.01,0.37,0.139,0.075,0.062,0.342,0.039,0.021,0.093,0.024,0.293,0.336,0.114,0.003,0.028,0.01,0.166,0.035,0.043,0.463
11,0.026,0.231,0.223,0.016,0.006,0.088,0.094,0.43,0.323,0.001,0.428,1.0,0.002,0.0,0.078,0.005,0.022,0.007,0.208,0.04,0.133,0.165,0.212,0.018,0.03,0.0,0.006,0.236,0.05,0.011,0.58,0.005,0.239,0.178,0.046,0.0,0.541,0.41,0.009,0.002,0.031,0.0,0.014,0.041,0.043,0.004,0.011,0.352,0.02,0.003,0.419,0.041,0.073,0.287,0.218,0.256,0.218,0.012,0.01,0.035,0.009,0.646,0.154,0.302,0.005,0.042,0.054,0.004,0.03,0.163,0.011,0.002,0.046,0.183,0.016,0.024,0.001,0.185,0.154,0.092,0.039,0.017,0.291,0.043,0.006,0.515,0.002,0.021,0.16,0.064,0.155,0.096,0.071,0.085,0.0,0.02,0.273,0.0,0.027,0.355
12,0.52,0.043,0.017,0.006,0.239,0.004,0.326,0.01,0.013,0.005,0.036,0.002,1.0,1.0,0.018,0.211,0.179,0.472,0.008,0.033,0.006,0.019,0.094,0.048,0.155,0.005,0.014,0.068,0.214,0.428,0.027,0.195,0.086,0.001,0.001,0.544,0.043,0.033,0.645,0.062,0.158,0.264,0.561,0.011,0.423,0.295,0.007,0.006,0.02,0.248,0.039,0.024,0.139,0.0,0.006,0.022,0.109,0.247,0.003,0.164,0.153,0.004,0.0,0.047,0.061,0.07,0.023,0.263,0.25,0.005,0.005,0.0,0.057,0.371,0.044,0.146,0.012,0.004,0.016,0.003,0.07,0.113,0.1,0.53,0.658,0.007,0.287,0.004,0.345,0.096,0.009,0.003,0.005,0.272,0.269,0.154,0.007,0.107,0.213,0.007
13,0.555,0.038,0.027,0.01,0.225,0.001,0.272,0.007,0.006,0.005,0.023,0.0,1.0,1.0,0.026,0.212,0.163,0.463,0.008,0.042,0.004,0.014,0.086,0.046,0.162,0.002,0.019,0.084,0.203,0.448,0.036,0.171,0.083,0.0,0.007,0.547,0.029,0.042,0.647,0.078,0.145,0.249,0.56,0.018,0.456,0.283,0.001,0.008,0.028,0.252,0.043,0.022,0.137,0.0,0.005,0.023,0.104,0.261,0.005,0.174,0.126,0.005,0.001,0.039,0.058,0.054,0.02,0.263,0.218,0.008,0.0,0.003,0.082,0.4,0.023,0.177,0.007,0.009,0.017,0.003,0.073,0.119,0.108,0.539,0.664,0.006,0.281,0.009,0.374,0.074,0.008,0.005,0.003,0.258,0.271,0.167,0.007,0.089,0.24,0.009
14,0.037,0.312,0.007,0.02,0.025,0.089,0.0,0.482,0.772,0.022,0.014,0.078,0.018,0.026,1.0,0.036,0.046,0.114,0.0,0.881,0.044,0.002,0.041,0.088,0.244,0.017,0.108,0.042,0.014,0.044,0.096,0.011,0.175,0.128,0.137,0.16,0.078,0.023,0.055,0.099,0.244,0.116,0.001,0.372,0.079,0.025,0.081,0.453,0.03,0.038,0.019,0.041,0.334,0.451,0.001,0.427,0.094,0.371,0.081,0.23,0.378,0.015,0.201,0.214,0.098,0.135,0.268,0.037,0.043,0.069,0.202,0.019,0.171,0.093,0.022,0.047,0.311,0.084,0.268,0.088,0.192,0.099,0.022,0.003,0.056,0.454,0.025,0.106,0.088,0.058,0.294,0.262,0.048,0.009,0.067,0.032,0.766,0.49,0.051,0.43
15,0.001,0.241,0.074,0.003,1.0,0.053,0.035,0.01,0.009,0.199,0.075,0.005,0.211,0.212,0.036,1.0,0.002,0.006,0.0,0.112,0.047,0.001,0.698,0.22,0.087,0.209,0.221,0.656,0.0,0.063,0.155,0.015,0.022,0.176,0.009,0.136,0.174,0.075,0.052,0.687,0.085,0.002,0.234,0.103,0.101,0.441,0.128,0.011,0.217,0.131,0.063,0.029,0.051,0.001,0.0,0.164,0.094,0.012,0.282,0.107,0.022,0.161,0.032,0.01,0.096,0.042,0.002,0.444,0.0,0.032,0.171,0.208,0.073,0.053,0.19,0.001,0.005,0.011,0.005,0.048,0.046,0.085,0.34,0.035,0.045,0.013,0.457,0.105,0.055,0.004,0.006,0.007,0.001,0.0,0.005,0.002,0.009,0.056,0.002,0.005
16,0.172,0.006,0.012,0.131,0.0,0.015,0.081,0.0,0.0,0.242,0.012,0.022,0.179,0.163,0.046,0.002,1.0,0.066,0.233,0.003,0.116,0.216,0.047,0.092,0.011,0.239,0.565,0.067,0.066,0.602,0.031,0.803,0.023,0.156,0.006,0.166,0.019,0.014,0.579,0.006,0.003,0.012,0.004,0.002,0.031,0.056,0.344,0.0,0.021,0.055,0.01,0.18,0.081,0.009,0.213,0.005,0.047,0.044,0.001,0.003,0.323,0.006,0.008,0.003,0.173,0.207,0.068,0.048,0.305,0.048,0.032,0.243,0.013,0.089,0.024,1.0,0.009,0.09,0.003,0.005,0.021,0.0,0.278,0.555,0.542,0.0,0.049,0.023,0.078,0.489,0.006,0.008,0.09,0.574,0.04,1.0,0.001,0.007,0.292,0.0
17,0.304,0.07,0.072,0.026,0.008,0.1,0.042,0.069,0.111,0.016,0.017,0.007,0.472,0.463,0.114,0.006,0.066,1.0,0.093,0.038,0.116,0.044,0.0,0.001,0.199,0.007,0.001,0.002,0.539,0.19,0.033,0.01,0.199,0.004,0.035,0.17,0.036,0.022,0.47,0.003,0.212,0.216,0.417,0.41,0.121,0.159,0.072,0.082,0.089,0.068,0.015,0.106,0.018,0.116,0.09,0.1,0.165,0.025,0.013,0.183,0.301,0.056,0.021,0.369,0.061,0.074,0.016,0.135,0.197,0.047,0.05,0.02,0.317,0.193,0.087,0.05,0.317,0.053,0.018,0.103,0.401,0.036,0.054,0.195,0.481,0.113,0.138,0.033,0.208,0.003,0.023,0.039,0.048,0.08,0.215,0.047,0.112,0.067,0.2,0.075
18,0.05,0.033,0.397,0.012,0.0,0.002,0.126,0.001,0.018,0.003,0.204,0.208,0.008,0.008,0.0,0.0,0.233,0.093,1.0,0.001,0.432,0.083,0.073,0.003,0.013,0.005,0.098,0.079,0.004,0.025,0.025,0.401,0.127,0.243,0.0,0.011,0.027,0.2,0.0,0.025,0.02,0.029,0.274,0.22,0.134,0.025,0.023,0.0,0.008,0.033,0.202,0.173,0.232,0.198,1.0,0.026,0.001,0.195,0.046,0.02,0.029,0.022,0.239,0.051,0.054,0.068,0.088,0.019,0.164,0.572,0.044,0.002,0.003,0.022,0.002,0.26,0.005,0.073,0.004,0.0,0.0,0.027,0.439,0.132,0.001,0.001,0.024,0.013,0.018,0.133,0.001,0.002,0.046,0.391,0.01,0.241,0.014,0.011,0.145,0.001
19,0.007,0.372,0.002,0.031,0.082,0.136,0.0,0.272,0.618,0.015,0.034,0.04,0.033,0.042,0.881,0.112,0.003,0.038,0.001,1.0,0.094,0.0,0.122,0.15,0.339,0.015,0.039,0.127,0.015,0.002,0.08,0.036,0.086,0.227,0.048,0.214,0.072,0.032,0.003,0.203,0.364,0.107,0.044,0.206,0.068,0.063,0.017,0.269,0.051,0.014,0.041,0.001,0.319,0.336,0.003,0.352,0.181,0.294,0.215,0.327,0.269,0.026,0.11,0.093,0.14,0.042,0.088,0.052,0.014,0.026,0.24,0.009,0.228,0.084,0.056,0.002,0.413,0.082,0.135,0.162,0.224,0.145,0.006,0.007,0.004,0.269,0.061,0.156,0.119,0.024,0.157,0.162,0.055,0.035,0.053,0.002,0.607,0.591,0.017,0.245
20,0.16,0.005,0.21,0.0,0.039,0.029,0.048,0.13,0.172,0.024,0.022,0.133,0.006,0.004,0.044,0.047,0.116,0.116,0.432,0.094,1.0,0.086,0.02,0.05,0.279,0.022,0.129,0.031,0.013,0.014,0.142,0.327,0.023,0.618,0.003,0.013,0.143,0.023,0.005,0.004,0.276,0.008,0.304,0.045,0.041,0.02,0.004,0.118,0.075,0.01,0.019,0.158,0.058,0.156,0.466,0.023,0.283,0.108,0.034,0.255,0.16,0.132,0.445,0.175,0.224,0.085,0.094,0.025,0.207,0.558,0.258,0.023,0.05,0.034,0.044,0.116,0.02,0.003,0.051,0.028,0.053,0.014,0.119,0.115,0.001,0.211,0.026,0.0,0.048,0.144,0.055,0.016,0.048,0.141,0.005,0.141,0.163,0.132,0.183,0.119
21,0.096,0.003,0.0,0.312,0.004,0.496,0.084,0.005,0.027,0.169,0.012,0.165,0.019,0.014,0.002,0.001,0.216,0.044,0.083,0.0,0.086,1.0,0.105,0.078,0.172,0.18,0.107,0.103,0.069,0.017,0.005,0.179,0.024,0.12,0.432,0.011,0.006,0.015,0.074,0.0,0.19,0.158,0.004,0.075,0.003,0.001,0.029,0.012,0.086,0.011,0.018,0.08,0.001,0.033,0.068,0.001,0.223,0.013,0.112,0.163,0.085,0.136,0.003,0.123,0.108,0.01,0.163,0.0,0.08,0.001,0.001,0.18,0.026,0.143,0.074,0.213,0.199,0.585,0.076,0.463,0.04,0.181,0.125,0.021,0.067,0.011,0.0,0.047,0.134,0.017,0.08,0.11,0.353,0.058,0.083,0.194,0.036,0.206,0.091,0.004
22,0.018,0.204,0.007,0.003,0.689,0.162,0.195,0.037,0.069,0.262,0.178,0.212,0.094,0.086,0.041,0.698,0.047,0.0,0.073,0.122,0.02,0.105,1.0,0.241,0.152,0.269,0.28,1.0,0.0,0.06,0.285,0.066,0.003,0.015,0.003,0.098,0.323,0.175,0.01,0.531,0.146,0.001,0.14,0.007,0.039,0.424,0.144,0.042,0.195,0.184,0.177,0.083,0.181,0.049,0.083,0.136,0.112,0.006,0.122,0.149,0.005,0.335,0.001,0.031,0.009,0.017,0.0,0.443,0.011,0.04,0.037,0.248,0.04,0.044,0.186,0.062,0.039,0.101,0.016,0.147,0.013,0.091,0.556,0.039,0.011,0.074,0.442,0.044,0.035,0.066,0.008,0.004,0.089,0.072,0.0,0.037,0.067,0.131,0.012,0.041
23,0.021,0.103,0.247,0.369,0.224,0.155,0.12,0.065,0.043,0.063,0.09,0.018,0.048,0.046,0.088,0.22,0.092,0.001,0.003,0.15,0.05,0.078,0.241,1.0,0.127,0.051,0.115,0.239,0.031,0.244,0.101,0.052,0.008,0.004,0.135,0.021,0.104,0.108,0.073,0.068,0.106,0.067,0.07,0.015,0.095,0.033,0.16,0.157,0.001,0.034,0.091,0.17,0.0,0.024,0.003,0.089,0.028,0.022,0.053,0.098,0.045,0.225,0.282,0.006,0.006,0.46,0.142,0.031,0.036,0.116,0.112,0.059,0.281,0.009,0.001,0.086,0.088,0.268,0.279,0.16,0.183,0.167,0.174,0.056,0.084,0.033,0.032,0.071,0.003,0.357,0.279,0.397,0.406,0.061,0.18,0.086,0.04,0.243,0.031,0.147
24,0.005,0.21,0.002,0.032,0.102,0.122,0.011,0.036,0.058,0.001,0.02,0.03,0.155,0.162,0.244,0.087,0.011,0.199,0.013,0.339,0.279,0.172,0.152,0.127,1.0,0.0,0.081,0.143,0.097,0.005,0.076,0.005,0.01,0.283,0.24,0.24,0.069,0.023,0.012,0.046,1.0,0.347,0.183,0.015,0.312,0.068,0.008,0.052,0.17,0.055,0.011,0.004,0.128,0.003,0.01,0.132,0.448,0.245,0.025,1.0,0.12,0.119,0.027,0.094,0.153,0.063,0.128,0.072,0.016,0.002,0.073,0.0,0.002,0.196,0.137,0.011,0.022,0.056,0.205,0.119,0.0,0.447,0.018,0.006,0.015,0.001,0.065,0.019,0.204,0.176,0.214,0.223,0.145,0.047,0.361,0.009,0.048,0.668,0.014,0.036
25,0.053,0.028,0.083,0.225,0.224,0.254,0.131,0.0,0.007,1.0,0.048,0.0,0.005,0.002,0.017,0.209,0.239,0.007,0.005,0.015,0.022,0.18,0.269,0.051,0.0,1.0,0.49,0.251,0.095,0.286,0.013,0.128,0.008,0.056,0.059,0.115,0.011,0.053,0.11,0.357,0.0,0.169,0.088,0.13,0.041,0.128,0.735,0.003,0.007,0.028,0.064,0.403,0.006,0.035,0.004,0.024,0.007,0.054,0.092,0.0,0.085,0.024,0.018,0.006,0.126,0.131,0.167,0.14,0.092,0.007,0.312,1.0,0.011,0.009,0.004,0.229,0.18,0.123,0.009,0.238,0.032,0.008,0.183,0.19,0.123,0.002,0.164,0.083,0.013,0.154,0.009,0.0,0.052,0.074,0.109,0.246,0.008,0.0,0.111,0.005
26,0.061,0.033,0.074,0.16,0.213,0.008,0.181,0.006,0.004,0.485,0.011,0.006,0.014,0.019,0.108,0.221,0.565,0.001,0.098,0.039,0.129,0.107,0.28,0.115,0.081,0.49,1.0,0.281,0.013,0.337,0.007,0.4,0.022,0.203,0.02,0.071,0.003,0.009,0.118,0.173,0.07,0.141,0.194,0.09,0.066,0.138,0.676,0.006,0.009,0.002,0.011,0.298,0.014,0.004,0.078,0.021,0.026,0.055,0.026,0.071,0.318,0.0,0.009,0.016,0.185,0.227,0.059,0.144,0.117,0.023,0.315,0.495,0.043,0.004,0.005,0.543,0.007,0.09,0.024,0.005,0.04,0.013,0.485,0.232,0.131,0.002,0.173,0.005,0.004,0.416,0.029,0.019,0.12,0.156,0.132,0.538,0.013,0.089,0.124,0.004
27,0.019,0.178,0.002,0.006,0.72,0.162,0.221,0.046,0.067,0.255,0.181,0.236,0.068,0.084,0.042,0.656,0.067,0.002,0.079,0.127,0.031,0.103,1.0,0.239,0.143,0.251,0.281,1.0,0.0,0.066,0.306,0.057,0.003,0.018,0.005,0.102,0.3,0.156,0.015,0.537,0.144,0.0,0.134,0.004,0.042,0.419,0.127,0.037,0.172,0.188,0.156,0.06,0.169,0.051,0.079,0.126,0.111,0.005,0.101,0.144,0.001,0.376,0.001,0.032,0.009,0.016,0.0,0.44,0.012,0.042,0.041,0.282,0.044,0.043,0.191,0.051,0.044,0.096,0.015,0.174,0.016,0.116,0.583,0.033,0.009,0.084,0.404,0.036,0.052,0.053,0.013,0.009,0.07,0.086,0.0,0.051,0.071,0.139,0.009,0.031
28,0.219,0.041,0.006,0.032,0.0,0.403,0.005,0.02,0.001,0.091,0.021,0.05,0.214,0.203,0.014,0.0,0.066,0.539,0.004,0.015,0.013,0.069,0.0,0.031,0.097,0.095,0.013,0.0,1.0,0.045,0.115,0.083,0.215,0.027,0.181,0.123,0.111,0.018,0.194,0.009,0.1,0.402,0.05,0.185,0.135,0.1,0.017,0.005,0.309,0.158,0.022,0.002,0.178,0.014,0.005,0.039,0.164,0.217,0.083,0.12,0.326,0.048,0.142,0.2,0.091,0.002,0.134,0.1,0.462,0.03,0.199,0.106,0.412,0.383,0.303,0.075,0.505,0.034,0.146,0.402,0.557,0.012,0.009,0.144,0.216,0.003,0.094,0.259,0.385,0.001,0.142,0.08,0.058,0.139,0.332,0.048,0.001,0.063,0.458,0.004
29,0.376,0.001,0.038,0.109,0.05,0.002,0.43,0.009,0.002,0.268,0.034,0.011,0.428,0.448,0.044,0.063,0.602,0.19,0.025,0.002,0.014,0.017,0.06,0.244,0.005,0.286,0.337,0.066,0.045,1.0,0.032,0.429,0.006,0.114,0.009,0.155,0.037,0.032,0.679,0.007,0.003,0.08,0.144,0.031,0.027,0.074,0.452,0.011,0.035,0.215,0.051,0.173,0.061,0.022,0.028,0.0,0.024,0.045,0.042,0.002,0.313,0.003,0.026,0.019,0.305,0.485,0.118,0.061,0.17,0.004,0.024,0.256,0.033,0.135,0.038,0.61,0.002,0.043,0.017,0.002,0.033,0.001,0.157,0.786,0.703,0.003,0.062,0.026,0.164,0.651,0.027,0.026,0.142,0.238,0.026,0.618,0.001,0.011,0.181,0.014
30,0.011,0.747,0.058,0.036,0.151,0.138,0.052,0.443,0.147,0.007,0.359,0.58,0.027,0.036,0.096,0.155,0.031,0.033,0.025,0.08,0.142,0.005,0.285,0.101,0.076,0.013,0.007,0.306,0.115,0.032,1.0,0.083,0.041,0.003,0.176,0.036,1.0,0.348,0.009,0.046,0.087,0.013,0.001,0.13,0.145,0.009,0.001,0.347,0.008,0.012,0.337,0.0,0.021,0.113,0.031,0.757,0.029,0.121,0.118,0.081,0.104,0.75,0.161,0.195,0.086,0.04,0.137,0.006,0.055,0.175,0.09,0.007,0.269,0.188,0.009,0.021,0.204,0.065,0.184,0.157,0.201,0.132,0.187,0.13,0.01,0.499,0.012,0.114,0.162,0.006,0.163,0.123,0.004,0.057,0.013,0.021,0.166,0.051,0.081,0.34
31,0.263,0.054,0.027,0.039,0.011,0.02,0.044,0.037,0.075,0.121,0.004,0.005,0.195,0.171,0.011,0.015,0.803,0.01,0.401,0.036,0.327,0.179,0.066,0.052,0.005,0.128,0.4,0.057,0.083,0.429,0.083,1.0,0.014,0.167,0.004,0.214,0.078,0.002,0.415,0.012,0.006,0.032,0.004,0.024,0.101,0.033,0.15,0.025,0.014,0.054,0.001,0.036,0.259,0.138,0.36,0.076,0.13,0.244,0.031,0.003,0.209,0.02,0.095,0.052,0.107,0.032,0.0,0.032,0.463,0.236,0.078,0.141,0.019,0.201,0.02,0.834,0.02,0.02,0.005,0.017,0.015,0.026,0.264,0.606,0.424,0.051,0.028,0.022,0.19,0.299,0.003,0.003,0.031,0.735,0.011,0.821,0.098,0.008,0.482,0.016
32,0.089,0.003,0.103,0.019,0.029,0.159,0.132,0.192,0.258,0.006,0.083,0.239,0.086,0.083,0.175,0.022,0.023,0.199,0.127,0.086,0.023,0.024,0.003,0.008,0.01,0.008,0.022,0.003,0.215,0.006,0.041,0.014,1.0,0.0,0.02,0.048,0.035,0.085,0.115,0.001,0.013,0.068,0.109,0.116,0.078,0.363,0.096,0.202,0.402,0.343,0.101,0.349,0.031,0.431,0.141,0.005,0.03,0.043,0.048,0.015,0.029,0.138,0.054,0.565,0.012,0.014,0.101,0.333,0.127,0.061,0.015,0.004,0.018,0.125,0.386,0.034,0.152,0.007,0.159,0.171,0.049,0.009,0.048,0.056,0.135,0.236,0.361,0.325,0.117,0.002,0.158,0.134,0.017,0.107,0.082,0.031,0.27,0.009,0.122,0.189
33,0.312,0.11,0.244,0.03,0.178,0.14,0.202,0.007,0.096,0.058,0.006,0.178,0.001,0.0,0.128,0.176,0.156,0.004,0.243,0.227,0.618,0.12,0.015,0.004,0.283,0.056,0.203,0.018,0.027,0.114,0.003,0.167,0.0,1.0,0.111,0.009,0.01,0.007,0.044,0.042,0.273,0.002,0.127,0.057,0.001,0.008,0.079,0.011,0.01,0.027,0.006,0.022,0.003,0.03,0.237,0.034,0.333,0.005,0.406,0.314,0.415,0.039,0.172,0.057,0.74,0.001,0.03,0.004,0.061,0.259,0.263,0.045,0.209,0.063,0.01,0.15,0.112,0.149,0.005,0.136,0.214,0.147,0.049,0.205,0.035,0.031,0.007,0.114,0.049,0.44,0.006,0.006,0.283,0.06,0.004,0.153,0.095,0.081,0.075,0.007
34,0.043,0.139,0.024,0.413,0.013,0.434,0.033,0.481,0.175,0.053,0.291,0.046,0.001,0.007,0.137,0.009,0.006,0.035,0.0,0.048,0.003,0.432,0.003,0.135,0.24,0.059,0.02,0.005,0.181,0.009,0.176,0.004,0.02,0.111,1.0,0.011,0.201,0.261,0.025,0.003,0.248,0.31,0.0,0.095,0.105,0.001,0.012,0.43,0.076,0.024,0.285,0.028,0.199,0.15,0.001,0.115,0.027,0.287,0.165,0.227,0.15,0.013,0.249,0.013,0.278,0.146,0.668,0.0,0.006,0.044,0.029,0.06,0.084,0.03,0.072,0.015,0.192,0.283,0.663,0.415,0.086,0.32,0.02,0.008,0.017,0.306,0.002,0.091,0.033,0.147,0.646,0.639,0.413,0.039,0.232,0.012,0.157,0.308,0.003,0.454
35,0.084,0.174,0.025,0.002,0.136,0.007,0.017,0.039,0.116,0.118,0.012,0.0,0.544,0.547,0.16,0.136,0.166,0.17,0.011,0.214,0.013,0.011,0.098,0.021,0.24,0.115,0.071,0.102,0.123,0.155,0.036,0.214,0.048,0.009,0.011,1.0,0.042,0.008,0.394,0.309,0.249,0.225,0.524,0.096,0.212,0.473,0.041,0.011,0.112,0.125,0.011,0.038,0.485,0.04,0.014,0.173,0.153,0.418,0.001,0.236,0.0,0.012,0.01,0.048,0.002,0.022,0.0,0.513,0.089,0.029,0.213,0.109,0.01,0.248,0.089,0.168,0.078,0.017,0.036,0.006,0.008,0.082,0.089,0.211,0.405,0.018,0.557,0.0,0.259,0.014,0.035,0.018,0.013,0.281,0.143,0.171,0.131,0.294,0.101,0.019
36,0.011,0.766,0.071,0.042,0.155,0.18,0.053,0.444,0.142,0.02,0.336,0.541,0.043,0.029,0.078,0.174,0.019,0.036,0.027,0.072,0.143,0.006,0.323,0.104,0.069,0.011,0.003,0.3,0.111,0.037,1.0,0.078,0.035,0.01,0.201,0.042,1.0,0.354,0.01,0.051,0.079,0.019,0.002,0.136,0.13,0.008,0.001,0.325,0.015,0.016,0.316,0.0,0.029,0.117,0.032,0.732,0.027,0.133,0.151,0.08,0.11,0.779,0.152,0.212,0.079,0.043,0.168,0.012,0.057,0.166,0.078,0.015,0.286,0.183,0.007,0.021,0.178,0.052,0.197,0.188,0.209,0.114,0.22,0.144,0.013,0.462,0.009,0.137,0.186,0.015,0.186,0.138,0.001,0.054,0.013,0.036,0.169,0.071,0.085,0.363
37,0.059,0.166,0.513,0.595,0.071,0.06,0.051,0.397,0.172,0.067,1.0,0.41,0.033,0.042,0.023,0.075,0.014,0.022,0.2,0.032,0.023,0.015,0.175,0.108,0.023,0.053,0.009,0.156,0.018,0.032,0.348,0.002,0.085,0.007,0.261,0.008,0.354,1.0,0.056,0.027,0.012,0.0,0.043,0.005,0.292,0.043,0.121,0.447,0.156,0.161,1.0,0.2,0.236,0.28,0.193,0.151,0.023,0.004,0.013,0.018,0.004,0.138,0.13,0.128,0.013,0.165,0.024,0.048,0.036,0.21,0.01,0.061,0.008,0.098,0.156,0.008,0.029,0.045,0.309,0.053,0.012,0.378,0.145,0.073,0.057,0.354,0.041,0.015,0.081,0.024,0.303,0.342,0.101,0.003,0.035,0.006,0.178,0.03,0.037,0.477
38,0.446,0.0,0.084,0.058,0.06,0.001,0.135,0.017,0.006,0.122,0.053,0.009,0.645,0.647,0.055,0.052,0.579,0.47,0.0,0.003,0.005,0.074,0.01,0.073,0.012,0.11,0.118,0.015,0.194,0.679,0.009,0.415,0.115,0.044,0.025,0.394,0.01,0.056,1.0,0.032,0.012,0.021,0.39,0.074,0.143,0.23,0.252,0.024,0.039,0.299,0.071,0.227,0.086,0.025,0.003,0.0,0.098,0.049,0.006,0.009,0.37,0.0,0.045,0.097,0.143,0.31,0.181,0.261,0.387,0.007,0.009,0.112,0.055,0.157,0.039,0.582,0.005,0.003,0.012,0.002,0.072,0.001,0.008,0.62,1.0,0.015,0.257,0.024,0.174,0.25,0.017,0.018,0.023,0.344,0.017,0.569,0.004,0.007,0.385,0.024
39,0.002,0.024,0.107,0.004,0.673,0.121,0.002,0.01,0.049,0.365,0.028,0.002,0.062,0.078,0.099,0.687,0.006,0.003,0.025,0.203,0.004,0.0,0.531,0.068,0.046,0.357,0.173,0.537,0.009,0.007,0.046,0.012,0.001,0.042,0.003,0.309,0.051,0.027,0.032,1.0,0.051,0.003,0.248,0.159,0.009,0.55,0.163,0.007,0.12,0.03,0.03,0.036,0.104,0.003,0.023,0.012,0.037,0.018,0.379,0.039,0.008,0.076,0.004,0.022,0.047,0.044,0.002,0.529,0.067,0.044,0.249,0.369,0.003,0.001,0.122,0.006,0.1,0.006,0.006,0.122,0.004,0.071,0.315,0.0,0.033,0.009,0.516,0.265,0.001,0.023,0.013,0.01,0.04,0.0,0.007,0.001,0.042,0.153,0.048,0.002
40,0.004,0.197,0.001,0.031,0.08,0.118,0.023,0.036,0.039,0.002,0.023,0.031,0.158,0.145,0.244,0.085,0.003,0.212,0.02,0.364,0.276,0.19,0.146,0.106,1.0,0.0,0.07,0.144,0.1,0.003,0.087,0.006,0.013,0.273,0.248,0.249,0.079,0.012,0.012,0.051,1.0,0.342,0.184,0.018,0.307,0.064,0.025,0.043,0.152,0.044,0.015,0.007,0.12,0.003,0.016,0.13,0.437,0.267,0.018,1.0,0.117,0.143,0.024,0.101,0.166,0.063,0.142,0.066,0.015,0.001,0.077,0.0,0.001,0.202,0.149,0.011,0.011,0.05,0.234,0.107,0.001,0.447,0.008,0.005,0.014,0.005,0.061,0.008,0.192,0.181,0.214,0.234,0.173,0.057,0.399,0.012,0.044,0.675,0.01,0.044
41,0.211,0.03,0.043,0.015,0.004,0.109,0.124,0.064,0.052,0.199,0.0,0.0,0.264,0.249,0.116,0.002,0.012,0.216,0.029,0.107,0.008,0.158,0.001,0.067,0.347,0.169,0.141,0.0,0.402,0.08,0.013,0.032,0.068,0.002,0.31,0.225,0.019,0.0,0.021,0.003,0.342,1.0,0.064,0.0,0.535,0.098,0.182,0.061,0.039,0.058,0.0,0.225,0.391,0.094,0.017,0.029,0.064,0.721,0.0,0.349,0.001,0.028,0.222,0.019,0.002,0.286,0.457,0.1,0.206,0.206,0.039,0.175,0.111,0.198,0.043,0.01,0.133,0.044,0.299,0.121,0.123,0.162,0.023,0.13,0.017,0.025,0.086,0.001,0.23,0.103,0.304,0.291,0.048,0.247,0.901,0.002,0.061,0.314,0.205,0.052
42,0.061,0.033,0.037,0.002,0.221,0.0,0.129,0.021,0.007,0.088,0.056,0.014,0.561,0.56,0.001,0.234,0.004,0.417,0.274,0.044,0.304,0.004,0.14,0.07,0.183,0.088,0.194,0.134,0.05,0.144,0.001,0.004,0.109,0.127,0.0,0.524,0.002,0.043,0.39,0.248,0.184,0.064,1.0,0.002,0.087,0.438,0.031,0.007,0.025,0.213,0.047,0.13,0.074,0.07,0.273,0.007,0.068,0.036,0.001,0.201,0.002,0.003,0.167,0.16,0.027,0.149,0.127,0.415,0.025,0.198,0.299,0.107,0.008,0.067,0.033,0.005,0.007,0.036,0.0,0.0,0.004,0.02,0.408,0.093,0.36,0.019,0.438,0.001,0.06,0.03,0.001,0.0,0.02,0.014,0.057,0.004,0.002,0.133,0.019,0.015
43,0.166,0.343,0.192,0.0,0.108,0.132,0.058,0.223,0.29,0.128,0.009,0.041,0.011,0.018,0.372,0.103,0.002,0.41,0.22,0.206,0.045,0.075,0.007,0.015,0.015,0.13,0.09,0.004,0.185,0.031,0.13,0.024,0.116,0.057,0.095,0.096,0.136,0.005,0.074,0.159,0.018,0.0,0.002,1.0,0.027,0.053,0.203,0.221,0.111,0.008,0.003,0.078,0.142,0.214,0.202,0.393,0.036,0.156,0.038,0.013,0.425,0.073,0.063,0.145,0.184,0.096,0.085,0.043,0.108,0.129,0.36,0.142,0.38,0.01,0.089,0.001,0.397,0.0,0.07,0.123,0.443,0.012,0.028,0.017,0.086,0.221,0.045,0.028,0.015,0.023,0.06,0.11,0.001,0.042,0.006,0.002,0.279,0.057,0.127,0.229
44,0.322,0.16,0.326,0.186,0.102,0.021,0.128,0.089,0.043,0.05,0.314,0.043,0.423,0.456,0.079,0.101,0.031,0.121,0.134,0.068,0.041,0.003,0.039,0.095,0.312,0.041,0.066,0.042,0.135,0.027,0.145,0.101,0.078,0.001,0.105,0.212,0.13,0.292,0.143,0.009,0.307,0.535,0.087,0.027,1.0,0.072,0.123,0.185,0.066,0.121,0.273,0.251,0.088,0.02,0.123,0.152,0.113,0.561,0.0,0.295,0.003,0.015,0.318,0.045,0.0,0.234,0.2,0.084,0.086,0.375,0.007,0.029,0.081,0.439,0.056,0.025,0.015,0.018,0.303,0.004,0.083,0.522,0.057,0.251,0.101,0.076,0.082,0.001,0.423,0.035,0.3,0.298,0.1,0.233,0.705,0.024,0.034,0.128,0.099,0.192
45,0.099,0.001,0.008,0.017,0.441,0.001,0.205,0.002,0.003,0.12,0.045,0.004,0.295,0.283,0.025,0.441,0.056,0.159,0.025,0.063,0.02,0.001,0.424,0.033,0.068,0.128,0.138,0.419,0.1,0.074,0.009,0.033,0.363,0.008,0.001,0.473,0.008,0.043,0.23,0.55,0.064,0.098,0.438,0.053,0.072,1.0,0.097,0.002,0.533,0.528,0.042,0.207,0.198,0.017,0.02,0.003,0.098,0.106,0.02,0.071,0.006,0.005,0.025,0.205,0.001,0.014,0.04,1.0,0.084,0.002,0.08,0.132,0.0,0.019,0.5,0.05,0.003,0.001,0.003,0.002,0.0,0.033,0.227,0.12,0.26,0.006,1.0,0.01,0.02,0.026,0.004,0.0,0.006,0.106,0.041,0.037,0.007,0.173,0.097,0.004
46,0.057,0.08,0.213,0.253,0.111,0.02,0.143,0.014,0.011,0.757,0.125,0.011,0.007,0.001,0.081,0.128,0.344,0.072,0.023,0.017,0.004,0.029,0.144,0.16,0.008,0.735,0.676,0.127,0.017,0.452,0.001,0.15,0.096,0.079,0.012,0.041,0.001,0.121,0.252,0.163,0.025,0.182,0.031,0.203,0.123,0.097,1.0,0.02,0.006,0.01,0.112,0.64,0.03,0.076,0.02,0.063,0.008,0.133,0.067,0.014,0.259,0.005,0.058,0.035,0.213,0.49,0.192,0.107,0.053,0.053,0.173,0.77,0.023,0.001,0.003,0.362,0.011,0.047,0.036,0.022,0.021,0.033,0.12,0.218,0.269,0.008,0.11,0.013,0.0,0.354,0.04,0.032,0.12,0.035,0.155,0.353,0.012,0.025,0.072,0.018
47,0.007,0.185,0.091,0.225,0.012,0.041,0.0,0.921,0.731,0.004,0.426,0.352,0.006,0.008,0.453,0.011,0.0,0.082,0.0,0.269,0.118,0.012,0.042,0.157,0.052,0.003,0.006,0.037,0.005,0.011,0.347,0.025,0.202,0.011,0.43,0.011,0.325,0.447,0.024,0.007,0.043,0.061,0.007,0.221,0.185,0.002,0.02,1.0,0.028,0.008,0.463,0.0,0.195,0.615,0.001,0.284,0.005,0.222,0.019,0.049,0.109,0.148,0.51,0.542,0.034,0.206,0.412,0.012,0.002,0.173,0.001,0.005,0.009,0.153,0.025,0.0,0.039,0.012,0.73,0.026,0.022,0.157,0.031,0.016,0.026,0.892,0.006,0.071,0.128,0.057,0.705,0.741,0.052,0.009,0.063,0.0,0.72,0.108,0.005,1.0
48,0.069,0.01,0.036,0.187,0.208,0.232,0.194,0.005,0.004,0.004,0.172,0.02,0.02,0.028,0.03,0.217,0.021,0.089,0.008,0.051,0.075,0.086,0.195,0.001,0.17,0.007,0.009,0.172,0.309,0.035,0.008,0.014,0.402,0.01,0.076,0.112,0.015,0.156,0.039,0.12,0.152,0.039,0.025,0.111,0.066,0.533,0.006,0.028,1.0,0.7,0.152,0.039,0.195,0.011,0.005,0.0,0.299,0.028,0.007,0.127,0.016,0.011,0.026,0.271,0.01,0.002,0.014,0.523,0.097,0.0,0.0,0.004,0.066,0.311,1.0,0.024,0.039,0.031,0.006,0.21,0.06,0.205,0.019,0.091,0.044,0.0,0.533,0.139,0.277,0.023,0.008,0.013,0.023,0.102,0.003,0.025,0.002,0.212,0.108,0.022
49,0.251,0.001,0.155,0.094,0.131,0.126,0.507,0.003,0.007,0.027,0.167,0.003,0.248,0.252,0.038,0.131,0.055,0.068,0.033,0.014,0.01,0.011,0.184,0.034,0.055,0.028,0.002,0.188,0.158,0.215,0.012,0.054,0.343,0.027,0.024,0.125,0.016,0.161,0.299,0.03,0.044,0.058,0.213,0.008,0.121,0.528,0.01,0.008,0.7,1.0,0.194,0.044,0.205,0.0,0.037,0.001,0.099,0.04,0.12,0.045,0.023,0.003,0.095,0.093,0.089,0.063,0.133,0.534,0.412,0.022,0.01,0.026,0.017,0.056,0.667,0.062,0.019,0.003,0.037,0.132,0.004,0.069,0.045,0.314,0.292,0.009,0.506,0.326,0.062,0.048,0.019,0.023,0.0,0.181,0.025,0.064,0.007,0.053,0.398,0.015
50,0.062,0.156,0.541,0.612,0.065,0.041,0.043,0.389,0.173,0.067,1.0,0.419,0.039,0.043,0.019,0.063,0.01,0.015,0.202,0.041,0.019,0.018,0.177,0.091,0.011,0.064,0.011,0.156,0.022,0.051,0.337,0.001,0.101,0.006,0.285,0.011,0.316,1.0,0.071,0.03,0.015,0.0,0.047,0.003,0.273,0.042,0.112,0.463,0.152,0.194,1.0,0.21,0.272,0.287,0.199,0.127,0.032,0.002,0.014,0.023,0.004,0.15,0.146,0.116,0.014,0.169,0.018,0.045,0.031,0.221,0.019,0.05,0.011,0.082,0.134,0.012,0.027,0.037,0.271,0.067,0.008,0.39,0.119,0.091,0.056,0.351,0.037,0.014,0.077,0.023,0.31,0.347,0.124,0.001,0.029,0.009,0.181,0.031,0.042,0.473
51,0.055,0.005,0.358,0.244,0.032,0.019,0.069,0.009,0.013,0.423,0.216,0.041,0.024,0.022,0.041,0.029,0.18,0.106,0.173,0.001,0.158,0.08,0.083,0.17,0.004,0.403,0.298,0.06,0.002,0.173,0.0,0.036,0.349,0.022,0.028,0.038,0.0,0.2,0.227,0.036,0.007,0.225,0.13,0.078,0.251,0.207,0.64,0.0,0.039,0.044,0.21,1.0,0.054,0.162,0.16,0.003,0.041,0.163,0.002,0.007,0.024,0.0,0.116,0.111,0.001,0.472,0.267,0.197,0.01,0.349,0.004,0.399,0.015,0.002,0.049,0.183,0.006,0.038,0.006,0.029,0.011,0.028,0.016,0.016,0.215,0.003,0.199,0.028,0.002,0.097,0.008,0.001,0.048,0.013,0.251,0.174,0.016,0.002,0.013,0.006
52,0.052,0.053,0.069,0.144,0.065,0.01,0.026,0.278,0.423,0.008,0.266,0.073,0.139,0.137,0.334,0.051,0.081,0.018,0.232,0.319,0.058,0.001,0.181,0.0,0.128,0.006,0.014,0.169,0.178,0.061,0.021,0.259,0.031,0.003,0.199,0.485,0.029,0.236,0.086,0.104,0.12,0.391,0.074,0.142,0.088,0.198,0.03,0.195,0.195,0.205,0.272,0.054,1.0,0.54,0.215,0.053,0.149,0.677,0.002,0.127,0.002,0.008,0.093,0.069,0.0,0.077,0.226,0.213,0.26,0.156,0.002,0.005,0.001,0.096,0.166,0.065,0.017,0.001,0.2,0.01,0.004,0.033,0.068,0.099,0.095,0.245,0.209,0.0,0.115,0.001,0.191,0.149,0.001,0.422,0.213,0.069,0.437,0.292,0.27,0.217
53,0.002,0.027,0.038,0.117,0.0,0.02,0.007,0.599,0.772,0.03,0.276,0.287,0.0,0.0,0.451,0.001,0.009,0.116,0.198,0.336,0.156,0.033,0.049,0.024,0.003,0.035,0.004,0.051,0.014,0.022,0.113,0.138,0.431,0.03,0.15,0.04,0.117,0.28,0.025,0.003,0.003,0.094,0.07,0.214,0.02,0.017,0.076,0.615,0.011,0.0,0.287,0.162,0.54,1.0,0.189,0.111,0.055,0.363,0.01,0.002,0.026,0.079,0.236,0.642,0.006,0.031,0.351,0.019,0.056,0.07,0.01,0.033,0.038,0.143,0.012,0.012,0.103,0.006,0.378,0.011,0.046,0.002,0.04,0.027,0.024,0.643,0.016,0.04,0.116,0.0,0.403,0.377,0.0,0.121,0.045,0.009,0.763,0.048,0.062,0.603
54,0.041,0.029,0.39,0.01,0.0,0.0,0.144,0.002,0.013,0.003,0.221,0.218,0.006,0.005,0.001,0.0,0.213,0.09,1.0,0.003,0.466,0.068,0.083,0.003,0.01,0.004,0.078,0.079,0.005,0.028,0.031,0.36,0.141,0.237,0.001,0.014,0.032,0.193,0.003,0.023,0.016,0.017,0.273,0.202,0.123,0.02,0.02,0.001,0.005,0.037,0.199,0.16,0.215,0.189,1.0,0.03,0.005,0.193,0.048,0.014,0.033,0.02,0.242,0.064,0.072,0.077,0.111,0.014,0.144,0.58,0.071,0.003,0.002,0.018,0.012,0.239,0.005,0.064,0.004,0.001,0.006,0.028,0.459,0.117,0.0,0.001,0.023,0.016,0.019,0.161,0.002,0.003,0.048,0.395,0.013,0.231,0.023,0.012,0.157,0.0
55,0.018,0.977,0.018,0.03,0.162,0.103,0.0,0.33,0.239,0.022,0.13,0.256,0.022,0.023,0.427,0.164,0.005,0.1,0.026,0.352,0.023,0.001,0.136,0.089,0.132,0.024,0.021,0.126,0.039,0.0,0.757,0.076,0.005,0.034,0.115,0.173,0.732,0.151,0.0,0.012,0.13,0.029,0.007,0.393,0.152,0.003,0.063,0.284,0.0,0.001,0.127,0.003,0.053,0.111,0.03,1.0,0.029,0.208,0.173,0.12,0.291,0.553,0.074,0.133,0.25,0.072,0.075,0.005,0.006,0.156,0.204,0.018,0.402,0.157,0.001,0.006,0.348,0.139,0.082,0.103,0.378,0.136,0.121,0.025,0.0,0.366,0.005,0.078,0.196,0.003,0.091,0.058,0.038,0.063,0.012,0.006,0.3,0.169,0.005,0.251
56,0.008,0.012,0.003,0.1,0.096,0.067,0.022,0.055,0.181,0.005,0.025,0.218,0.109,0.104,0.094,0.094,0.047,0.165,0.001,0.181,0.283,0.223,0.112,0.028,0.448,0.007,0.026,0.111,0.164,0.024,0.029,0.13,0.03,0.333,0.027,0.153,0.027,0.023,0.098,0.037,0.437,0.064,0.068,0.036,0.113,0.098,0.008,0.005,0.299,0.099,0.032,0.041,0.149,0.055,0.005,0.029,1.0,0.071,0.1,0.452,0.051,0.139,0.01,0.001,0.09,0.005,0.005,0.084,0.106,0.016,0.008,0.008,0.024,0.178,0.284,0.059,0.048,0.269,0.042,0.047,0.024,0.49,0.011,0.027,0.091,0.105,0.083,0.049,0.185,0.141,0.042,0.05,0.265,0.012,0.124,0.041,0.176,0.116,0.127,0.004
57,0.151,0.213,0.075,0.007,0.011,0.027,0.029,0.278,0.347,0.05,0.002,0.012,0.247,0.261,0.371,0.012,0.044,0.025,0.195,0.294,0.108,0.013,0.006,0.022,0.245,0.054,0.055,0.005,0.217,0.045,0.121,0.244,0.043,0.005,0.287,0.418,0.133,0.004,0.049,0.018,0.267,0.721,0.036,0.156,0.561,0.106,0.133,0.222,0.028,0.04,0.002,0.163,0.677,0.363,0.193,0.208,0.071,1.0,0.0,0.243,0.008,0.013,0.364,0.068,0.003,0.231,0.45,0.104,0.218,0.394,0.0,0.061,0.008,0.328,0.03,0.036,0.001,0.005,0.364,0.042,0.015,0.168,0.001,0.196,0.042,0.198,0.09,0.0,0.327,0.006,0.392,0.317,0.013,0.431,0.586,0.03,0.351,0.314,0.208,0.233
58,0.178,0.234,0.156,0.043,0.323,0.164,0.251,0.024,0.035,0.091,0.007,0.01,0.003,0.005,0.081,0.282,0.001,0.013,0.046,0.215,0.034,0.112,0.122,0.053,0.025,0.092,0.026,0.101,0.083,0.042,0.118,0.031,0.048,0.406,0.165,0.001,0.151,0.013,0.006,0.379,0.018,0.0,0.001,0.038,0.0,0.02,0.067,0.019,0.007,0.12,0.014,0.002,0.002,0.01,0.048,0.173,0.1,0.0,1.0,0.018,0.077,0.115,0.088,0.025,0.543,0.009,0.114,0.03,0.097,0.024,0.007,0.089,0.303,0.015,0.006,0.002,0.228,0.28,0.108,0.191,0.191,0.097,0.023,0.057,0.013,0.003,0.018,0.797,0.019,0.159,0.148,0.102,0.243,0.007,0.0,0.0,0.039,0.047,0.108,0.009
59,0.002,0.22,0.001,0.031,0.089,0.126,0.016,0.027,0.039,0.0,0.017,0.035,0.164,0.174,0.23,0.107,0.003,0.183,0.02,0.327,0.255,0.163,0.149,0.098,1.0,0.0,0.071,0.144,0.12,0.002,0.081,0.003,0.015,0.314,0.227,0.236,0.08,0.018,0.009,0.039,1.0,0.349,0.201,0.013,0.295,0.071,0.014,0.049,0.127,0.045,0.023,0.007,0.127,0.002,0.014,0.12,0.452,0.243,0.018,1.0,0.115,0.152,0.022,0.111,0.164,0.055,0.141,0.072,0.007,0.005,0.068,0.0,0.002,0.193,0.147,0.01,0.012,0.067,0.237,0.121,0.001,0.408,0.013,0.012,0.014,0.002,0.051,0.009,0.186,0.189,0.239,0.221,0.166,0.037,0.383,0.014,0.056,0.667,0.012,0.04
60,0.507,0.274,0.044,0.009,0.02,0.247,0.135,0.092,0.109,0.106,0.001,0.009,0.153,0.126,0.378,0.022,0.323,0.301,0.029,0.269,0.16,0.085,0.005,0.045,0.12,0.085,0.318,0.001,0.326,0.313,0.104,0.209,0.029,0.415,0.15,0.0,0.11,0.004,0.37,0.008,0.117,0.001,0.002,0.425,0.003,0.006,0.259,0.109,0.016,0.023,0.004,0.024,0.002,0.026,0.033,0.291,0.051,0.008,0.077,0.115,1.0,0.101,0.008,0.061,0.631,0.117,0.056,0.003,0.332,0.012,0.493,0.082,0.541,0.099,0.01,0.29,0.311,0.014,0.031,0.248,0.644,0.034,0.048,0.276,0.361,0.059,0.004,0.027,0.103,0.307,0.034,0.06,0.087,0.098,0.0,0.276,0.113,0.156,0.352,0.117
61,0.021,0.545,0.002,0.018,0.132,0.234,0.009,0.257,0.109,0.027,0.171,0.646,0.004,0.005,0.015,0.161,0.006,0.056,0.022,0.026,0.132,0.136,0.335,0.225,0.119,0.024,0.0,0.376,0.048,0.003,0.75,0.02,0.138,0.039,0.013,0.012,0.779,0.138,0.0,0.076,0.143,0.028,0.003,0.073,0.015,0.005,0.005,0.148,0.011,0.003,0.15,0.0,0.008,0.079,0.02,0.553,0.139,0.013,0.115,0.152,0.101,1.0,0.079,0.159,0.075,0.01,0.032,0.005,0.017,0.064,0.051,0.03,0.319,0.123,0.013,0.006,0.055,0.202,0.049,0.22,0.225,0.019,0.194,0.014,0.0,0.355,0.006,0.175,0.134,0.04,0.05,0.016,0.057,0.11,0.031,0.006,0.121,0.166,0.02,0.14
62,0.08,0.044,0.289,0.061,0.016,0.02,0.015,0.498,0.352,0.023,0.136,0.154,0.0,0.001,0.201,0.032,0.008,0.021,0.239,0.11,0.445,0.003,0.001,0.282,0.027,0.018,0.009,0.001,0.142,0.026,0.161,0.095,0.054,0.172,0.249,0.01,0.152,0.13,0.045,0.004,0.024,0.222,0.167,0.063,0.318,0.025,0.058,0.51,0.026,0.095,0.146,0.116,0.093,0.236,0.242,0.074,0.01,0.364,0.088,0.022,0.008,0.079,1.0,0.281,0.022,0.504,0.597,0.038,0.077,0.645,0.16,0.014,0.16,0.248,0.035,0.005,0.061,0.038,0.66,0.011,0.16,0.135,0.031,0.026,0.034,0.465,0.042,0.139,0.254,0.029,0.607,0.558,0.058,0.081,0.244,0.006,0.327,0.042,0.079,0.505
63,0.029,0.071,0.016,0.017,0.017,0.107,0.012,0.421,0.465,0.004,0.14,0.302,0.047,0.039,0.214,0.01,0.003,0.369,0.051,0.093,0.175,0.123,0.031,0.006,0.094,0.006,0.016,0.032,0.2,0.019,0.195,0.052,0.565,0.057,0.013,0.048,0.212,0.128,0.097,0.022,0.101,0.019,0.16,0.145,0.045,0.205,0.035,0.542,0.271,0.093,0.116,0.111,0.069,0.642,0.064,0.133,0.001,0.068,0.025,0.111,0.061,0.159,0.281,1.0,0.021,0.028,0.153,0.213,0.002,0.054,0.009,0.004,0.06,0.428,0.266,0.006,0.12,0.051,0.284,0.109,0.077,0.04,0.012,0.018,0.083,0.527,0.221,0.076,0.45,0.002,0.28,0.25,0.021,0.001,0.02,0.001,0.457,0.047,0.001,0.513
64,0.506,0.285,0.107,0.073,0.135,0.201,0.406,0.058,0.016,0.11,0.013,0.005,0.061,0.058,0.098,0.096,0.173,0.061,0.054,0.14,0.224,0.108,0.009,0.006,0.153,0.126,0.185,0.009,0.091,0.305,0.086,0.107,0.012,0.74,0.278,0.002,0.079,0.013,0.143,0.047,0.166,0.002,0.027,0.184,0.0,0.001,0.213,0.034,0.01,0.089,0.014,0.001,0.0,0.006,0.072,0.25,0.09,0.003,0.543,0.164,0.631,0.075,0.022,0.021,1.0,0.107,0.096,0.001,0.075,0.051,0.261,0.112,0.451,0.088,0.012,0.149,0.184,0.171,0.07,0.221,0.415,0.139,0.02,0.263,0.145,0.032,0.001,0.255,0.062,0.518,0.085,0.063,0.315,0.033,0.002,0.165,0.012,0.036,0.059,0.026
65,0.002,0.066,0.312,0.193,0.047,0.027,0.107,0.161,0.076,0.131,0.165,0.042,0.07,0.054,0.135,0.042,0.207,0.074,0.068,0.042,0.085,0.01,0.017,0.46,0.063,0.131,0.227,0.016,0.002,0.485,0.04,0.032,0.014,0.001,0.146,0.022,0.043,0.165,0.31,0.044,0.063,0.286,0.149,0.096,0.234,0.014,0.49,0.206,0.002,0.063,0.169,0.472,0.077,0.031,0.077,0.072,0.005,0.231,0.009,0.055,0.117,0.01,0.504,0.028,0.107,1.0,0.406,0.027,0.011,0.473,0.029,0.125,0.002,0.011,0.002,0.214,0.009,0.029,0.275,0.015,0.002,0.22,0.023,0.102,0.287,0.119,0.014,0.008,0.011,0.449,0.285,0.282,0.238,0.0,0.326,0.223,0.068,0.05,0.013,0.219
66,0.05,0.051,0.042,0.045,0.002,0.099,0.016,0.467,0.299,0.14,0.029,0.054,0.023,0.02,0.268,0.002,0.068,0.016,0.088,0.088,0.094,0.163,0.0,0.142,0.128,0.167,0.059,0.0,0.134,0.118,0.137,0.0,0.101,0.03,0.668,0.0,0.168,0.024,0.181,0.002,0.142,0.457,0.127,0.085,0.2,0.04,0.192,0.412,0.014,0.133,0.018,0.267,0.226,0.351,0.111,0.075,0.005,0.45,0.114,0.141,0.056,0.032,0.597,0.153,0.096,0.406,1.0,0.033,0.013,0.299,0.053,0.147,0.065,0.078,0.026,0.098,0.1,0.082,0.665,0.119,0.076,0.108,0.001,0.007,0.173,0.357,0.026,0.139,0.072,0.111,0.649,0.603,0.119,0.024,0.359,0.061,0.302,0.189,0.007,0.393
67,0.09,0.003,0.004,0.01,0.443,0.001,0.176,0.003,0.006,0.133,0.041,0.004,0.263,0.263,0.037,0.444,0.048,0.135,0.019,0.052,0.025,0.0,0.443,0.031,0.072,0.14,0.144,0.44,0.1,0.061,0.006,0.032,0.333,0.004,0.0,0.513,0.012,0.048,0.261,0.529,0.066,0.1,0.415,0.043,0.084,1.0,0.107,0.012,0.523,0.534,0.045,0.197,0.213,0.019,0.014,0.005,0.084,0.104,0.03,0.072,0.003,0.005,0.038,0.213,0.001,0.027,0.033,1.0,0.083,0.001,0.082,0.151,0.0,0.017,0.528,0.057,0.003,0.001,0.008,0.0,0.0,0.024,0.215,0.125,0.266,0.004,1.0,0.005,0.031,0.035,0.004,0.0,0.002,0.109,0.045,0.048,0.004,0.131,0.1,0.002
