,0,1,2,3,4,5,6,7,8,9,10,11,12,13,14,15,16,17,18,19,20,21,22,23,24,25,26,27,28,29,30,31,32,33,34,35,36,37,38,39,40,41,42,43,44,45,46,47,48,49,50,51,52,53,54,55,56,57,58,59,60,61,62,63,64,65,66,67,68,69,70,71,72,73,74,75,76,77,78,79,80,81,82,83,84,85,86,87,88,89,90,91,92,93,94,95,96,97,98,99
0,1.0,0.445,0.447,0.069,0.141,0.044,0.144,0.042,0.255,0.811,0.397,0.898,0.734,0.297,0.145,0.934,0.042,0.192,0.176,0.049,0.293,0.379,0.087,0.164,0.344,0.243,0.346,0.117,0.279,0.282,0.08,0.318,0.302,0.141,0.096,0.212,0.375,0.127,0.34,0.262,0.523,0.292,0.444,0.18,0.125,0.291,0.753,0.1,0.448,0.376,0.18,0.136,0.415,0.243,0.111,0.187,0.22,0.473,0.172,0.088,0.084,0.313,0.208,0.652,0.144,0.115,0.357,0.307,0.506,0.753,0.015,0.136,0.529,0.315,0.368,0.255,0.828,0.165,0.21,0.096,0.057,0.199,0.026,0.306,0.082,0.041,0.512,0.155,0.329,0.323,0.668,0.151,0.701,0.149,0.178,0.16,0.842,0.291,0.431,0.082
1,0.445,1.0,0.241,0.457,0.111,0.071,0.6,0.085,0.954,0.214,0.438,0.612,0.115,0.425,0.346,0.473,0.018,0.496,0.322,0.375,0.466,0.41,0.473,0.215,0.166,0.271,0.446,0.098,0.34,0.421,0.079,0.317,0.426,0.253,0.471,0.561,0.571,0.64,0.325,0.593,0.07,0.312,0.407,0.759,0.347,0.194,0.453,0.038,0.438,0.244,0.47,0.092,0.018,0.282,0.156,0.289,0.52,0.387,0.215,0.181,0.074,0.357,0.351,0.417,0.127,0.711,0.435,0.225,0.074,0.691,0.228,0.276,0.683,0.226,0.252,0.275,0.599,0.235,0.557,0.213,0.221,0.675,0.118,0.666,0.758,0.133,0.062,0.596,0.866,0.339,0.208,0.543,0.586,0.316,0.032,0.114,0.432,0.672,0.379,0.178
2,0.447,0.241,1.0,0.085,0.099,0.294,0.035,0.28,0.195,0.714,0.364,0.281,0.268,0.023,0.196,0.609,0.08,0.102,0.85,0.048,0.328,0.802,0.086,0.2,0.954,0.166,0.373,0.473,0.799,0.132,0.049,0.135,0.031,0.159,0.088,0.08,0.056,0.068,0.144,0.221,0.141,0.037,0.756,0.025,0.631,0.917,0.18,0.026,0.244,0.05,0.101,0.044,0.002,0.457,0.376,0.102,0.107,0.206,0.189,0.558,0.038,0.15,0.79,0.585,0.061,0.131,0.033,0.055,0.158,0.256,0.231,0.149,0.058,0.944,0.055,0.26,0.18,0.206,0.072,0.499,0.293,0.003,0.491,0.011,0.106,0.502,0.156,0.038,0.391,0.153,0.867,0.068,0.394,0.776,0.399,0.092,0.715,0.017,0.025,0.539
3,0.069,0.457,0.085,1.0,0.073,0.119,0.37,0.117,0.639,0.248,0.721,0.026,0.426,0.176,0.026,0.053,0.032,0.261,0.204,0.594,0.672,0.036,1.0,0.087,0.156,0.009,0.7,0.097,0.086,0.061,0.001,0.172,0.181,0.009,1.0,0.504,0.282,0.398,0.007,0.251,0.596,0.076,0.015,0.688,0.107,0.187,0.026,0.447,0.001,0.003,0.263,0.0,0.395,0.003,0.114,0.006,0.48,0.011,0.089,0.205,0.001,0.01,0.113,0.005,0.0,0.329,0.172,0.002,0.602,0.032,0.425,0.005,0.119,0.15,0.0,0.067,0.01,0.083,0.481,0.226,0.214,0.551,0.225,0.185,0.922,0.241,0.559,0.335,0.277,0.013,0.206,0.463,0.013,0.164,0.177,0.069,0.057,0.194,0.012,0.216
4,0.141,0.111,0.099,0.073,1.0,0.552,0.292,0.519,0.099,0.008,0.013,0.194,0.143,0.44,0.319,0.106,0.344,0.046,0.261,0.032,0.086,0.284,0.051,0.425,0.168,0.343,0.041,0.157,0.327,0.207,0.649,0.059,0.423,0.307,0.062,0.249,0.276,0.293,0.327,0.267,0.128,0.478,0.298,0.023,0.568,0.208,0.472,0.587,0.32,0.841,0.036,0.769,0.555,0.142,0.133,0.306,0.268,0.638,0.43,0.321,0.669,0.359,0.302,0.225,0.758,0.302,0.457,0.117,0.139,0.204,0.139,0.333,0.309,0.166,0.822,0.005,0.293,0.385,0.248,0.35,0.15,0.105,0.564,0.387,0.055,0.577,0.16,0.297,0.339,0.384,0.011,0.287,0.241,0.296,0.069,1.0,0.089,0.371,0.193,0.307
5,0.044,0.071,0.294,0.119,0.552,1.0,0.233,1.0,0.096,0.019,0.016,0.126,0.121,0.308,0.752,0.055,0.014,0.079,0.63,0.144,0.017,0.506,0.122,0.898,0.379,0.234,0.022,0.522,0.583,0.622,0.061,0.061,0.271,0.748,0.112,0.021,0.168,0.264,0.642,0.375,0.209,0.447,0.524,0.008,0.77,0.451,0.202,0.469,0.563,0.316,0.083,0.143,0.52,0.28,0.337,0.733,0.025,0.574,0.876,0.645,0.075,0.703,0.618,0.3,0.144,0.349,0.27,0.516,0.186,0.205,0.268,0.756,0.209,0.457,0.3,0.208,0.146,0.892,0.027,0.598,0.127,0.008,0.811,0.347,0.065,0.784,0.182,0.23,0.352,0.707,0.057,0.112,0.307,0.673,0.282,0.54,0.092,0.324,0.4,0.608
6,0.144,0.6,0.035,0.37,0.292,0.233,1.0,0.201,0.561,0.01,0.332,0.399,0.013,0.745,0.599,0.123,0.074,0.325,0.12,0.366,0.454,0.186,0.36,0.24,0.05,0.071,0.379,0.119,0.234,0.474,0.21,0.035,0.771,0.489,0.329,0.735,0.828,0.983,0.26,0.811,0.031,0.734,0.158,0.62,0.29,0.045,0.448,0.006,0.265,0.409,0.335,0.282,0.079,0.033,0.097,0.458,0.701,0.487,0.264,0.0,0.177,0.321,0.227,0.119,0.284,0.846,0.785,0.34,0.031,0.5,0.199,0.511,0.822,0.048,0.37,0.251,0.512,0.269,0.735,0.003,0.146,0.644,0.24,0.938,0.479,0.27,0.036,1.0,0.576,0.333,0.02,0.927,0.346,0.245,0.037,0.32,0.094,0.91,0.434,0.0
7,0.042,0.085,0.28,0.117,0.519,1.0,0.201,1.0,0.077,0.008,0.024,0.117,0.149,0.261,0.713,0.068,0.02,0.088,0.606,0.137,0.02,0.493,0.099,0.885,0.394,0.219,0.013,0.496,0.582,0.628,0.051,0.076,0.255,0.777,0.114,0.027,0.191,0.286,0.663,0.35,0.18,0.436,0.484,0.004,0.773,0.463,0.18,0.475,0.568,0.327,0.105,0.126,0.545,0.248,0.378,0.739,0.021,0.585,0.878,0.601,0.076,0.691,0.626,0.296,0.155,0.385,0.287,0.543,0.191,0.198,0.296,0.759,0.213,0.453,0.302,0.215,0.163,0.876,0.019,0.598,0.136,0.015,0.798,0.347,0.077,0.804,0.212,0.215,0.346,0.729,0.066,0.116,0.341,0.664,0.29,0.538,0.091,0.327,0.395,0.626
8,0.255,0.954,0.195,0.639,0.099,0.096,0.561,0.077,1.0,0.132,0.46,0.423,0.065,0.321,0.279,0.309,0.041,0.476,0.316,0.424,0.475,0.296,0.628,0.182,0.166,0.25,0.526,0.081,0.309,0.298,0.079,0.272,0.335,0.222,0.62,0.497,0.475,0.595,0.283,0.491,0.092,0.24,0.326,0.795,0.335,0.215,0.261,0.112,0.365,0.175,0.51,0.082,0.027,0.221,0.168,0.211,0.476,0.263,0.183,0.203,0.064,0.276,0.284,0.29,0.066,0.693,0.321,0.193,0.085,0.533,0.278,0.207,0.534,0.248,0.186,0.262,0.381,0.188,0.545,0.217,0.218,0.647,0.175,0.574,0.879,0.176,0.089,0.587,0.82,0.249,0.141,0.548,0.428,0.318,0.028,0.114,0.281,0.576,0.336,0.205
9,0.811,0.214,0.714,0.248,0.008,0.019,0.01,0.008,0.132,1.0,0.614,0.497,0.808,0.127,0.023,0.815,0.02,0.065,0.44,0.028,0.522,0.471,0.26,0.006,0.705,0.143,0.577,0.203,0.451,0.05,0.005,0.289,0.108,0.0,0.232,0.202,0.157,0.02,0.078,0.161,0.616,0.043,0.469,0.088,0.189,0.61,0.422,0.052,0.183,0.115,0.087,0.031,0.234,0.189,0.205,0.013,0.192,0.185,0.012,0.17,0.009,0.065,0.428,0.509,0.031,0.033,0.103,0.126,0.646,0.391,0.024,0.0,0.14,0.604,0.131,0.235,0.444,0.005,0.177,0.166,0.105,0.094,0.219,0.012,0.125,0.225,0.605,0.015,0.22,0.069,0.963,0.103,0.429,0.384,0.204,0.014,0.807,0.01,0.165,0.173
10,0.397,0.438,0.364,0.721,0.013,0.016,0.332,0.024,0.46,0.614,1.0,0.204,0.62,0.22,0.08,0.411,0.042,0.056,0.273,0.485,0.964,0.285,0.702,0.0,0.4,0.21,0.984,0.008,0.303,0.007,0.097,0.465,0.216,0.042,0.729,0.67,0.309,0.339,0.072,0.309,0.667,0.116,0.267,0.548,0.173,0.326,0.154,0.139,0.131,0.144,0.045,0.095,0.25,0.135,0.007,0.043,0.701,0.188,0.001,0.053,0.083,0.051,0.294,0.293,0.096,0.331,0.214,0.017,0.666,0.148,0.118,0.047,0.09,0.341,0.151,0.008,0.091,0.002,0.64,0.047,0.41,0.528,0.224,0.157,0.646,0.2,0.666,0.314,0.374,0.057,0.597,0.512,0.207,0.297,0.324,0.021,0.43,0.149,0.013,0.041
11,0.898,0.612,0.281,0.026,0.194,0.126,0.399,0.117,0.423,0.497,0.204,1.0,0.422,0.492,0.377,0.868,0.084,0.301,0.148,0.076,0.172,0.453,0.028,0.329,0.193,0.256,0.192,0.067,0.257,0.568,0.074,0.241,0.5,0.314,0.023,0.254,0.56,0.353,0.475,0.514,0.26,0.466,0.491,0.274,0.208,0.139,0.849,0.094,0.622,0.399,0.281,0.129,0.355,0.321,0.088,0.383,0.21,0.612,0.324,0.065,0.073,0.524,0.232,0.684,0.132,0.393,0.529,0.355,0.265,0.962,0.039,0.315,0.832,0.192,0.389,0.292,0.963,0.339,0.26,0.078,0.042,0.315,0.012,0.589,0.151,0.01,0.28,0.413,0.528,0.504,0.431,0.288,0.859,0.167,0.135,0.207,0.75,0.585,0.573,0.063
12,0.734,0.115,0.268,0.426,0.143,0.121,0.013,0.149,0.065,0.808,0.62,0.422,1.0,0.165,0.044,0.595,0.006,0.021,0.155,0.123,0.464,0.118,0.412,0.159,0.289,0.242,0.582,0.069,0.086,0.074,0.12,0.353,0.159,0.076,0.421,0.237,0.172,0.008,0.26,0.058,0.944,0.113,0.137,0.148,0.005,0.253,0.424,0.237,0.221,0.299,0.025,0.156,0.554,0.068,0.045,0.12,0.299,0.28,0.161,0.032,0.109,0.206,0.087,0.31,0.156,0.001,0.16,0.312,0.938,0.281,0.033,0.072,0.135,0.228,0.298,0.197,0.4,0.153,0.234,0.015,0.068,0.211,0.186,0.044,0.175,0.18,0.93,0.007,0.051,0.194,0.626,0.118,0.283,0.087,0.158,0.144,0.527,0.047,0.308,0.032
13,0.297,0.425,0.023,0.176,0.44,0.308,0.745,0.261,0.321,0.127,0.22,0.492,0.165,1.0,0.644,0.252,0.17,0.34,0.051,0.308,0.3,0.207,0.163,0.278,0.016,0.056,0.282,0.21,0.241,0.432,0.232,0.034,0.998,0.571,0.173,0.551,0.958,0.711,0.267,0.739,0.135,0.964,0.246,0.402,0.279,0.006,0.68,0.323,0.336,0.517,0.367,0.357,0.42,0.044,0.156,0.499,0.504,0.675,0.265,0.061,0.218,0.353,0.225,0.212,0.338,0.549,1.0,0.29,0.152,0.571,0.285,0.567,0.734,0.018,0.52,0.183,0.499,0.249,0.577,0.051,0.065,0.463,0.123,0.695,0.241,0.117,0.155,0.772,0.379,0.344,0.07,0.743,0.401,0.171,0.068,0.433,0.19,0.712,0.372,0.066
14,0.145,0.346,0.196,0.026,0.319,0.752,0.599,0.713,0.279,0.023,0.08,0.377,0.044,0.644,1.0,0.187,0.073,0.283,0.367,0.247,0.134,0.504,0.025,0.783,0.19,0.258,0.114,0.356,0.546,0.75,0.02,0.156,0.627,0.968,0.026,0.213,0.574,0.591,0.75,0.652,0.03,0.759,0.499,0.163,0.623,0.257,0.364,0.237,0.671,0.313,0.273,0.082,0.331,0.318,0.267,0.936,0.229,0.735,0.767,0.218,0.026,0.828,0.53,0.373,0.08,0.696,0.624,0.66,0.032,0.479,0.173,0.961,0.568,0.242,0.328,0.297,0.357,0.805,0.208,0.242,0.242,0.164,0.497,0.687,0.11,0.471,0.033,0.562,0.518,0.816,0.063,0.392,0.547,0.515,0.284,0.323,0.193,0.703,0.632,0.225
15,0.934,0.473,0.609,0.053,0.106,0.055,0.123,0.068,0.309,0.815,0.411,0.868,0.595,0.252,0.187,1.0,0.049,0.157,0.345,0.033,0.318,0.617,0.053,0.221,0.437,0.3,0.385,0.097,0.473,0.338,0.038,0.337,0.241,0.109,0.054,0.198,0.309,0.105,0.389,0.363,0.395,0.223,0.665,0.126,0.27,0.374,0.709,0.103,0.564,0.296,0.132,0.073,0.272,0.426,0.126,0.172,0.209,0.504,0.23,0.147,0.032,0.374,0.398,0.827,0.088,0.134,0.257,0.146,0.403,0.82,0.021,0.096,0.464,0.431,0.29,0.182,0.767,0.232,0.185,0.176,0.139,0.14,0.022,0.225,0.099,0.026,0.405,0.136,0.512,0.387,0.766,0.154,0.819,0.328,0.312,0.104,0.969,0.267,0.317,0.14
16,0.042,0.018,0.08,0.032,0.344,0.014,0.074,0.02,0.041,0.02,0.042,0.084,0.006,0.17,0.073,0.049,1.0,0.119,0.028,0.138,0.066,0.024,0.035,0.067,0.08,0.406,0.042,0.032,0.016,0.199,0.768,0.466,0.191,0.073,0.044,0.174,0.175,0.049,0.086,0.149,0.0,0.163,0.042,0.052,0.004,0.064,0.208,0.289,0.078,0.281,0.144,0.607,0.195,0.44,0.089,0.059,0.175,0.013,0.063,0.018,0.754,0.065,0.011,0.064,0.614,0.006,0.185,0.081,0.0,0.087,0.01,0.059,0.091,0.057,0.275,0.08,0.069,0.073,0.157,0.044,0.56,0.108,0.043,0.015,0.053,0.041,0.0,0.068,0.009,0.068,0.032,0.117,0.052,0.013,0.314,0.337,0.036,0.031,0.038,0.011
17,0.192,0.496,0.102,0.261,0.046,0.079,0.325,0.088,0.476,0.065,0.056,0.301,0.021,0.34,0.283,0.157,0.119,1.0,0.075,0.48,0.045,0.022,0.257,0.047,0.1,0.146,0.035,0.674,0.02,0.104,0.04,0.318,0.398,0.382,0.267,0.135,0.349,0.34,0.161,0.134,0.002,0.397,0.016,0.545,0.014,0.097,0.077,0.293,0.099,0.004,1.0,0.02,0.146,0.128,0.811,0.336,0.103,0.058,0.047,0.443,0.034,0.147,0.025,0.066,0.023,0.35,0.35,0.557,0.01,0.273,0.686,0.383,0.383,0.099,0.006,0.824,0.307,0.046,0.124,0.411,0.093,0.366,0.043,0.415,0.444,0.049,0.005,0.34,0.216,0.136,0.084,0.203,0.17,0.032,0.017,0.051,0.13,0.397,0.532,0.43
18,0.176,0.322,0.85,0.204,0.261,0.63,0.12,0.606,0.316,0.44,0.273,0.148,0.155,0.051,0.367,0.345,0.028,0.075,1.0,0.017,0.282,0.756,0.204,0.458,0.891,0.109,0.292,0.483,0.873,0.337,0.045,0.028,0.061,0.312,0.216,0.103,0.108,0.175,0.244,0.363,0.083,0.079,0.703,0.084,0.827,0.948,0.095,0.151,0.308,0.069,0.048,0.045,0.038,0.349,0.359,0.274,0.085,0.248,0.471,0.707,0.034,0.304,0.923,0.392,0.048,0.293,0.061,0.155,0.105,0.163,0.209,0.293,0.053,0.943,0.084,0.194,0.068,0.464,0.082,0.662,0.153,0.031,0.759,0.107,0.238,0.759,0.097,0.113,0.504,0.305,0.588,0.148,0.288,0.977,0.235,0.23,0.407,0.105,0.056,0.699
19,0.049,0.375,0.048,0.594,0.032,0.144,0.366,0.137,0.424,0.028,0.485,0.076,0.123,0.308,0.247,0.033,0.138,0.48,0.017,1.0,0.504,0.082,0.565,0.126,0.031,0.225,0.486,0.449,0.057,0.016,0.141,0.371,0.314,0.319,0.563,0.594,0.286,0.421,0.177,0.104,0.279,0.306,0.082,0.832,0.028,0.031,0.062,0.364,0.135,0.182,0.481,0.137,0.275,0.122,0.422,0.307,0.618,0.21,0.094,0.301,0.149,0.162,0.048,0.075,0.138,0.327,0.311,0.309,0.264,0.074,0.75,0.351,0.198,0.022,0.158,0.458,0.078,0.104,0.602,0.294,0.597,0.815,0.01,0.35,0.596,0.009,0.258,0.376,0.137,0.188,0.045,0.446,0.06,0.018,0.579,0.031,0.033,0.337,0.265,0.296
20,0.293,0.466,0.328,0.672,0.086,0.017,0.454,0.02,0.475,0.522,0.964,0.172,0.464,0.3,0.134,0.318,0.066,0.045,0.282,0.504,1.0,0.314,0.661,0.012,0.295,0.277,0.991,0.0,0.329,0.029,0.188,0.439,0.347,0.1,0.697,0.79,0.399,0.537,0.084,0.439,0.549,0.206,0.285,0.602,0.28,0.255,0.235,0.065,0.157,0.269,0.048,0.246,0.125,0.141,0.0,0.082,0.852,0.285,0.011,0.024,0.187,0.076,0.305,0.289,0.207,0.402,0.321,0.009,0.55,0.168,0.12,0.092,0.172,0.301,0.285,0.004,0.093,0.007,0.808,0.021,0.464,0.658,0.19,0.262,0.61,0.218,0.521,0.468,0.433,0.074,0.506,0.686,0.191,0.318,0.352,0.077,0.385,0.273,0.028,0.029
21,0.379,0.41,0.802,0.036,0.284,0.506,0.186,0.493,0.296,0.471,0.285,0.453,0.118,0.207,0.504,0.617,0.024,0.022,0.756,0.082,0.314,1.0,0.031,0.536,0.66,0.353,0.34,0.295,0.955,0.534,0.076,0.167,0.24,0.353,0.028,0.172,0.262,0.214,0.481,0.486,0.06,0.242,0.986,0.049,0.85,0.661,0.4,0.188,0.644,0.3,0.02,0.142,0.156,0.6,0.23,0.386,0.185,0.629,0.534,0.471,0.07,0.531,0.906,0.835,0.125,0.299,0.226,0.068,0.062,0.506,0.161,0.361,0.24,0.738,0.332,0.057,0.327,0.55,0.166,0.497,0.306,0.054,0.411,0.231,0.121,0.421,0.078,0.19,0.658,0.533,0.575,0.181,0.721,0.856,0.506,0.306,0.745,0.213,0.056,0.497
22,0.087,0.473,0.086,1.0,0.051,0.122,0.36,0.099,0.628,0.26,0.702,0.028,0.412,0.163,0.025,0.053,0.035,0.257,0.204,0.565,0.661,0.031,1.0,0.085,0.15,0.001,0.703,0.094,0.06,0.074,0.003,0.164,0.175,0.011,1.0,0.463,0.244,0.378,0.006,0.252,0.619,0.069,0.016,0.685,0.091,0.171,0.025,0.435,0.0,0.0,0.235,0.0,0.364,0.002,0.135,0.003,0.5,0.019,0.07,0.211,0.005,0.006,0.127,0.007,0.001,0.337,0.146,0.002,0.595,0.034,0.432,0.011,0.11,0.121,0.001,0.063,0.009,0.086,0.45,0.212,0.212,0.552,0.255,0.193,0.909,0.243,0.595,0.339,0.299,0.005,0.177,0.471,0.012,0.145,0.165,0.069,0.063,0.175,0.018,0.222
23,0.164,0.215,0.2,0.087,0.425,0.898,0.24,0.885,0.182,0.006,0.0,0.329,0.159,0.278,0.783,0.221,0.067,0.047,0.458,0.126,0.012,0.536,0.085,1.0,0.197,0.441,0.003,0.211,0.531,0.846,0.069,0.219,0.283,0.742,0.073,0.023,0.227,0.306,0.883,0.427,0.215,0.384,0.599,0.0,0.68,0.297,0.251,0.34,0.853,0.317,0.04,0.098,0.489,0.546,0.123,0.829,0.026,0.67,1.0,0.35,0.064,0.905,0.535,0.556,0.109,0.476,0.251,0.515,0.227,0.434,0.14,0.745,0.359,0.286,0.335,0.093,0.335,1.0,0.022,0.397,0.237,0.006,0.586,0.404,0.058,0.559,0.237,0.261,0.481,0.914,0.03,0.103,0.597,0.554,0.439,0.401,0.25,0.43,0.476,0.38
24,0.344,0.166,0.954,0.156,0.168,0.379,0.05,0.394,0.166,0.705,0.4,0.193,0.289,0.016,0.19,0.437,0.08,0.1,0.891,0.031,0.295,0.66,0.15,0.197,1.0,0.08,0.378,0.479,0.701,0.087,0.057,0.07,0.007,0.196,0.138,0.049,0.03,0.089,0.081,0.186,0.187,0.04,0.594,0.019,0.567,0.989,0.08,0.029,0.127,0.033,0.119,0.075,0.028,0.348,0.391,0.125,0.07,0.117,0.182,0.541,0.066,0.108,0.773,0.36,0.061,0.167,0.007,0.164,0.197,0.141,0.207,0.221,0.013,0.978,0.029,0.298,0.107,0.175,0.051,0.48,0.22,0.003,0.685,0.037,0.131,0.65,0.178,0.057,0.277,0.128,0.815,0.076,0.22,0.778,0.269,0.157,0.505,0.037,0.064,0.57
25,0.243,0.271,0.166,0.009,0.343,0.234,0.071,0.219,0.25,0.143,0.21,0.256,0.242,0.056,0.258,0.3,0.406,0.146,0.109,0.225,0.277,0.353,0.001,0.441,0.08,1.0,0.239,0.008,0.213,0.25,0.637,0.764,0.054,0.311,0.007,0.284,0.045,0.094,0.685,0.042,0.24,0.077,0.397,0.133,0.317,0.106,0.139,0.029,0.659,0.56,0.146,0.581,0.099,0.747,0.024,0.47,0.358,0.442,0.436,0.045,0.662,0.624,0.164,0.549,0.609,0.263,0.056,0.411,0.214,0.259,0.021,0.311,0.123,0.098,0.582,0.128,0.247,0.432,0.252,0.045,0.709,0.258,0.147,0.197,0.059,0.158,0.236,0.072,0.395,0.606,0.134,0.09,0.455,0.138,0.57,0.351,0.366,0.188,0.398,0.031
26,0.346,0.446,0.373,0.7,0.041,0.022,0.379,0.013,0.526,0.577,0.984,0.192,0.582,0.282,0.114,0.385,0.042,0.035,0.292,0.486,0.991,0.34,0.703,0.003,0.378,0.239,1.0,0.003,0.342,0.022,0.134,0.459,0.292,0.066,0.709,0.707,0.352,0.414,0.059,0.386,0.624,0.174,0.262,0.577,0.228,0.31,0.205,0.105,0.142,0.193,0.049,0.182,0.2,0.125,0.004,0.054,0.766,0.226,0.002,0.031,0.122,0.054,0.31,0.283,0.163,0.361,0.265,0.006,0.62,0.162,0.119,0.072,0.125,0.32,0.191,0.004,0.097,0.005,0.731,0.04,0.448,0.616,0.201,0.207,0.605,0.206,0.62,0.392,0.416,0.07,0.559,0.569,0.226,0.305,0.36,0.044,0.39,0.205,0.02,0.041
27,0.117,0.098,0.473,0.097,0.157,0.522,0.119,0.496,0.081,0.203,0.008,0.067,0.069,0.21,0.356,0.097,0.032,0.674,0.483,0.449,0.0,0.295,0.094,0.211,0.479,0.008,0.003,1.0,0.344,0.064,0.001,0.127,0.201,0.498,0.101,0.051,0.097,0.138,0.135,0.022,0.042,0.31,0.227,0.304,0.338,0.528,0.006,0.416,0.059,0.029,0.671,0.009,0.217,0.036,0.952,0.405,0.036,0.13,0.264,0.811,0.003,0.137,0.407,0.073,0.009,0.103,0.203,0.513,0.037,0.044,0.769,0.508,0.104,0.517,0.031,0.812,0.095,0.225,0.06,0.766,0.104,0.229,0.438,0.173,0.111,0.444,0.043,0.121,0.013,0.162,0.275,0.036,0.006,0.438,0.2,0.158,0.124,0.144,0.384,0.83
28,0.279,0.34,0.799,0.086,0.327,0.583,0.234,0.582,0.309,0.451,0.303,0.257,0.086,0.241,0.546,0.473,0.016,0.02,0.873,0.057,0.329,0.955,0.06,0.531,0.701,0.213,0.342,0.344,1.0,0.488,0.057,0.054,0.256,0.44,0.066,0.178,0.281,0.312,0.412,0.542,0.043,0.267,0.905,0.055,0.898,0.786,0.297,0.18,0.537,0.261,0.013,0.107,0.083,0.455,0.282,0.358,0.206,0.567,0.533,0.584,0.062,0.461,0.981,0.674,0.128,0.381,0.266,0.097,0.033,0.344,0.173,0.449,0.184,0.788,0.27,0.11,0.183,0.55,0.225,0.588,0.231,0.054,0.603,0.223,0.149,0.603,0.032,0.233,0.647,0.441,0.597,0.262,0.562,0.964,0.392,0.341,0.595,0.254,0.062,0.553
29,0.282,0.421,0.132,0.061,0.207,0.622,0.474,0.628,0.298,0.05,0.007,0.568,0.074,0.432,0.75,0.338,0.199,0.104,0.337,0.016,0.029,0.534,0.074,0.846,0.087,0.25,0.022,0.064,0.488,1.0,0.0,0.186,0.433,0.634,0.064,0.101,0.473,0.45,0.761,0.682,0.106,0.494,0.526,0.078,0.537,0.169,0.454,0.217,0.807,0.194,0.14,0.02,0.305,0.535,0.025,0.708,0.059,0.604,0.851,0.171,0.001,0.812,0.463,0.57,0.02,0.526,0.422,0.41,0.091,0.69,0.011,0.654,0.62,0.166,0.181,0.066,0.511,0.854,0.101,0.211,0.142,0.057,0.317,0.576,0.135,0.318,0.111,0.472,0.595,0.843,0.045,0.316,0.732,0.47,0.314,0.225,0.339,0.6,0.498,0.167
30,0.08,0.079,0.049,0.001,0.649,0.061,0.21,0.051,0.079,0.005,0.097,0.074,0.12,0.232,0.02,0.038,0.768,0.04,0.045,0.141,0.188,0.076,0.003,0.069,0.057,0.637,0.134,0.001,0.057,0.0,1.0,0.434,0.244,0.029,0.003,0.421,0.196,0.167,0.18,0.121,0.088,0.21,0.085,0.106,0.16,0.059,0.278,0.191,0.118,0.724,0.039,0.97,0.113,0.316,0.033,0.069,0.419,0.292,0.063,0.032,1.0,0.143,0.038,0.09,0.97,0.125,0.254,0.104,0.092,0.034,0.04,0.045,0.102,0.061,0.737,0.062,0.106,0.063,0.428,0.043,0.511,0.275,0.18,0.176,0.028,0.197,0.096,0.207,0.171,0.133,0.008,0.28,0.044,0.019,0.257,0.652,0.033,0.173,0.107,0.024
31,0.318,0.317,0.135,0.172,0.059,0.061,0.035,0.076,0.272,0.289,0.465,0.241,0.353,0.034,0.156,0.337,0.466,0.318,0.028,0.371,0.439,0.167,0.164,0.219,0.07,0.764,0.459,0.127,0.054,0.186,0.434,1.0,0.04,0.238,0.165,0.32,0.038,0.035,0.445,0.007,0.37,0.04,0.163,0.289,0.052,0.036,0.073,0.085,0.418,0.281,0.291,0.37,0.188,0.518,0.222,0.325,0.42,0.219,0.215,0.078,0.44,0.354,0.019,0.39,0.342,0.117,0.032,0.49,0.323,0.223,0.063,0.231,0.096,0.064,0.257,0.327,0.223,0.197,0.336,0.066,0.669,0.353,0.018,0.094,0.17,0.01,0.358,0.028,0.229,0.362,0.255,0.109,0.332,0.011,0.463,0.058,0.336,0.104,0.408,0.053
32,0.302,0.426,0.031,0.181,0.423,0.271,0.771,0.255,0.335,0.108,0.216,0.5,0.159,0.998,0.627,0.241,0.191,0.398,0.061,0.314,0.347,0.24,0.175,0.283,0.007,0.054,0.292,0.201,0.256,0.433,0.244,0.04,1.0,0.57,0.171,0.593,0.968,0.722,0.284,0.737,0.148,0.971,0.229,0.409,0.26,0.008,0.707,0.274,0.338,0.505,0.372,0.323,0.393,0.037,0.181,0.488,0.5,0.66,0.271,0.054,0.214,0.345,0.223,0.195,0.339,0.535,1.0,0.288,0.145,0.566,0.253,0.553,0.742,0.02,0.487,0.2,0.508,0.275,0.552,0.059,0.082,0.467,0.137,0.702,0.257,0.142,0.147,0.784,0.399,0.347,0.057,0.735,0.39,0.171,0.058,0.42,0.184,0.727,0.356,0.055
33,0.141,0.253,0.159,0.009,0.307,0.748,0.489,0.777,0.222,0.0,0.042,0.314,0.076,0.571,0.968,0.109,0.073,0.382,0.312,0.319,0.1,0.353,0.011,0.742,0.196,0.311,0.066,0.498,0.44,0.634,0.029,0.238,0.57,1.0,0.015,0.18,0.484,0.553,0.743,0.476,0.074,0.699,0.373,0.181,0.509,0.253,0.275,0.231,0.689,0.297,0.378,0.095,0.396,0.289,0.353,0.973,0.159,0.666,0.752,0.245,0.032,0.778,0.44,0.282,0.09,0.616,0.54,0.805,0.085,0.39,0.258,1.0,0.482,0.225,0.295,0.462,0.335,0.76,0.162,0.253,0.338,0.216,0.488,0.649,0.077,0.468,0.085,0.484,0.385,0.801,0.019,0.279,0.374,0.426,0.314,0.305,0.107,0.644,0.737,0.281
34,0.096,0.471,0.088,1.0,0.062,0.112,0.329,0.114,0.62,0.232,0.729,0.023,0.421,0.173,0.026,0.054,0.044,0.267,0.216,0.563,0.697,0.028,1.0,0.073,0.138,0.007,0.709,0.101,0.066,0.064,0.003,0.165,0.171,0.015,1.0,0.466,0.262,0.409,0.006,0.267,0.612,0.08,0.014,0.711,0.119,0.134,0.021,0.433,0.003,0.003,0.244,0.0,0.365,0.004,0.099,0.005,0.535,0.013,0.072,0.192,0.005,0.008,0.118,0.005,0.0,0.37,0.181,0.002,0.588,0.047,0.42,0.012,0.105,0.147,0.002,0.084,0.015,0.073,0.484,0.203,0.216,0.57,0.249,0.178,0.892,0.257,0.6,0.316,0.3,0.008,0.183,0.471,0.023,0.142,0.163,0.076,0.043,0.204,0.017,0.194
35,0.212,0.561,0.08,0.504,0.249,0.021,0.735,0.027,0.497,0.202,0.67,0.254,0.237,0.551,0.213,0.198,0.174,0.135,0.103,0.594,0.79,0.172,0.463,0.023,0.049,0.284,0.707,0.051,0.178,0.101,0.421,0.32,0.593,0.18,0.466,1.0,0.672,0.722,0.101,0.594,0.298,0.447,0.157,0.738,0.217,0.046,0.413,0.013,0.132,0.511,0.119,0.477,0.065,0.045,0.023,0.146,0.989,0.433,0.023,0.016,0.399,0.125,0.193,0.123,0.486,0.556,0.563,0.087,0.292,0.266,0.229,0.175,0.471,0.06,0.528,0.079,0.257,0.025,1.0,0.014,0.448,0.89,0.06,0.534,0.524,0.08,0.307,0.738,0.456,0.108,0.149,0.896,0.184,0.186,0.279,0.252,0.151,0.553,0.165,0.015
36,0.375,0.571,0.056,0.282,0.276,0.168,0.828,0.191,0.475,0.157,0.309,0.56,0.172,0.958,0.574,0.309,0.175,0.349,0.108,0.286,0.399,0.262,0.244,0.227,0.03,0.045,0.352,0.097,0.281,0.473,0.196,0.038,0.968,0.484,0.262,0.672,1.0,0.786,0.282,0.859,0.138,0.859,0.247,0.483,0.229,0.04,0.72,0.144,0.341,0.388,0.366,0.27,0.273,0.091,0.116,0.431,0.543,0.577,0.201,0.003,0.171,0.312,0.25,0.233,0.291,0.587,0.953,0.257,0.135,0.641,0.215,0.468,0.791,0.058,0.396,0.134,0.554,0.23,0.647,0.008,0.05,0.549,0.075,0.719,0.371,0.07,0.141,0.826,0.508,0.329,0.097,0.809,0.475,0.217,0.029,0.297,0.228,0.715,0.343,0.003
37,0.127,0.64,0.068,0.398,0.293,0.264,0.983,0.286,0.595,0.02,0.339,0.353,0.008,0.711,0.591,0.105,0.049,0.34,0.175,0.421,0.537,0.214,0.378,0.306,0.089,0.094,0.414,0.138,0.312,0.45,0.167,0.035,0.722,0.553,0.409,0.722,0.786,1.0,0.301,0.781,0.033,0.673,0.207,0.578,0.35,0.105,0.451,0.003,0.282,0.385,0.332,0.262,0.045,0.04,0.087,0.497,0.68,0.489,0.259,0.004,0.192,0.333,0.285,0.135,0.247,0.904,0.715,0.354,0.038,0.455,0.187,0.543,0.757,0.106,0.379,0.242,0.431,0.269,0.736,0.004,0.212,0.656,0.305,0.913,0.523,0.298,0.048,0.992,0.614,0.37,0.07,0.911,0.312,0.269,0.073,0.272,0.075,0.907,0.476,0.003
38,0.34,0.325,0.144,0.007,0.327,0.642,0.26,0.663,0.283,0.078,0.072,0.475,0.26,0.267,0.75,0.389,0.086,0.161,0.244,0.177,0.084,0.481,0.006,0.883,0.081,0.685,0.059,0.135,0.412,0.761,0.18,0.445,0.284,0.743,0.006,0.101,0.282,0.301,1.0,0.303,0.241,0.428,0.564,0.095,0.532,0.136,0.32,0.172,0.958,0.452,0.152,0.191,0.413,0.674,0.035,0.866,0.127,0.748,0.9,0.142,0.156,0.99,0.361,0.635,0.205,0.513,0.301,0.654,0.281,0.57,0.06,0.741,0.466,0.126,0.463,0.189,0.494,0.889,0.113,0.126,0.382,0.113,0.319,0.52,0.06,0.347,0.239,0.255,0.571,0.996,0.063,0.117,0.712,0.326,0.487,0.335,0.366,0.496,0.674,0.125
39,0.262,0.593,0.221,0.251,0.267,0.375,0.811,0.35,0.491,0.161,0.309,0.514,0.058,0.739,0.652,0.363,0.149,0.134,0.363,0.104,0.439,0.486,0.252,0.427,0.186,0.042,0.386,0.022,0.542,0.682,0.121,0.007,0.737,0.476,0.267,0.594,0.859,0.781,0.303,1.0,0.058,0.703,0.446,0.39,0.486,0.213,0.626,0.08,0.422,0.319,0.121,0.215,0.121,0.154,0.014,0.445,0.503,0.567,0.425,0.097,0.137,0.411,0.529,0.348,0.188,0.675,0.759,0.171,0.045,0.617,0.023,0.446,0.74,0.25,0.358,0.026,0.446,0.412,0.609,0.166,0.038,0.407,0.268,0.678,0.377,0.244,0.06,0.812,0.698,0.402,0.173,0.792,0.512,0.558,0.035,0.255,0.322,0.678,0.226,0.105
40,0.523,0.07,0.141,0.596,0.128,0.209,0.031,0.18,0.092,0.616,0.667,0.26,0.944,0.135,0.03,0.395,0.0,0.002,0.083,0.279,0.549,0.06,0.619,0.215,0.187,0.24,0.624,0.042,0.043,0.106,0.088,0.37,0.148,0.074,0.612,0.298,0.138,0.033,0.241,0.058,1.0,0.083,0.088,0.255,0.003,0.14,0.267,0.374,0.199,0.242,0.008,0.149,0.652,0.075,0.006,0.137,0.346,0.219,0.206,0.075,0.089,0.214,0.021,0.238,0.129,0.012,0.15,0.191,1.0,0.148,0.121,0.087,0.05,0.137,0.225,0.064,0.264,0.219,0.299,0.056,0.146,0.242,0.217,0.006,0.348,0.214,1.0,0.027,0.011,0.201,0.47,0.19,0.185,0.046,0.256,0.134,0.348,0.011,0.222,0.085
41,0.292,0.312,0.037,0.076,0.478,0.447,0.734,0.436,0.24,0.043,0.116,0.466,0.113,0.964,0.759,0.223,0.163,0.397,0.079,0.306,0.206,0.242,0.069,0.384,0.04,0.077,0.174,0.31,0.267,0.494,0.21,0.04,0.971,0.699,0.08,0.447,0.859,0.673,0.428,0.703,0.083,1.0,0.227,0.292,0.317,0.033,0.657,0.351,0.422,0.513,0.407,0.307,0.467,0.058,0.249,0.635,0.408,0.701,0.389,0.132,0.189,0.468,0.251,0.207,0.315,0.531,0.97,0.444,0.084,0.519,0.282,0.682,0.73,0.036,0.499,0.268,0.499,0.425,0.462,0.134,0.07,0.362,0.291,0.727,0.133,0.272,0.087,0.729,0.365,0.462,0.008,0.626,0.396,0.208,0.074,0.477,0.166,0.721,0.467,0.124
42,0.444,0.407,0.756,0.015,0.298,0.524,0.158,0.484,0.326,0.469,0.267,0.491,0.137,0.246,0.499,0.665,0.042,0.016,0.703,0.082,0.285,0.986,0.016,0.599,0.594,0.397,0.262,0.227,0.905,0.526,0.085,0.163,0.229,0.373,0.014,0.157,0.247,0.207,0.564,0.446,0.088,0.227,1.0,0.035,0.832,0.629,0.422,0.169,0.721,0.346,0.017,0.142,0.156,0.64,0.196,0.392,0.197,0.649,0.563,0.473,0.065,0.612,0.852,0.875,0.165,0.304,0.246,0.069,0.072,0.574,0.172,0.375,0.274,0.655,0.325,0.032,0.356,0.565,0.153,0.496,0.324,0.057,0.376,0.218,0.096,0.361,0.087,0.153,0.684,0.603,0.555,0.179,0.763,0.786,0.557,0.298,0.761,0.208,0.107,0.437
43,0.18,0.759,0.025,0.688,0.023,0.008,0.62,0.004,0.795,0.088,0.548,0.274,0.148,0.402,0.163,0.126,0.052,0.545,0.084,0.832,0.602,0.049,0.685,0.0,0.019,0.133,0.577,0.304,0.055,0.078,0.106,0.289,0.409,0.181,0.711,0.738,0.483,0.578,0.095,0.39,0.255,0.292,0.035,1.0,0.049,0.05,0.204,0.197,0.083,0.172,0.549,0.128,0.121,0.011,0.325,0.187,0.701,0.178,0.003,0.268,0.116,0.075,0.055,0.059,0.118,0.536,0.402,0.26,0.241,0.289,0.585,0.176,0.466,0.043,0.194,0.4,0.307,0.002,0.735,0.252,0.351,0.931,0.022,0.524,0.83,0.015,0.227,0.606,0.479,0.07,0.041,0.649,0.167,0.062,0.191,0.023,0.086,0.532,0.31,0.228
44,0.125,0.347,0.631,0.107,0.568,0.77,0.29,0.773,0.335,0.189,0.173,0.208,0.005,0.279,0.623,0.27,0.004,0.014,0.827,0.028,0.28,0.85,0.091,0.68,0.567,0.317,0.228,0.338,0.898,0.537,0.16,0.052,0.26,0.509,0.119,0.217,0.229,0.35,0.532,0.486,0.003,0.317,0.832,0.049,1.0,0.655,0.256,0.29,0.574,0.451,0.012,0.267,0.191,0.412,0.284,0.492,0.22,0.634,0.678,0.593,0.168,0.597,0.909,0.56,0.26,0.469,0.268,0.141,0.004,0.334,0.174,0.515,0.229,0.668,0.423,0.045,0.175,0.715,0.193,0.633,0.202,0.079,0.745,0.366,0.174,0.759,0.003,0.289,0.707,0.579,0.348,0.234,0.515,0.89,0.276,0.585,0.401,0.348,0.15,0.609
45,0.291,0.194,0.917,0.187,0.208,0.451,0.045,0.463,0.215,0.61,0.326,0.139,0.253,0.006,0.257,0.374,0.064,0.097,0.948,0.031,0.255,0.661,0.171,0.297,0.989,0.106,0.31,0.528,0.786,0.169,0.059,0.036,0.008,0.253,0.134,0.046,0.04,0.105,0.136,0.213,0.14,0.033,0.629,0.05,0.655,1.0,0.058,0.068,0.173,0.046,0.096,0.061,0.044,0.325,0.393,0.179,0.067,0.112,0.284,0.616,0.065,0.162,0.818,0.339,0.072,0.224,0.014,0.151,0.156,0.132,0.206,0.246,0.01,0.995,0.045,0.278,0.089,0.294,0.043,0.54,0.173,0.006,0.74,0.044,0.169,0.745,0.141,0.043,0.341,0.191,0.724,0.067,0.234,0.861,0.249,0.165,0.465,0.046,0.062,0.603
46,0.753,0.453,0.18,0.026,0.472,0.202,0.448,0.18,0.261,0.422,0.154,0.849,0.424,0.68,0.364,0.709,0.208,0.077,0.095,0.062,0.235,0.4,0.025,0.251,0.08,0.139,0.205,0.006,0.297,0.454,0.278,0.073,0.707,0.275,0.021,0.413,0.72,0.451,0.32,0.626,0.267,0.657,0.422,0.204,0.256,0.058,1.0,0.307,0.477,0.633,0.073,0.392,0.477,0.11,0.005,0.307,0.384,0.723,0.292,0.028,0.313,0.411,0.275,0.534,0.412,0.34,0.715,0.176,0.279,0.823,0.006,0.281,0.74,0.093,0.644,0.078,0.829,0.271,0.399,0.072,0.011,0.32,0.06,0.55,0.076,0.058,0.273,0.484,0.483,0.429,0.33,0.46,0.674,0.198,0.062,0.522,0.587,0.536,0.332,0.031
47,0.1,0.038,0.026,0.447,0.587,0.469,0.006,0.475,0.112,0.052,0.139,0.094,0.237,0.323,0.237,0.103,0.289,0.293,0.151,0.364,0.065,0.188,0.435,0.34,0.029,0.029,0.105,0.416,0.18,0.217,0.191,0.085,0.274,0.231,0.433,0.013,0.144,0.003,0.172,0.08,0.374,0.351,0.169,0.197,0.29,0.068,0.307,1.0,0.203,0.246,0.308,0.221,0.848,0.014,0.467,0.208,0.013,0.353,0.355,0.541,0.171,0.231,0.162,0.148,0.233,0.002,0.284,0.092,0.388,0.098,0.591,0.239,0.048,0.051,0.249,0.176,0.098,0.321,0.014,0.596,0.072,0.108,0.314,0.02,0.31,0.346,0.361,0.012,0.053,0.224,0.015,0.006,0.133,0.184,0.195,0.562,0.094,0.032,0.041,0.579
48,0.448,0.438,0.244,0.001,0.32,0.563,0.265,0.568,0.365,0.183,0.131,0.622,0.221,0.336,0.671,0.564,0.078,0.099,0.308,0.135,0.157,0.644,0.0,0.853,0.127,0.659,0.142,0.059,0.537,0.807,0.118,0.418,0.338,0.689,0.003,0.132,0.341,0.282,0.958,0.422,0.199,0.422,0.721,0.083,0.574,0.173,0.477,0.203,1.0,0.448,0.111,0.178,0.386,0.742,0.01,0.753,0.164,0.785,0.838,0.15,0.112,0.957,0.474,0.829,0.161,0.478,0.361,0.466,0.188,0.714,0.049,0.649,0.521,0.225,0.444,0.094,0.571,0.838,0.114,0.199,0.379,0.106,0.255,0.487,0.072,0.292,0.197,0.278,0.652,0.945,0.163,0.164,0.892,0.383,0.533,0.348,0.581,0.483,0.566,0.14
49,0.376,0.244,0.05,0.003,0.841,0.316,0.409,0.327,0.175,0.115,0.144,0.399,0.299,0.517,0.313,0.296,0.281,0.004,0.069,0.182,0.269,0.3,0.0,0.317,0.033,0.56,0.193,0.029,0.261,0.194,0.724,0.281,0.505,0.297,0.003,0.511,0.388,0.385,0.452,0.319,0.242,0.513,0.346,0.172,0.451,0.046,0.633,0.246,0.448,1.0,0.007,0.827,0.353,0.184,0.01,0.349,0.521,0.744,0.347,0.071,0.736,0.464,0.207,0.332,0.881,0.38,0.479,0.233,0.25,0.389,0.061,0.309,0.425,0.042,1.0,0.055,0.457,0.331,0.541,0.106,0.33,0.353,0.314,0.514,0.05,0.28,0.254,0.387,0.427,0.436,0.076,0.441,0.383,0.165,0.165,0.841,0.263,0.505,0.308,0.076
50,0.18,0.47,0.101,0.263,0.036,0.083,0.335,0.105,0.51,0.087,0.045,0.281,0.025,0.367,0.273,0.132,0.144,1.0,0.048,0.481,0.048,0.02,0.235,0.04,0.119,0.146,0.049,0.671,0.013,0.14,0.039,0.291,0.372,0.378,0.244,0.119,0.366,0.332,0.152,0.121,0.008,0.407,0.017,0.549,0.012,0.096,0.073,0.308,0.111,0.007,1.0,0.013,0.148,0.113,0.761,0.32,0.092,0.067,0.044,0.401,0.035,0.119,0.027,0.081,0.018,0.353,0.359,0.568,0.002,0.275,0.663,0.389,0.408,0.099,0.004,0.836,0.322,0.032,0.127,0.467,0.082,0.371,0.059,0.388,0.465,0.049,0.003,0.325,0.187,0.139,0.089,0.222,0.152,0.026,0.019,0.036,0.122,0.391,0.553,0.446
51,0.136,0.092,0.044,0.0,0.769,0.143,0.282,0.126,0.082,0.031,0.095,0.129,0.156,0.357,0.082,0.073,0.607,0.02,0.045,0.137,0.246,0.142,0.0,0.098,0.075,0.581,0.182,0.009,0.107,0.02,0.97,0.37,0.323,0.095,0.0,0.477,0.27,0.262,0.191,0.215,0.149,0.307,0.142,0.128,0.267,0.061,0.392,0.221,0.178,0.827,0.013,1.0,0.166,0.302,0.021,0.104,0.487,0.394,0.098,0.051,0.971,0.179,0.078,0.14,1.0,0.19,0.34,0.092,0.13,0.097,0.055,0.097,0.175,0.052,0.847,0.031,0.178,0.097,0.479,0.082,0.437,0.333,0.217,0.254,0.019,0.247,0.127,0.28,0.221,0.194,0.016,0.348,0.098,0.085,0.224,0.772,0.065,0.279,0.112,0.044
52,0.415,0.018,0.002,0.395,0.555,0.52,0.079,0.545,0.027,0.234,0.25,0.355,0.554,0.42,0.331,0.272,0.195,0.146,0.038,0.275,0.125,0.156,0.364,0.489,0.028,0.099,0.2,0.217,0.083,0.305,0.113,0.188,0.393,0.396,0.365,0.065,0.273,0.045,0.413,0.121,0.652,0.467,0.156,0.121,0.191,0.044,0.477,0.848,0.386,0.353,0.148,0.166,1.0,0.074,0.18,0.388,0.052,0.53,0.475,0.279,0.095,0.404,0.059,0.25,0.161,0.038,0.408,0.247,0.63,0.314,0.305,0.404,0.26,0.022,0.333,0.072,0.375,0.464,0.065,0.319,0.091,0.109,0.33,0.16,0.185,0.355,0.612,0.073,0.051,0.429,0.139,0.041,0.298,0.064,0.255,0.553,0.247,0.154,0.254,0.302
53,0.243,0.282,0.457,0.003,0.142,0.28,0.033,0.248,0.221,0.189,0.135,0.321,0.068,0.044,0.318,0.426,0.44,0.128,0.349,0.122,0.141,0.6,0.002,0.546,0.348,0.747,0.125,0.036,0.455,0.535,0.316,0.518,0.037,0.289,0.004,0.045,0.091,0.04,0.674,0.154,0.075,0.058,0.64,0.011,0.412,0.325,0.11,0.014,0.742,0.184,0.113,0.302,0.074,1.0,0.008,0.382,0.094,0.319,0.505,0.153,0.325,0.625,0.392,0.758,0.282,0.203,0.044,0.223,0.098,0.414,0.082,0.294,0.17,0.38,0.175,0.02,0.228,0.569,0.058,0.15,0.638,0.038,0.179,0.086,0.066,0.182,0.064,0.029,0.42,0.652,0.311,0.001,0.645,0.388,0.721,0.14,0.521,0.095,0.258,0.167
54,0.111,0.156,0.376,0.114,0.133,0.337,0.097,0.378,0.168,0.205,0.007,0.088,0.045,0.156,0.267,0.126,0.089,0.811,0.359,0.422,0.0,0.23,0.135,0.123,0.391,0.024,0.004,0.952,0.282,0.025,0.033,0.222,0.181,0.353,0.099,0.023,0.116,0.087,0.035,0.014,0.006,0.249,0.196,0.325,0.284,0.393,0.005,0.467,0.01,0.01,0.761,0.021,0.18,0.008,1.0,0.256,0.012,0.062,0.131,0.801,0.021,0.06,0.323,0.083,0.028,0.077,0.171,0.461,0.005,0.043,0.782,0.363,0.08,0.373,0.018,0.849,0.103,0.129,0.014,0.761,0.077,0.201,0.284,0.119,0.171,0.312,0.004,0.09,0.033,0.052,0.286,0.035,0.012,0.334,0.143,0.147,0.155,0.108,0.334,0.789
55,0.187,0.289,0.102,0.006,0.306,0.733,0.458,0.739,0.211,0.013,0.043,0.383,0.12,0.499,0.936,0.172,0.059,0.336,0.274,0.307,0.082,0.386,0.003,0.829,0.125,0.47,0.054,0.405,0.358,0.708,0.069,0.325,0.488,0.973,0.005,0.146,0.431,0.497,0.866,0.445,0.137,0.635,0.392,0.187,0.492,0.179,0.307,0.208,0.753,0.349,0.32,0.104,0.388,0.382,0.256,1.0,0.163,0.723,0.826,0.172,0.067,0.888,0.404,0.37,0.115,0.644,0.502,0.839,0.12,0.438,0.186,0.987,0.523,0.164,0.361,0.448,0.411,0.84,0.127,0.167,0.331,0.211,0.45,0.649,0.076,0.476,0.124,0.441,0.433,0.898,0.005,0.233,0.508,0.389,0.365,0.293,0.168,0.668,0.781,0.229
56,0.22,0.52,0.107,0.48,0.268,0.025,0.701,0.021,0.476,0.192,0.701,0.21,0.299,0.504,0.229,0.209,0.175,0.103,0.085,0.618,0.852,0.185,0.5,0.026,0.07,0.358,0.766,0.036,0.206,0.059,0.419,0.42,0.5,0.159,0.535,0.989,0.543,0.68,0.127,0.503,0.346,0.408,0.197,0.701,0.22,0.067,0.384,0.013,0.164,0.521,0.092,0.487,0.052,0.094,0.012,0.163,1.0,0.4,0.033,0.006,0.487,0.121,0.178,0.19,0.483,0.553,0.503,0.075,0.355,0.229,0.219,0.157,0.379,0.079,0.551,0.08,0.21,0.025,0.98,0.014,0.526,0.879,0.088,0.5,0.518,0.083,0.345,0.676,0.444,0.126,0.207,0.852,0.179,0.165,0.328,0.222,0.2,0.527,0.127,0.012
57,0.473,0.387,0.206,0.011,0.638,0.574,0.487,0.585,0.263,0.185,0.188,0.612,0.28,0.675,0.735,0.504,0.013,0.058,0.248,0.21,0.285,0.629,0.019,0.67,0.117,0.442,0.226,0.13,0.567,0.604,0.292,0.219,0.66,0.666,0.013,0.433,0.577,0.489,0.748,0.567,0.219,0.701,0.649,0.178,0.634,0.112,0.723,0.353,0.785,0.744,0.067,0.394,0.53,0.319,0.062,0.723,0.4,1.0,0.666,0.188,0.266,0.763,0.477,0.644,0.402,0.492,0.657,0.323,0.255,0.63,0.122,0.642,0.603,0.133,0.721,0.052,0.594,0.676,0.413,0.223,0.24,0.272,0.351,0.597,0.056,0.306,0.223,0.462,0.613,0.785,0.165,0.435,0.731,0.442,0.34,0.617,0.484,0.594,0.434,0.178
58,0.172,0.215,0.189,0.089,0.43,0.876,0.264,0.878,0.183,0.012,0.001,0.324,0.161,0.265,0.767,0.23,0.063,0.047,0.471,0.094,0.011,0.534,0.07,1.0,0.182,0.436,0.002,0.264,0.533,0.851,0.063,0.215,0.271,0.752,0.072,0.023,0.201,0.259,0.9,0.425,0.206,0.389,0.563,0.003,0.678,0.284,0.292,0.355,0.838,0.347,0.044,0.098,0.475,0.505,0.131,0.826,0.033,0.666,1.0,0.365,0.055,0.901,0.541,0.572,0.109,0.463,0.257,0.542,0.218,0.467,0.138,0.759,0.363,0.275,0.323,0.108,0.319,1.0,0.031,0.409,0.237,0.019,0.565,0.405,0.064,0.563,0.205,0.262,0.499,0.93,0.02,0.103,0.593,0.569,0.412,0.406,0.243,0.419,0.503,0.355
59,0.088,0.181,0.558,0.205,0.321,0.645,0.0,0.601,0.203,0.17,0.053,0.065,0.032,0.061,0.218,0.147,0.018,0.443,0.707,0.301,0.024,0.471,0.211,0.35,0.541,0.045,0.031,0.811,0.584,0.171,0.032,0.078,0.054,0.245,0.192,0.016,0.003,0.004,0.142,0.097,0.075,0.132,0.473,0.268,0.593,0.616,0.028,0.541,0.15,0.071,0.401,0.051,0.279,0.153,0.801,0.172,0.006,0.188,0.365,1.0,0.027,0.151,0.601,0.242,0.055,0.013,0.059,0.201,0.054,0.074,0.733,0.283,0.008,0.62,0.079,0.484,0.046,0.386,0.013,0.986,0.039,0.162,0.547,0.001,0.264,0.565,0.063,0.0,0.211,0.143,0.279,0.003,0.127,0.652,0.224,0.318,0.228,0.001,0.057,1.0
60,0.084,0.074,0.038,0.001,0.669,0.075,0.177,0.076,0.064,0.009,0.083,0.073,0.109,0.218,0.026,0.032,0.754,0.034,0.034,0.149,0.187,0.07,0.005,0.064,0.066,0.662,0.122,0.003,0.062,0.001,1.0,0.44,0.214,0.032,0.005,0.399,0.171,0.192,0.156,0.137,0.089,0.189,0.065,0.116,0.168,0.065,0.313,0.171,0.112,0.736,0.035,0.971,0.095,0.325,0.021,0.067,0.487,0.266,0.055,0.027,1.0,0.114,0.041,0.093,0.986,0.132,0.231,0.105,0.08,0.05,0.022,0.041,0.116,0.052,0.745,0.045,0.129,0.069,0.427,0.048,0.511,0.291,0.175,0.173,0.042,0.169,0.102,0.187,0.161,0.126,0.009,0.316,0.029,0.042,0.26,0.672,0.041,0.178,0.105,0.024
61,0.313,0.357,0.15,0.01,0.359,0.703,0.321,0.691,0.276,0.065,0.051,0.524,0.206,0.353,0.828,0.374,0.065,0.147,0.304,0.162,0.076,0.531,0.006,0.905,0.108,0.624,0.054,0.137,0.461,0.812,0.143,0.354,0.345,0.778,0.008,0.125,0.312,0.333,0.99,0.411,0.214,0.468,0.612,0.075,0.597,0.162,0.411,0.231,0.957,0.464,0.119,0.179,0.404,0.625,0.06,0.888,0.121,0.763,0.901,0.151,0.114,1.0,0.417,0.659,0.199,0.553,0.358,0.642,0.213,0.616,0.058,0.773,0.476,0.167,0.421,0.159,0.483,0.917,0.128,0.16,0.406,0.129,0.383,0.549,0.067,0.4,0.188,0.307,0.62,1.0,0.053,0.146,0.751,0.393,0.463,0.355,0.382,0.504,0.672,0.179
62,0.208,0.351,0.79,0.113,0.302,0.618,0.227,0.626,0.284,0.428,0.294,0.232,0.087,0.225,0.53,0.398,0.011,0.025,0.923,0.048,0.305,0.906,0.127,0.535,0.773,0.164,0.31,0.407,0.981,0.463,0.038,0.019,0.223,0.44,0.118,0.193,0.25,0.285,0.361,0.529,0.021,0.251,0.852,0.055,0.909,0.818,0.275,0.162,0.474,0.207,0.027,0.078,0.059,0.392,0.323,0.404,0.178,0.477,0.541,0.601,0.041,0.417,1.0,0.582,0.085,0.393,0.215,0.141,0.02,0.32,0.165,0.434,0.157,0.839,0.211,0.135,0.133,0.535,0.188,0.615,0.17,0.05,0.657,0.208,0.179,0.694,0.035,0.24,0.632,0.406,0.54,0.252,0.442,0.992,0.293,0.294,0.502,0.201,0.075,0.611
63,0.652,0.417,0.585,0.005,0.225,0.3,0.119,0.296,0.29,0.509,0.293,0.684,0.31,0.212,0.373,0.827,0.064,0.066,0.392,0.075,0.289,0.835,0.007,0.556,0.36,0.549,0.283,0.073,0.674,0.57,0.09,0.39,0.195,0.282,0.005,0.123,0.233,0.135,0.635,0.348,0.238,0.207,0.875,0.059,0.56,0.339,0.534,0.148,0.829,0.332,0.081,0.14,0.25,0.758,0.083,0.37,0.19,0.644,0.572,0.242,0.093,0.659,0.582,1.0,0.139,0.244,0.218,0.154,0.218,0.718,0.075,0.315,0.397,0.406,0.318,0.037,0.597,0.541,0.116,0.292,0.359,0.038,0.139,0.235,0.076,0.115,0.219,0.115,0.621,0.649,0.557,0.087,0.92,0.476,0.592,0.209,0.895,0.246,0.245,0.247
64,0.144,0.127,0.061,0.0,0.758,0.144,0.284,0.155,0.066,0.031,0.096,0.132,0.156,0.338,0.08,0.088,0.614,0.023,0.048,0.138,0.207,0.125,0.001,0.109,0.061,0.609,0.163,0.009,0.128,0.02,0.97,0.342,0.339,0.09,0.0,0.486,0.291,0.247,0.205,0.188,0.129,0.315,0.165,0.118,0.26,0.072,0.412,0.233,0.161,0.881,0.018,1.0,0.161,0.282,0.028,0.115,0.483,0.402,0.109,0.055,0.986,0.199,0.085,0.139,1.0,0.178,0.343,0.091,0.128,0.099,0.055,0.095,0.177,0.055,0.879,0.029,0.173,0.109,0.492,0.073,0.46,0.333,0.217,0.244,0.021,0.238,0.118,0.278,0.222,0.188,0.017,0.386,0.092,0.076,0.232,0.757,0.081,0.278,0.119,0.045
65,0.115,0.711,0.131,0.329,0.302,0.349,0.846,0.385,0.693,0.033,0.331,0.393,0.001,0.549,0.696,0.134,0.006,0.35,0.293,0.327,0.402,0.299,0.337,0.476,0.167,0.263,0.361,0.103,0.381,0.526,0.125,0.117,0.535,0.616,0.37,0.556,0.587,0.904,0.513,0.675,0.012,0.531,0.304,0.536,0.469,0.224,0.34,0.002,0.478,0.38,0.353,0.19,0.038,0.203,0.077,0.644,0.553,0.492,0.463,0.013,0.132,0.553,0.393,0.244,0.178,1.0,0.556,0.501,0.013,0.484,0.11,0.626,0.675,0.165,0.353,0.282,0.449,0.461,0.522,0.028,0.301,0.567,0.43,0.907,0.587,0.425,0.013,0.859,0.737,0.59,0.053,0.72,0.399,0.381,0.09,0.297,0.12,0.886,0.605,0.013
66,0.357,0.435,0.033,0.172,0.457,0.27,0.785,0.287,0.321,0.103,0.214,0.529,0.16,1.0,0.624,0.257,0.185,0.35,0.061,0.311,0.321,0.226,0.146,0.251,0.007,0.056,0.265,0.203,0.266,0.422,0.254,0.032,1.0,0.54,0.181,0.563,0.953,0.715,0.301,0.759,0.15,0.97,0.246,0.402,0.268,0.014,0.715,0.284,0.361,0.479,0.359,0.34,0.408,0.044,0.171,0.502,0.503,0.657,0.257,0.059,0.231,0.358,0.215,0.218,0.343,0.556,1.0,0.319,0.128,0.538,0.305,0.578,0.728,0.025,0.493,0.177,0.492,0.261,0.598,0.06,0.072,0.454,0.131,0.7,0.211,0.136,0.143,0.792,0.389,0.379,0.062,0.706,0.431,0.168,0.069,0.448,0.194,0.674,0.363,0.061
