,0,1,2,3,4,5,6,7,8,9,10,11,12,13,14,15,16,17,18,19,20,21,22,23,24,25,26,27,28,29,30,31,32,33,34,35,36,37,38,39,40,41,42,43,44,45,46,47,48,49,50,51,52,53,54,55,56,57,58,59,60,61,62,63,64,65,66,67,68,69,70,71,72,73,74,75,76,77,78,79,80,81,82,83,84,85,86,87,88,89,90,91,92,93,94,95,96,97,98,99
0,1.0,4.2680725644085955e-05,1.4546889246369861e-05,0.002658756544718368,0.42249656037557937,0.4029947354182454,0.0024726899691214863,0.029544298452900828,0.19051343610740254,0.008115847483661242,1.0165409907617945e-05,0.0002920970778535403,0.00021259363856292727,0.0003369372294019924,0.2945927660813797,0.2417734384507324,0.016053854109113006,0.08605807735539901,0.00023493509309693617,0.009734914627703942,0.00040279403924806806,0.31708784697560294,0.11468305683776064,0.003531088339677056,0.022655966578304636,0.9963272167404612,0.010794335799674556,0.06428497993213672,1.775128852034033e-05,0.11847446282113921,0.0015146409371569437,0.9650350238572142,0.10630321039810886,0.4788898610216498,0.0022334685402271293,0.11534611082397275,2.9460867258762003e-05,0.4647569083898767,0.0017671112212231468,0.30487785245630417,0.44854338993838005,0.018194607333190553,0.18866347070188025,0.00023493509309693617,0.44854338993838005,0.05165185143964381,0.0017193772809741413,0.4881343398741583,0.06536530990028341,0.33681777315628736,0.002658756544718368,1.775128852034033e-05,0.00021259363856292727,0.07488689834176458,0.7730892523539188,0.47981351124224597,0.010874777331082042,4.621803567362544e-05,1.9402081587423346e-05,0.0002920970778535403,4.621803567362544e-05,0.9650350238572142,0.053622311643593025,0.06536530990028341,0.3891533737078019,5.781098717402281e-05,0.00046386855188800625,0.35441020264822093,0.006969532412675848,0.00015008008920357354,0.9210484557234513,0.005873054187219621,0.07620258804478548,0.41755846060715857,0.4029947354182454,0.0009607777197143483,0.6321156999291773,0.4029947354182454,0.004979106438033321,0.0014098362797726456,0.11053091211851719,0.0022334685402271293,0.008064258494068267,0.00174512545831416,0.9650350238572142,0.0017671112212231468,4.3974133235628784e-05,4.621803567362544e-05,0.0024156957627783854,0.43596193453990306,4.2680725644085955e-05,0.010874777331082042,1.9402081587423346e-05,0.00174512545831416,0.015410535760284696,0.00023810693482050478,5.781098717402281e-05,0.07302490850156625,1.3542699644142375e-05,0.880160610109726
1,4.2680725644085955e-05,1.0,0.5194653510020945,0.18329341724760026,0.0030163712190514396,0.007264971677050267,0.0006792988335064051,0.14583613553752692,0.022891762647291546,0.34488384755584167,0.7563624602074289,0.002005913864454633,0.5035715175323715,0.36901312866990754,3.7528561431842454e-05,0.0010745700937691291,0.01661980020505466,0.00672522383058445,0.006857774273613156,0.31278690025486505,0.3835238317623545,3.0352328811588665e-05,0.005080414002566979,0.5182085935652831,0.18225546412534577,4.293710578782659e-05,0.029197559190758837,0.00679800999711513,0.06117962048633393,0.03704380345218128,0.31127634373797536,7.661149170442849e-05,7.124676103781092e-05,0.0021946367117723978,0.5488989458284859,0.0035816725036226242,0.18121975034725202,0.005012466305036979,0.4753975518631224,0.012213077018147786,3.40741149317563e-05,0.013477618782235764,0.0017940778290371426,0.006857774273613156,3.40741149317563e-05,7.40535427478532e-05,0.4051599271742365,0.0003131939344763174,0.0671660580053194,0.010176211833970678,0.18329341724760026,0.06117962048633393,0.5035715175323715,0.06130347713860258,5.6530553854371677e-05,3.6515281606331324e-05,0.03148363118144879,0.022419585987217605,0.3606211478454559,0.002005913864454633,0.022419585987217605,7.661149170442849e-05,0.10055740229129641,0.0671660580053194,0.003751172612169196,0.7402584694717769,0.23932715564000814,0.002681777581109489,0.05150643673413817,0.01681368985554042,9.647224348739379e-05,0.0726902122411836,0.006425999344545399,0.004772423002837372,0.007264971677050267,0.21040683369347238,0.00024070661373152942,0.007264971677050267,0.06982891968705043,0.6056412346909118,0.04209312349365323,0.5488989458284859,0.0002671658221977077,0.2431626937902967,7.661149170442849e-05,0.4753975518631224,0.8417316437165919,0.022419585987217605,0.5924509866627213,0.005957969938819793,1.0,0.03148363118144879,0.3606211478454559,0.2431626937902967,0.22098754082473113,0.0034330525591885464,0.7402584694717769,0.00511916776216196,0.6562983398678196,0.0001187636416771632
2,1.4546889246369861e-05,0.5194653510020945,1.0,0.37374085017101805,0.0023981621165076058,0.0029252593208819073,0.007268431012522443,0.03434442443686045,0.0056714604459367915,0.10106193429942203,0.8960022965646669,0.027612141872816746,0.07492159931073322,0.043900641764401845,7.618416952331139e-05,8.861805453307734e-05,0.0009101263409003376,0.014014677870087557,0.07400868891910926,0.0890357390763897,0.0481547152591424,5.855621693802717e-05,0.009785289022041361,0.30045074004129624,0.04566756646325741,1.614141997702969e-05,0.0899357668934036,0.016292722273227925,0.43296803404622225,0.007894600205320417,0.5160148545267024,2.0392271685601748e-05,0.0002595106500798121,0.001675557142912203,0.4134082452381739,0.0074974066429863056,0.7331649632332714,0.0021692866610873987,0.5020475691373065,0.0037437062606509156,4.94608803114096e-05,0.0007145563159041279,0.00014313643214523575,0.07400868891910926,4.94608803114096e-05,0.00037658493137790043,0.5152151861167126,3.473292906482659e-05,0.013776746961452237,0.003200380453499895,0.37374085017101805,0.43296803404622225,0.07492159931073322,0.013070677320273507,4.366311538834172e-05,4.979872755819518e-05,0.0019466306893269837,0.21247613323328157,0.9496343914299759,0.027612141872816746,0.21247613323328157,2.0392271685601748e-05,0.026702968733623537,0.013776746961452237,0.0030200953405967105,0.1588843036645151,0.021666762299380575,0.0027218856238662888,0.0034651539382827587,0.15132031715735378,2.2405732715051227e-05,0.18967054569957933,0.014409294057110096,0.003021092335970075,0.0029252593208819073,0.019493673518720663,3.354472274435689e-05,0.0029252593208819073,0.00495860544688911,0.48693731383041505,0.009359897632673786,0.4134082452381739,0.0023499847981165124,0.4636289422658838,2.0392271685601748e-05,0.5020475691373065,0.22333387227638776,0.21247613323328157,0.32001381426267445,0.002513600301422431,0.5194653510020945,0.0019466306893269837,0.9496343914299759,0.4636289422658838,0.052690558542214,0.043597614395883416,0.1588843036645151,0.0003344087711524494,0.9699859987931749,2.5238561570146797e-05
3,0.002658756544718368,0.18329341724760026,0.37374085017101805,1.0,0.09948565359020033,0.08224408064946909,0.13984843297244454,0.15369201593690682,0.0819850633272976,0.23763893460684726,0.24794796642918124,0.20080013559181817,0.04525760608122326,0.03270077758066813,0.012795411325419318,0.003072233792297448,0.005381436686087906,0.3156028693638399,0.33002989910558084,0.2275880787786127,0.037772816341619504,0.010677928247848762,0.2603088727069227,0.5287042119402171,0.17692301981973024,0.0029833054030227227,0.7052494264780454,0.3405266191740996,0.4067648756808749,0.08272658364738983,0.951273362925598,0.002960074638006677,0.028181870572570437,0.07940980253774675,0.6427589424165661,0.22566110159502734,0.5296926374072277,0.07240427387256423,0.7968056420626256,0.07876623368896081,0.00930615805955537,0.004670783590882004,0.003890502530581747,0.33002989910558084,0.00930615805955537,0.03381396318712088,0.8756340169038214,0.0023062585873838554,0.09885725294725489,0.07383679146178121,1.0,0.4067648756808749,0.04525760608122326,0.1012874771752302,0.007588251189533302,0.009280220657158719,0.008484964274070009,0.38514393175868655,0.4557895471984441,0.20080013559181817,0.38514393175868655,0.002960074638006677,0.16471187528865583,0.09885725294725489,0.11423601544845144,0.05961797873992442,0.019643636883523014,0.11486520033981885,0.011396197485627799,0.43108790568467914,0.002923294255328485,0.9012536539065229,0.320215464561349,0.10462252843958361,0.08224408064946909,0.023199997558563966,0.0027115362236526473,0.08224408064946909,0.013444344529973083,0.6414882766724748,0.09276846773351398,0.6427589424165661,0.08532314624872442,0.9852322045548774,0.002960074638006677,0.7968056420626256,0.07617758825068108,0.38514393175868655,0.4744771868034812,0.07760577042721185,0.18329341724760026,0.008484964274070009,0.4557895471984441,0.9852322045548774,0.1690651644574716,0.24833394454493155,0.05961797873992442,0.004719307154836414,0.3170499306633205,0.003002577868539529
4,0.42249656037557937,0.0030163712190514396,0.0023981621165076058,0.09948565359020033,1.0,0.8110099292641573,0.062189732328393435,0.17093868517714902,0.4607904662202123,0.08961948254470307,0.001519318903653232,0.018504609518542693,0.0042334138180428115,0.004900329196457242,0.4475710587648545,0.1406371784627922,0.02774752096141106,0.629423123337462,0.018408001116620692,0.09880786468257172,0.005838945295852494,0.43665618221495606,0.6989115512520665,0.07762738895043962,0.15286281930287507,0.4461176321711253,0.2328704072380048,0.5478348977115467,0.0034801010365532008,0.3316925030465695,0.06566065664289113,0.41179023354126304,0.3368310807580953,0.9947555551506444,0.06456403870073305,0.676174962859136,0.004836479715050518,0.8603305867470707,0.06328088325514596,0.637662014545952,0.49678814981248604,0.028467087549216286,0.12951170384454702,0.018408001116620692,0.49678814981248604,0.23792642380811355,0.06626720804241892,0.21015530612513858,0.23895352556443802,0.6675513567042328,0.09948565359020033,0.0034801010365532008,0.0042334138180428115,0.26484577570126167,0.5926215217790379,0.513125087481096,0.025843424058838965,0.0066494503384962374,0.003262515053001253,0.018504609518542693,0.0066494503384962374,0.41179023354126304,0.2626866213898236,0.23895352556443802,0.9977478658765047,0.0021348477570283203,0.004812223976765181,0.9774850010101472,0.021811066230586037,0.014695542911558739,0.38898719555549943,0.1667137308589029,0.5918793702511245,0.9731455004309156,0.8110099292641573,0.008204044474716026,0.27306184892901525,0.8110099292641573,0.018768807164237553,0.048431363433156495,0.3325446458354175,0.06456403870073305,0.10862906732492676,0.07454920414247708,0.41179023354126304,0.06328088325514596,0.0020195512268781713,0.0066494503384962374,0.05777557093825741,0.8424228763416582,0.0030163712190514396,0.025843424058838965,0.003262515053001253,0.07454920414247708,0.11629403504941149,0.017247901591536913,0.0021348477570283203,0.07262887429652258,0.002068748150002101,0.3757994205712003
5,0.4029947354182454,0.007264971677050267,0.0029252593208819073,0.08224408064946909,0.8110099292641573,1.0,0.015360083271654947,0.38791352973563387,0.8224425184507171,0.2045555742213691,0.002509595042225234,0.004799569299587085,0.0175167115947076,0.021878780283923187,0.1740879152336508,0.37548137115674174,0.1261715317472261,0.3486970265800175,0.005912527886193223,0.2254341296314154,0.025122100218064526,0.17172438714245558,0.3910194648034426,0.1317897238859381,0.3450340515794398,0.4038978694317942,0.12809573967911217,0.28642914172215733,0.001843431167059309,0.6781189129286426,0.06459206554712586,0.4648741608528323,0.10521781423453958,0.8038513525838521,0.09808027874495809,0.35444781729466607,0.003577542929004002,0.990843136830618,0.08056825244291436,0.9530940142195783,0.22467465492275598,0.1292138125934592,0.3676673056311527,0.005912527886193223,0.22467465492275598,0.06487803427168758,0.07577167109169758,0.42824169338819595,0.5338556758656376,0.9683241002695087,0.08224408064946909,0.001843431167059309,0.0175167115947076,0.5720101062539805,0.3754672921430503,0.2400059159937887,0.11676700583061889,0.0026904338457236134,0.0032390456909939256,0.004799569299587085,0.0026904338457236134,0.4648741608528323,0.5286921407092555,0.5338556758656376,0.8176747359042799,0.007989568277592502,0.02383489498514721,0.697505142291728,0.09936814096242425,0.0056212170145386285,0.4801055313123422,0.10939201213657498,0.3166041917040297,0.9165108706517399,1.0,0.03821014608265033,0.477610665125767,1.0,0.08616449446120746,0.0733423637345082,0.6720575082018785,0.09808027874495809,0.026409086571876485,0.06652311515036684,0.4648741608528323,0.08056825244291436,0.006900680510783261,0.0026904338457236134,0.10493643675925891,0.9970404995529646,0.007264971677050267,0.11676700583061889,0.0032390456909939256,0.06652311515036684,0.27867430200804494,0.004874606680660067,0.007989568277592502,0.2574290929846806,0.002960188764282508,0.4936347848291483
6,0.0024726899691214863,0.0006792988335064051,0.007268431012522443,0.13984843297244454,0.062189732328393435,0.015360083271654947,1.0,0.0025212162138759406,0.004444518216758552,0.0027344594406420895,0.00199145898313917,0.7629935309639526,6.111085607719026e-05,4.1129700809465634e-05,0.09725776468426929,0.00010101843003728726,1.9406478204291832e-05,0.35523078021614,0.5804438487989898,0.002739899472652555,5.3348282096464316e-05,0.08257104741829245,0.3125795421453585,0.01059169917658778,0.0027237505875096556,0.0031618602932118474,0.46182743416109234,0.4231472515179431,0.09477206123879474,0.002733354719314611,0.07204884067142535,0.001628365310057869,0.2873020489527987,0.05372859407880843,0.015732532132206312,0.3380485439888391,0.04831463155948943,0.01743377672480627,0.030081287633373397,0.00796270536359679,0.05237726047671089,1.783809931375337e-05,9.710185564772079e-05,0.5804438487989898,0.05237726047671089,0.4314303900130404,0.04432730444556155,0.00020416443936901646,0.002161661639709029,0.008419954997226637,0.13984843297244454,0.09477206123879474,6.111085607719026e-05,0.002501384901893648,0.0182829943939102,0.04794718648656636,2.6435578328800333e-05,0.2420802288082501,0.01655971798728269,0.7629935309639526,0.2420802288082501,0.001628365310057869,0.004267542390795088,0.002161661639709029,0.06632580062311404,7.954272470748233e-05,2.1389876512037564e-05,0.09841232897192864,2.9985273652391544e-05,0.3937548773606554,0.0012277861269215378,0.29686990903765714,0.38920003624742505,0.04156606226528826,0.015360083271654947,3.380289534025227e-05,0.0003838789550698808,0.015360083271654947,3.1357138726841326e-05,0.014490922350554348,0.0030593998726033164,0.015732532132206312,0.8869067052870442,0.10158546059586451,0.001628365310057869,0.030081287633373397,0.0001201274073496109,0.2420802288082501,0.0073867395419294985,0.016798418985999784,0.0006792988335064051,2.6435578328800333e-05,0.01655971798728269,0.10158546059586451,0.0020415019695959433,0.6752104465597145,7.954272470748233e-05,4.895232079586958e-05,0.003920582782353706,0.0010347146505429576
7,0.029544298452900828,0.14583613553752692,0.03434442443686045,0.15369201593690682,0.17093868517714902,0.38791352973563387,0.0025212162138759406,1.0,0.7051393421788391,0.8809816373857585,0.04650985589154615,0.001762048497875939,0.3395755150252929,0.37962347655203665,0.007143545904972759,0.21548535521395423,0.4308109559532659,0.09051662972929606,0.0037290164153958635,0.9085826720196726,0.40740335848924536,0.006655329613320903,0.08960246328486682,0.5766089110724288,0.9930665861014226,0.028266116529521074,0.07621062271389303,0.0756468937021949,0.00571839842553298,0.8270907633213557,0.18374061497531113,0.046182259393706473,0.005203968790773724,0.15209312439003297,0.4368040477188048,0.07028170264485208,0.017381967670126206,0.31946135819353905,0.3107840866036279,0.5342752454388486,0.00939562962427512,0.40702530072315535,0.26737178919352983,0.0037290164153958635,0.00939562962427512,0.0033813184547557946,0.2562145802725102,0.12094556990216009,0.9366384950761605,0.4938500300484677,0.15369201593690682,0.00571839842553298,0.3395755150252929,0.9215681860204269,0.021323481686405545,0.010361836814824736,0.5051385134344547,0.004085671977623761,0.026893747762673496,0.001762048497875939,0.004085671977623761,0.046182259393706473,0.9696265263324779,0.9366384950761605,0.18680448743125544,0.20995659314883114,0.3815493169256073,0.13224249521606996,0.5403881749659779,0.005732467994848325,0.05534447885541725,0.10985932036916589,0.08097838962793917,0.24822071132881207,0.38791352973563387,0.47180446801196757,0.10340385976133681,0.38791352973563387,0.5489343938916701,0.3715324080411369,0.8495107371909197,0.4368040477188048,0.0025932826204575965,0.15762248436719228,0.046182259393706473,0.3107840866036279,0.18312755641939588,0.004085671977623761,0.5519850921234607,0.34869712905233696,0.14583613553752692,0.5051385134344547,0.026893747762673496,0.15762248436719228,0.9720994996203945,0.0023098224312110382,0.20995659314883114,0.36902419808198983,0.0433587914015899,0.06402768408358055
8,0.19051343610740254,0.022891762647291546,0.0056714604459367915,0.0819850633272976,0.4607904662202123,0.8224425184507171,0.004444518216758552,0.7051393421788391,1.0,0.42467716047032883,0.006383064957315874,0.0017460065252886644,0.07226552453525907,0.091264985434893,0.044797059443142724,0.5073419056021461,0.35207332892643795,0.17167043765831802,0.0027532613703916656,0.4601317339144185,0.10107354814992077,0.04380213265865953,0.18747107898144974,0.2359131087278764,0.6431506558447901,0.18371273316853487,0.0775110220607026,0.1374778295965068,0.0016616763167961576,0.9666566938532762,0.07831419424150081,0.25882174316512374,0.02535831284150841,0.44358990509365753,0.16656136747205214,0.15843070500485437,0.00428953208787575,0.7508269388408421,0.12047963593132234,0.9499308315804628,0.06277570529910577,0.3529572592992476,0.5443828378129975,0.0027532613703916656,0.06277570529910577,0.014775085518675854,0.10369799659847728,0.4208386062868659,0.8733269080606477,0.9278872437977937,0.0819850633272976,0.0016616763167961576,0.07226552453525907,0.8999648923778875,0.13481878430328573,0.06878284190552421,0.34480931871768106,0.001762199223733003,0.005174600072136511,0.0017460065252886644,0.001762199223733003,0.25882174316512374,0.8289106974701136,0.8733269080606477,0.47670123203921966,0.033807751745246375,0.10275829164178918,0.3612392725964695,0.31225406741408307,0.003234067378611484,0.2905875949875682,0.08274752310588133,0.15251351718194603,0.5991973393744039,0.8224425184507171,0.1494525772356773,0.4056638717339833,0.8224425184507171,0.28293989183062496,0.12847080220786158,0.9609952047932675,0.16656136747205214,0.006655488748035691,0.07324275333703785,0.25882174316512374,0.12047963593132234,0.027934260535053816,0.001762199223733003,0.20376164523006182,0.7821297907255856,0.022891762647291546,0.34480931871768106,0.005174600072136511,0.07324275333703785,0.5623962407566906,0.0019769998648091775,0.033807751745246375,0.5073244553047679,0.0065889917331570244,0.31784995144748135
9,0.008115847483661242,0.34488384755584167,0.10106193429942203,0.23763893460684726,0.08961948254470307,0.2045555742213691,0.0027344594406420895,0.8809816373857585,0.42467716047032883,1.0,0.1384765740661765,0.002763820026592588,0.5353603617161561,0.5360544083893398,0.002789890822514638,0.07949016701676143,0.2655252892650666,0.06924166605692796,0.00658369737103544,0.997854051310981,0.5710446497642215,0.0025058829092983225,0.0639315123789642,0.8156609699304204,0.9281872423943663,0.007874812138719427,0.08884882780142896,0.06084352972549324,0.015689350465597468,0.5393729345245346,0.30967490172731976,0.01309481517678892,0.002612091163752275,0.07572960490660295,0.6751402410444527,0.048862970584014946,0.0470174444644283,0.1612233561080507,0.5072629533173936,0.29523990209358025,0.0033249428092492744,0.24122400715602463,0.10629423571765112,0.00658369737103544,0.0033249428092492744,0.0019207511435875158,0.42280554631744344,0.03793710713611351,0.6879021600897467,0.26590507067493585,0.23763893460684726,0.015689350465597468,0.5353603617161561,0.664413980102253,0.00690962319297032,0.0036371720077751153,0.35220165110508733,0.009501337291414275,0.07708672173880739,0.002763820026592588,0.009501337291414275,0.01309481517678892,0.7847540308706403,0.6879021600897467,0.10121893110349747,0.41439568536407706,0.48031982949996616,0.07206187070562356,0.4201250927987217,0.011364680536839651,0.015861476762306016,0.14678296075255284,0.06305156858443614,0.13258523812867226,0.2045555742213691,0.5448856621491065,0.0316688685774449,0.2045555742213691,0.45952514825028273,0.613982331227946,0.5687043633453421,0.6751402410444527,0.002198117144331941,0.259918532718577,0.01309481517678892,0.5072629533173936,0.38771195206546766,0.009501337291414275,0.8160002014928305,0.1797608661139241,0.34488384755584167,0.35220165110508733,0.07708672173880739,0.259918532718577,0.958625811558143,0.0038722538867278357,0.41439568536407706,0.17589793758054748,0.127151060072587,0.01861890478271523
10,1.0165409907617945e-05,0.7563624602074289,0.8960022965646669,0.24794796642918124,0.001519318903653232,0.002509595042225234,0.00199145898313917,0.04650985589154615,0.006383064957315874,0.1384765740661765,1.0,0.007924558724025742,0.1594056137169631,0.09836352263985121,2.8120215340091704e-05,0.00013152136191580242,0.0020159188656931845,0.006816041274065631,0.02487936880732112,0.12184146463156616,0.10502171218222665,2.176279646183369e-05,0.004783103610533416,0.3345365661864905,0.061712640568869534,1.0866613549129035e-05,0.044066238120396395,0.007610463082269434,0.21176793530027807,0.009825245383447515,0.38922009307026934,1.6112412126208364e-05,8.235373407461422e-05,0.0010571301429659352,0.4258741424667678,0.0034934609770617487,0.4563608006031387,0.0017691095704519364,0.45591041422730016,0.003696497128791536,2.0299954009366615e-05,0.0015788561674472158,0.00022257348331868694,0.02487936880732112,2.0299954009366615e-05,0.00010871892345194075,0.4330136413625935,4.2193922219391904e-05,0.01834734190979442,0.0030899047210919857,0.24794796642918124,0.21176793530027807,0.1594056137169631,0.016976694494288073,2.280866047034831e-05,2.093712811558634e-05,0.00430774999745057,0.08510484633342635,0.7325740227680143,0.007924558724025742,0.08510484633342635,1.6112412126208364e-05,0.03307098824825963,0.01834734190979442,0.0019297306398421094,0.316481947814889,0.052151507668988045,0.0015737494666310723,0.007739327616854352,0.05792068477240108,1.8889167958329927e-05,0.10600713258783279,0.006836150107070241,0.002133728305910371,0.002509595042225234,0.04476385868044384,3.646245929120822e-05,0.002509595042225234,0.011160918992268044,0.5014823919137722,0.011561056112500608,0.4258741424667678,0.0006318833699931296,0.3256831303848059,1.6112412126208364e-05,0.45591041422730016,0.4173962319344625,0.08510484633342635,0.37463814143612995,0.0020920638837657727,0.7563624602074289,0.00430774999745057,0.7325740227680143,0.3256831303848059,0.07447024610228019,0.013340209471308396,0.316481947814889,0.0006138661325137085,0.9753720464130139,2.2267388852034508e-05
11,0.0002920970778535403,0.002005913864454633,0.027612141872816746,0.20080013559181817,0.018504609518542693,0.004799569299587085,0.7629935309639526,0.001762048497875939,0.0017460065252886644,0.002763820026592588,0.007924558724025742,1.0,0.00010546917584564516,6.0925424058729805e-05,0.017568560361258572,2.023424064475013e-05,8.63026923622828e-06,0.17642594038631698,0.9223708396242398,0.0026395212214851012,7.79009210596976e-05,0.01415848636148749,0.14043128351942458,0.01432609548520982,0.0020734412884197023,0.00037931202314474586,0.4228920749284716,0.2247901253832173,0.300001894991076,0.0012213556157516382,0.11924759964760928,0.00020473509612573064,0.07317311918228545,0.014826782605103091,0.023945524585554743,0.14533973571090011,0.15473032592750707,0.00507715244693521,0.048720002051238664,0.0027133510484418782,0.008318625765326472,7.4922466961633994e-06,2.181371961479654e-05,0.9223708396242398,0.008318625765326472,0.12981299309782554,0.07219229313693626,3.1474532734468725e-05,0.0011579530774250273,0.0027548843378295425,0.20080013559181817,0.300001894991076,0.00010546917584564516,0.0013000825582100248,0.0026393495067971433,0.00755009416566303,1.4055743700997699e-05,0.5870991773488075,0.059359610883621544,1.0,0.5870991773488075,0.00020473509612573064,0.0026061497894083806,0.0011579530774250273,0.020724588362866794,0.00018846176597968824,2.7083928289145813e-05,0.030592532271376018,1.8692288676933994e-05,0.7531475243567881,0.00015814706372981003,0.33711347139112796,0.1976638567845481,0.012892742036598633,0.004799569299587085,3.753686404784636e-05,5.6321443117441217e-05,0.004799569299587085,2.1781836495477476e-05,0.02430067958347981,0.0014185398400387277,0.023945524585554743,0.47218977003366364,0.16135320746047524,0.00020473509612573064,0.048720002051238664,0.00031241596476749996,0.5870991773488075,0.01072167690014851,0.005059050018404538,0.002005913864454633,1.4055743700997699e-05,0.059359610883621544,0.16135320746047524,0.0016897663386078602,0.9829265877946562,0.00018846176597968824,1.4626957132161885e-05,0.015050453466038312,0.00013694824661129187
12,0.00021259363856292727,0.5035715175323715,0.07492159931073322,0.04525760608122326,0.0042334138180428115,0.0175167115947076,6.111085607719026e-05,0.3395755150252929,0.07226552453525907,0.5353603617161561,0.1594056137169631,0.00010546917584564516,1.0,0.9691593929258453,3.2407151986834424e-05,0.012803068114822836,0.17268444050826984,0.003089960855510525,0.0003937833511568036,0.5120854693117414,0.9710718491091286,2.822586922909495e-05,0.002648829000299497,0.38083421889792834,0.38265725667580147,0.00019517070962900873,0.006687487665380776,0.0026673821857045943,0.003304823728925362,0.12278461850787262,0.08393320069651558,0.0004522236226798119,3.063824783441418e-05,0.0033344947806423046,0.3016911243186041,0.001788220208864236,0.015537697793402565,0.0118687042552683,0.18956338905198217,0.0351340649800186,4.2124714592658015e-05,0.14892537671579573,0.020510806328254125,0.0003937833511568036,4.2124714592658015e-05,2.1772086480264316e-05,0.1377880539970742,0.0034077755307174743,0.20610623725881383,0.029361379835216455,0.04525760608122326,0.003304823728925362,1.0,0.18544648368564065,0.00012565256526016652,4.781349284152027e-05,0.2653218427840724,0.0011129047688550196,0.041416458579487246,0.00010546917584564516,0.0011129047688550196,0.0004522236226798119,0.2296261846913911,0.20610623725881383,0.005058276136775982,0.8932513190796129,0.8686999038036652,0.002987012887462184,0.36744956981611243,0.0010055479118287246,0.000629222433169882,0.016809434456587127,0.0027393783171843376,0.00790832429977012,0.0175167115947076,0.8106748461825604,0.002227847388049878,0.0175167115947076,0.44605562685680633,0.29726358054080093,0.13167370895890343,0.3016911243186041,3.518162822341296e-05,0.059771131890422546,0.0004522236226798119,0.18956338905198217,0.8038305643007141,0.0011129047688550196,0.44281376102203535,0.014124009032994473,0.5035715175323715,0.2653218427840724,0.041416458579487246,0.059771131890422546,0.45992982406676175,0.0001812979320777105,0.8932513190796129,0.05828694872504952,0.11740440371473129,0.0008209846360476046
13,0.0003369372294019924,0.36901312866990754,0.043900641764401845,0.03270077758066813,0.004900329196457242,0.021878780283923187,4.1129700809465634e-05,0.37962347655203665,0.091264985434893,0.5360544083893398,0.09836352263985121,6.0925424058729805e-05,0.9691593929258453,1.0,3.7191870356932627e-05,0.021625839749656452,0.257291684832368,0.0028209153016228545,0.0002247971074970657,0.5201914301357857,0.9982727083555365,3.2985699076035683e-05,0.0024978785438472648,0.3274970093064185,0.4163983284555689,0.0003044235934754528,0.005067273055510159,0.0023563561659545058,0.0017076098463195588,0.15360703143303575,0.06033041847426083,0.0007295256101626402,3.022411581980104e-05,0.003945555635516963,0.2443886553536261,0.001684900259468387,0.008600967071454624,0.014920550600559097,0.14504077005784846,0.04457098496983461,5.193118739536857e-05,0.22566767820807176,0.03391367049024654,0.0002247971074970657,5.193118739536857e-05,1.983004525156942e-05,0.10282453026869479,0.005875327072047551,0.24884335394745222,0.03746374978795947,0.03270077758066813,0.0017076098463195588,0.9691593929258453,0.22429874481441744,0.00017152765273079353,5.95298272685433e-05,0.3740326074224183,0.0005878599698866026,0.023619179103681436,6.0925424058729805e-05,0.0005878599698866026,0.0007295256101626402,0.260513801606198,0.24884335394745222,0.005782341423584026,0.7697419720244281,0.96123556384244,0.0033187691207430146,0.49459042878263226,0.0005637301560918609,0.0010273570518398295,0.01240059874728733,0.0024652305078049592,0.009337888050999749,0.021878780283923187,0.9209385333944461,0.0037718666447372636,0.021878780283923187,0.5820486608857739,0.2336947619900729,0.16249057686154772,0.2443886553536261,2.6306954021298804e-05,0.04259040544503642,0.0007295256101626402,0.14504077005784846,0.6603020888599621,0.0005878599698866026,0.37826127006725674,0.01768096833788125,0.36901312866990754,0.3740326074224183,0.023619179103681436,0.04259040544503642,0.49436009897453104,0.00010336539748634702,0.7697419720244281,0.0927788012722308,0.07099206749203366,0.0013475779808374852
14,0.2945927660813797,3.7528561431842454e-05,7.618416952331139e-05,0.012795411325419318,0.4475710587648545,0.1740879152336508,0.09725776468426929,0.007143545904972759,0.044797059443142724,0.002789890822514638,2.8120215340091704e-05,0.017568560361258572,3.2407151986834424e-05,3.7191870356932627e-05,1.0,0.011768738548666882,0.0005172291556881534,0.3576156033772817,0.010553560291234908,0.0031942759203518944,4.76548315060499e-05,0.9971976909796831,0.4220970152157169,0.0031577639165985215,0.006033975397090375,0.3352501659838079,0.08348138768403393,0.3253696024611835,0.0005098368539357515,0.023291459802414653,0.005666155484026041,0.20673172336204448,0.8313772538062787,0.47472964565966524,0.002884669142403158,0.4708141113062845,0.0004028930139295135,0.2184344107480763,0.003615372309741826,0.09294667021669117,0.9539661038903754,0.0005562150598175117,0.008956260693947286,0.010553560291234908,0.9539661038903754,0.647343347573325,0.0045080509363672715,0.033742813842462645,0.012584877296507601,0.10553582396930705,0.012795411325419318,0.0005098368539357515,3.2407151986834424e-05,0.015104594549891973,0.6991250328699951,0.9378632750426183,0.00042414220861095974,0.001873271572069357,0.00015268116711496848,0.017568560361258572,0.001873271572069357,0.20673172336204448,0.014875567173617897,0.012584877296507601,0.42261028606071027,1.5122371725109377e-05,3.468894590693936e-05,0.5233419902607531,0.00031225415490249625,0.005459830253892562,0.1652358907758859,0.03774488008690907,0.3503821021196628,0.3289081434927958,0.1740879152336508,7.249855815199103e-05,0.058730898440156325,0.1740879152336508,0.0002440355048854509,0.002018360595052998,0.02313418337632697,0.002884669142403158,0.2302686335839809,0.007810491167808643,0.20673172336204448,0.003615372309741826,1.5488692892398542e-05,0.001873271572069357,0.001989178526559973,0.19917357728692756,3.7528561431842454e-05,0.00042414220861095974,0.00015268116711496848,0.007810491167808643,0.003895561679871422,0.013090576702295713,1.5122371725109377e-05,0.002785464144793957,4.9985956434086495e-05,0.14093389488416758
15,0.2417734384507324,0.0010745700937691291,8.861805453307734e-05,0.003072233792297448,0.1406371784627922,0.37548137115674174,0.00010101843003728726,0.21548535521395423,0.5073419056021461,0.07949016701676143,0.00013152136191580242,2.023424064475013e-05,0.012803068114822836,0.021625839749656452,0.011768738548666882,1.0,0.43018200635357573,0.017165669530746733,3.12676004117758e-05,0.09183316071484363,0.0234261588537454,0.01249633360538759,0.021692031832504358,0.02142499016452709,0.174132048810317,0.2154128029619979,0.0033744187474559033,0.011768724713791675,1.3057912685280924e-05,0.4799954682487666,0.0029440855267874023,0.36464705387655716,0.00328279789764155,0.14923579207102503,0.011395710127617364,0.018083535467327626,4.820863704430784e-05,0.3491774939027546,0.006222620269372124,0.478602095514753,0.023214337258353306,0.46481817163432454,0.9848180925433397,3.12676004117758e-05,0.023214337258353306,0.0013127653587899735,0.0047138665881356736,0.8722759523811098,0.37516563306915857,0.4775194017787402,0.003072233792297448,1.3057912685280924e-05,0.012803068114822836,0.3876894404526093,0.08265576946771805,0.02671765371058024,0.32889420069984826,1.4664739246837316e-05,6.944619386643308e-05,2.023424064475013e-05,1.4664739246837316e-05,0.36464705387655716,0.2655932837033521,0.37516563306915857,0.13782161584119632,0.0034944165790166755,0.03377691134010284,0.0900818892356834,0.2426634626157463,3.479188748421807e-05,0.4378704970687589,0.003284262212903321,0.014229440540987121,0.20440701944400233,0.37548137115674174,0.05472154780967766,0.7576313722896926,0.37548137115674174,0.19170323612029194,0.0076873633550053454,0.44818791265721153,0.011395710127617364,0.00024124616543932722,0.002609649205869502,0.36464705387655716,0.006222620269372124,0.002300484910212075,1.4664739246837316e-05,0.018147620958270157,0.3584380118857283,0.0010745700937691291,0.32889420069984826,6.944619386643308e-05,0.002609649205869502,0.14545424421599212,2.1895386624492468e-05,0.0034944165790166755,0.8012896041415553,0.00012135815311115057,0.4950621997613953
16,0.016053854109113006,0.01661980020505466,0.0009101263409003376,0.005381436686087906,0.02774752096141106,0.1261715317472261,1.9406478204291832e-05,0.4308109559532659,0.35207332892643795,0.2655252892650666,0.0020159188656931845,8.63026923622828e-06,0.17268444050826984,0.257291684832368,0.0005172291556881534,0.43018200635357573,1.0,0.004483694147755891,2.2033442529824702e-05,0.28704488516859605,0.2622733474228276,0.0005175712903631522,0.0049910202098723405,0.07687530035498419,0.38917734748390737,0.013787452925952012,0.0020266318236858913,0.0031619191736306255,4.1336441742204595e-05,0.4622611782417886,0.0076043268608778835,0.03180703199406042,0.00018130944833388157,0.026442667298044863,0.04250343925947046,0.003643558495916436,0.00022468590415970763,0.09874098107526588,0.020775529569949873,0.2243173385211034,0.0010106963909083113,0.9969735974740864,0.5309475476668499,2.2033442529824702e-05,0.0010106963909083113,7.839281285323292e-05,0.014074146586775636,0.19399093484309,0.51153241386739,0.2047300285568542,0.005381436686087906,4.1336441742204595e-05,0.17268444050826984,0.4884212964701029,0.0045895902222608306,0.0011933943480312006,0.9703396920553385,2.3870502783817015e-05,0.0005239294804044569,8.63026923622828e-06,2.3870502783817015e-05,0.03180703199406042,0.3861058026317118,0.51153241386739,0.02942113714536823,0.06515543780127266,0.3635053094976731,0.016373361640450914,0.899058621579579,3.8400509509569496e-05,0.0435956176951081,0.0032245775146440905,0.0036862791602050612,0.050410595523655996,0.1261715317472261,0.4592736287132155,0.13285583164908213,0.1261715317472261,0.8311455232475848,0.03264230310976261,0.4483377047032737,0.04250343925947046,2.7776207882028424e-05,0.005716209985032873,0.03180703199406042,0.020775529569949873,0.04406613939573125,2.3870502783817015e-05,0.07732977346884205,0.10940489928971983,0.01661980020505466,0.9703396920553385,0.0005239294804044569,0.005716209985032873,0.38975223818101457,1.1867047227635143e-05,0.06515543780127266,0.817960170182057,0.0015096405907216609,0.054828030843479265
17,0.08605807735539901,0.00672522383058445,0.014014677870087557,0.3156028693638399,0.629423123337462,0.3486970265800175,0.35523078021614,0.09051662972929606,0.17167043765831802,0.06924166605692796,0.006816041274065631,0.17642594038631698,0.003089960855510525,0.0028209153016228545,0.3576156033772817,0.017165669530746733,0.004483694147755891,1.0,0.17201962175900007,0.07265364301961015,0.0034403768412193266,0.3267586370456469,0.9903234928424732,0.11018939131271197,0.08896218271484155,0.0974414794938061,0.7042530423802762,0.9909179677662742,0.03975989944770234,0.12282676184487701,0.2018352062399051,0.07522294212707013,0.4823507906374581,0.581085451160603,0.11620378956036867,0.9788438363055254,0.03963655281406982,0.36883914150975294,0.14576838166643424,0.2460277678914807,0.29720615158353003,0.0043424899338598884,0.016718541874471478,0.17201962175900007,0.29720615158353003,0.46618711743269836,0.17152760144230253,0.025812098375856993,0.09751037000812622,0.2546431437759665,0.3156028693638399,0.03975989944770234,0.003089960855510525,0.10845480673493327,0.22675699954896028,0.2938793748906145,0.005061983097814319,0.07602309667890397,0.0221938284755561,0.17642594038631698,0.07602309667890397,0.07522294212707013,0.13681720101907585,0.09751037000812622,0.6537088447504708,0.0024029269730088663,0.002114255647349854,0.7347569611867499,0.0049980554394653464,0.13907743867923703,0.06646288003880266,0.5257984484675824,0.997883380847085,0.548191268793235,0.3486970265800175,0.003350422938649312,0.037289332320257655,0.3486970265800175,0.004775605299501884,0.09672751264920162,0.12950362518511618,0.11620378956036867,0.4337673385514657,0.24277538492721773,0.07522294212707013,0.14576838166643424,0.002750901311117893,0.07602309667890397,0.08232252665717847,0.36361918426685924,0.00672522383058445,0.005061983097814319,0.0221938284755561,0.24277538492721773,0.06942002617518657,0.1678844996477951,0.0024029269730088663,0.010033369703992425,0.010366835062888404,0.06194121943900799
18,0.00023493509309693617,0.006857774273613156,0.07400868891910926,0.33002989910558084,0.018408001116620692,0.005912527886193223,0.5804438487989898,0.0037290164153958635,0.0027532613703916656,0.00658369737103544,0.02487936880732112,0.9223708396242398,0.0003937833511568036,0.0002247971074970657,0.010553560291234908,3.12676004117758e-05,2.2033442529824702e-05,0.17201962175900007,1.0,0.006192543037612538,0.0002811711251331641,0.008411238999797517,0.1333093773814132,0.03249612265235549,0.00449561620042297,0.0002990775169522763,0.4977534156294626,0.21779228748651375,0.5115572924041316,0.0021384322551434294,0.22251027695811978,0.00018187104366669597,0.04412064670029737,0.014380761172520955,0.05347101300488929,0.1319474796762821,0.31018773916343884,0.005923442164504901,0.10202861968529969,0.0037623081559600225,0.005154880884660051,1.8772911593255982e-05,3.5972454938315244e-05,1.0,0.005154880884660051,0.07732635732922415,0.14392832567558614,3.9424320008247136e-05,0.0022380596516841447,0.003718432309809772,0.33002989910558084,0.5115572924041316,0.0003937833511568036,0.0024495185461042963,0.0018622237588061196,0.004741085201991936,3.78360272881557e-05,0.8106231740413383,0.14171448806226702,0.9223708396242398,0.8106231740413383,0.00018187104366669597,0.004994933949159845,0.0022380596516841447,0.02103847951370127,0.0007409819938436416,9.993285452336418e-05,0.02903775378010643,5.309602808629903e-05,0.9400208034959362,0.0001476634357067834,0.46144491456268094,0.19088485424363566,0.013947093308876321,0.005912527886193223,0.00012910520910578612,6.461312547923311e-05,0.005912527886193223,6.423790928084523e-05,0.05585393970572363,0.002498909212169555,0.05347101300488929,0.3185275179516863,0.28380474387678384,0.00018187104366669597,0.10202861968529969,0.0012113625718166167,0.8106231740413383,0.025671640362700487,0.00604223560483896,0.006857774273613156,3.78360272881557e-05,0.14171448806226702,0.28380474387678384,0.003869172107634742,0.9758246774326209,0.0007409819938436416,2.9299842300205487e-05,0.043650964770150964,0.00013282402124921525
