,0,1,2,3,4,5,6,7,8,9,10,11,12,13,14,15,16,17,18,19,20,21,22,23,24,25,26,27,28,29,30,31,32,33,34,35,36,37,38,39,40,41,42,43,44,45,46,47,48,49,50,51,52,53,54,55,56,57,58,59,60,61,62,63,64,65,66,67,68,69,70,71,72,73,74,75,76,77,78,79,80,81,82,83,84,85,86,87,88,89,90,91,92,93,94,95,96,97,98,99
0,1.0,0.184,0.004,0.052,0.0,0.04,0.462,0.038,0.238,0.882,0.016,0.797,0.008,0.0,0.046,0.539,0.004,0.546,0.038,0.002,0.045,0.151,0.05,0.0,0.133,0.001,0.007,0.056,0.082,0.366,0.023,0.031,0.004,0.07,0.068,0.013,0.155,0.274,0.078,0.001,0.001,0.007,0.178,0.076,0.0,0.02,0.751,0.173,0.226,0.077,0.518,0.011,0.038,0.002,0.462,0.102,0.02,0.001,0.001,0.12,0.022,0.058,0.076,0.095,0.008,0.029,0.0,0.0,0.003,0.407,0.0,0.066,0.729,0.007,0.074,0.0,0.125,0.001,0.01,0.148,0.32,0.0,0.014,0.245,0.17,0.02,0.001,0.436,0.168,0.06,0.719,0.225,0.01,0.07,0.032,0.002,0.185,0.234,0.019,0.118
1,0.184,1.0,0.004,0.01,0.04,0.212,0.15,0.211,0.001,0.208,0.149,0.123,0.008,0.029,0.056,0.218,0.165,0.229,0.013,0.095,0.238,0.287,0.014,0.093,0.083,0.037,0.197,0.052,0.115,0.078,0.267,0.235,0.05,0.114,0.011,0.038,0.082,0.225,0.065,0.111,0.295,0.028,0.271,0.09,0.109,0.052,0.131,0.218,0.226,0.29,0.23,0.483,0.04,0.088,0.085,0.079,0.002,0.008,0.079,0.003,0.284,0.106,0.031,0.033,0.437,0.057,0.032,0.112,0.283,0.003,0.201,0.117,0.069,0.028,0.313,0.058,0.023,0.08,0.041,0.01,0.133,0.559,0.024,0.224,0.348,0.02,0.294,0.119,0.026,0.106,0.193,0.022,0.109,0.0,0.121,0.05,0.165,0.216,0.096,0.006
2,0.004,0.004,1.0,0.008,0.002,0.026,0.108,0.026,0.067,0.012,0.16,0.071,0.688,0.03,0.029,0.171,0.094,0.051,0.334,0.004,0.231,0.006,0.015,0.069,0.693,0.138,0.22,0.211,0.01,0.482,0.001,0.238,0.025,0.006,0.013,0.09,0.156,0.204,0.043,0.071,0.012,0.103,0.001,0.004,0.014,0.661,0.002,0.013,0.109,0.022,0.059,0.004,0.007,0.062,0.02,0.001,0.043,0.148,0.059,0.027,0.005,0.06,0.058,0.156,0.002,0.292,0.031,0.107,0.011,0.282,0.001,0.003,0.002,0.741,0.023,0.038,0.215,0.06,0.076,0.178,0.035,0.008,0.66,0.283,0.011,0.658,0.01,0.101,0.073,0.067,0.086,0.038,0.488,0.106,0.128,0.004,0.277,0.272,0.022,0.027
3,0.052,0.01,0.008,1.0,0.169,0.2,0.001,0.208,0.089,0.07,0.172,0.037,0.024,0.133,0.14,0.017,0.131,0.002,0.018,0.018,0.083,0.199,1.0,0.117,0.047,0.219,0.106,0.006,0.105,0.03,0.08,0.113,0.124,0.059,1.0,0.018,0.146,0.003,0.222,0.158,0.089,0.196,0.275,0.098,0.603,0.014,0.106,0.129,0.189,0.205,0.003,0.095,0.08,0.07,0.005,0.107,0.022,0.166,0.144,0.012,0.073,0.404,0.038,0.164,0.093,0.18,0.146,0.038,0.074,0.073,0.043,0.064,0.01,0.01,0.193,0.643,0.056,0.148,0.014,0.005,0.083,0.022,0.015,0.029,0.684,0.012,0.081,0.003,0.21,0.384,0.069,0.007,0.075,0.021,0.319,0.172,0.026,0.034,0.043,0.008
4,0.0,0.04,0.002,0.169,1.0,0.025,0.021,0.023,0.018,0.013,0.096,0.015,0.019,0.728,0.126,0.011,0.112,0.002,0.006,0.028,0.058,0.327,0.219,0.093,0.042,0.044,0.068,0.012,0.355,0.008,0.019,0.069,0.695,0.23,0.188,0.067,0.363,0.004,0.028,0.122,0.034,0.096,0.265,0.04,0.037,0.024,0.047,0.042,0.042,0.042,0.002,0.012,0.248,0.145,0.061,0.33,0.15,0.103,0.111,0.136,0.03,0.007,0.231,0.133,0.016,0.109,0.735,0.052,0.031,0.047,0.178,0.24,0.066,0.003,0.059,0.07,0.36,0.098,0.069,0.138,0.115,0.03,0.021,0.053,0.238,0.011,0.033,0.025,0.091,0.005,0.021,0.109,0.045,0.079,0.346,1.0,0.028,0.034,0.003,0.139
5,0.04,0.212,0.026,0.2,0.025,1.0,0.036,1.0,0.016,0.052,0.622,0.004,0.195,0.119,0.041,0.022,0.179,0.006,0.06,0.162,0.483,0.097,0.184,0.29,0.039,0.273,0.633,0.002,0.147,0.17,0.457,0.07,0.08,0.037,0.226,0.124,0.047,0.142,0.007,0.474,0.139,0.16,0.068,0.077,0.405,0.024,0.049,0.088,0.345,0.066,0.008,0.318,0.007,0.275,0.0,0.041,0.037,0.29,0.297,0.014,0.448,0.283,0.128,0.511,0.32,0.155,0.095,0.318,0.172,0.112,0.176,0.033,0.009,0.049,0.063,0.361,0.04,0.303,0.136,0.005,0.057,0.147,0.022,0.11,0.102,0.022,0.151,0.034,0.049,0.288,0.081,0.008,0.418,0.092,0.309,0.022,0.102,0.111,0.063,0.016
6,0.462,0.15,0.108,0.001,0.021,0.036,1.0,0.034,0.153,0.238,0.023,0.704,0.069,0.067,0.171,0.6,0.136,0.416,0.002,0.067,0.223,0.001,0.005,0.002,0.055,0.0,0.076,0.04,0.016,0.019,0.131,0.089,0.081,0.162,0.001,0.628,0.265,0.799,0.104,0.061,0.001,0.018,0.003,0.049,0.0,0.057,0.076,0.244,0.217,0.007,0.455,0.049,0.059,0.011,0.758,0.12,0.497,0.0,0.002,0.645,0.146,0.085,0.028,0.0,0.066,0.119,0.05,0.0,0.0,0.334,0.002,0.162,0.735,0.05,0.006,0.005,0.0,0.003,0.607,0.631,0.006,0.016,0.111,0.351,0.04,0.111,0.0,1.0,0.035,0.094,0.13,0.715,0.079,0.027,0.039,0.021,0.322,0.386,0.119,0.62
7,0.038,0.211,0.026,0.208,0.023,1.0,0.034,1.0,0.006,0.039,0.618,0.008,0.207,0.094,0.045,0.027,0.156,0.001,0.057,0.158,0.478,0.103,0.199,0.297,0.03,0.265,0.61,0.005,0.163,0.173,0.498,0.065,0.088,0.04,0.218,0.123,0.035,0.155,0.0,0.479,0.129,0.16,0.059,0.061,0.392,0.011,0.059,0.086,0.329,0.054,0.006,0.343,0.011,0.276,0.0,0.045,0.039,0.266,0.279,0.019,0.441,0.291,0.129,0.505,0.334,0.159,0.085,0.29,0.127,0.111,0.153,0.03,0.005,0.038,0.069,0.361,0.018,0.284,0.143,0.015,0.066,0.145,0.012,0.121,0.093,0.016,0.141,0.041,0.042,0.307,0.062,0.01,0.407,0.098,0.296,0.032,0.09,0.145,0.06,0.013
8,0.238,0.001,0.067,0.089,0.018,0.016,0.153,0.006,1.0,0.272,0.022,0.193,0.051,0.004,0.009,0.351,0.069,0.326,0.028,0.053,0.04,0.097,0.081,0.109,0.01,0.122,0.043,0.078,0.236,0.068,0.144,0.011,0.012,0.004,0.086,0.002,0.062,0.23,0.125,0.126,0.221,0.043,0.16,0.241,0.0,0.033,0.213,0.033,0.06,0.001,0.346,0.036,0.139,0.085,0.086,0.005,0.003,0.025,0.091,0.001,0.148,0.079,0.267,0.021,0.039,0.01,0.006,0.061,0.219,0.069,0.128,0.006,0.086,0.045,0.001,0.058,0.103,0.1,0.0,0.009,0.192,0.015,0.031,0.2,0.121,0.029,0.233,0.134,0.769,0.065,0.292,0.015,0.016,0.199,0.17,0.03,0.246,0.187,0.196,0.002
9,0.882,0.208,0.012,0.07,0.013,0.052,0.238,0.039,0.272,1.0,0.004,0.651,0.021,0.01,0.005,0.566,0.045,0.427,0.007,0.006,0.044,0.21,0.074,0.002,0.267,0.0,0.024,0.03,0.18,0.265,0.027,0.042,0.003,0.009,0.052,0.013,0.126,0.175,0.093,0.021,0.0,0.011,0.219,0.071,0.0,0.098,0.916,0.093,0.126,0.044,0.429,0.005,0.059,0.001,0.209,0.036,0.029,0.0,0.0,0.001,0.021,0.076,0.136,0.042,0.008,0.014,0.005,0.001,0.0,0.327,0.0,0.011,0.443,0.023,0.044,0.001,0.232,0.001,0.021,0.019,0.678,0.006,0.027,0.144,0.233,0.034,0.0,0.236,0.213,0.064,0.822,0.04,0.024,0.108,0.029,0.011,0.261,0.17,0.002,0.001
10,0.016,0.149,0.16,0.172,0.096,0.622,0.023,0.618,0.022,0.004,1.0,0.019,0.532,0.135,0.053,0.151,0.489,0.002,0.225,0.118,0.652,0.005,0.167,0.199,0.21,0.144,0.922,0.028,0.003,0.258,0.43,0.13,0.151,0.01,0.16,0.025,0.033,0.175,0.001,0.638,0.114,0.19,0.001,0.042,0.197,0.303,0.016,0.156,0.461,0.089,0.005,0.272,0.012,0.131,0.051,0.003,0.075,0.145,0.169,0.119,0.432,0.104,0.003,0.655,0.312,0.189,0.136,0.192,0.088,0.223,0.125,0.009,0.054,0.332,0.094,0.177,0.202,0.222,0.032,0.034,0.063,0.205,0.044,0.272,0.101,0.029,0.1,0.031,0.002,0.131,0.017,0.132,0.755,0.027,0.105,0.087,0.308,0.253,0.007,0.121
11,0.797,0.123,0.071,0.037,0.015,0.004,0.704,0.008,0.193,0.651,0.019,1.0,0.1,0.031,0.091,0.694,0.015,0.471,0.02,0.015,0.267,0.062,0.036,0.002,0.122,0.002,0.085,0.026,0.024,0.071,0.099,0.031,0.045,0.062,0.031,0.173,0.346,0.498,0.182,0.057,0.002,0.003,0.083,0.008,0.004,0.073,0.452,0.231,0.154,0.064,0.485,0.069,0.072,0.005,0.574,0.088,0.146,0.003,0.003,0.244,0.125,0.066,0.004,0.053,0.086,0.169,0.04,0.002,0.002,0.724,0.003,0.07,0.79,0.047,0.08,0.006,0.07,0.0,0.17,0.342,0.108,0.033,0.049,0.123,0.126,0.064,0.0,0.707,0.071,0.061,0.295,0.36,0.098,0.008,0.035,0.021,0.301,0.122,0.037,0.24
12,0.008,0.008,0.688,0.024,0.019,0.195,0.069,0.207,0.051,0.021,0.532,0.1,1.0,0.002,0.009,0.233,0.191,0.033,0.585,0.01,0.539,0.006,0.038,0.104,0.654,0.141,0.612,0.274,0.05,0.472,0.058,0.186,0.003,0.003,0.031,0.043,0.175,0.288,0.108,0.168,0.002,0.099,0.0,0.013,0.032,0.786,0.008,0.019,0.222,0.003,0.033,0.02,0.0,0.083,0.006,0.001,0.022,0.156,0.125,0.042,0.054,0.055,0.118,0.496,0.013,0.145,0.006,0.144,0.001,0.406,0.022,0.005,0.008,0.869,0.006,0.085,0.187,0.125,0.048,0.052,0.025,0.078,0.248,0.269,0.023,0.278,0.001,0.083,0.066,0.054,0.042,0.038,0.893,0.219,0.051,0.025,0.374,0.264,0.069,0.025
13,0.0,0.029,0.03,0.133,0.728,0.119,0.067,0.094,0.004,0.01,0.135,0.031,0.002,1.0,0.012,0.043,0.049,0.025,0.011,0.14,0.043,0.081,0.133,0.325,0.056,0.061,0.066,0.019,0.164,0.037,0.043,0.149,0.99,0.185,0.137,0.1,0.354,0.068,0.098,0.239,0.109,0.388,0.063,0.114,0.123,0.041,0.02,0.043,0.177,0.032,0.017,0.001,0.233,0.001,0.034,0.233,0.113,0.101,0.298,0.136,0.04,0.068,0.124,0.182,0.0,0.299,1.0,0.127,0.093,0.063,0.315,0.164,0.052,0.019,0.02,0.117,0.498,0.299,0.11,0.088,0.086,0.078,0.036,0.158,0.118,0.035,0.098,0.052,0.023,0.071,0.033,0.07,0.023,0.056,0.166,0.693,0.103,0.146,0.022,0.132
14,0.046,0.056,0.029,0.14,0.126,0.041,0.171,0.045,0.009,0.005,0.053,0.091,0.009,0.012,1.0,0.021,0.03,0.093,0.016,0.018,0.006,0.021,0.163,0.02,0.012,0.118,0.02,0.051,0.037,0.067,0.006,0.167,0.002,0.849,0.143,0.251,0.155,0.076,0.165,0.135,0.227,0.175,0.007,0.099,0.28,0.005,0.012,0.097,0.005,0.004,0.09,0.0,0.387,0.133,0.36,0.659,0.295,0.148,0.028,0.244,0.006,0.372,0.033,0.085,0.0,0.215,0.016,0.063,0.235,0.054,0.19,0.853,0.175,0.013,0.011,0.225,0.049,0.022,0.209,0.277,0.082,0.002,0.136,0.002,0.022,0.136,0.265,0.184,0.026,0.389,0.009,0.309,0.0,0.041,0.112,0.133,0.012,0.007,0.008,0.24
15,0.539,0.218,0.171,0.017,0.011,0.022,0.6,0.027,0.351,0.566,0.151,0.694,0.233,0.043,0.021,1.0,0.089,0.309,0.109,0.031,0.355,0.049,0.021,0.027,0.083,0.002,0.265,0.004,0.038,0.054,0.122,0.037,0.03,0.038,0.01,0.064,0.197,0.732,0.254,0.246,0.0,0.011,0.051,0.061,0.003,0.223,0.454,0.137,0.1,0.004,0.305,0.051,0.049,0.031,0.235,0.037,0.01,0.005,0.024,0.054,0.15,0.14,0.009,0.068,0.031,0.168,0.036,0.021,0.0,0.392,0.013,0.04,0.365,0.172,0.009,0.017,0.075,0.024,0.052,0.165,0.272,0.091,0.12,0.512,0.148,0.121,0.0,0.595,0.2,0.113,0.395,0.13,0.271,0.002,0.026,0.011,0.857,0.521,0.01,0.053
16,0.004,0.165,0.094,0.131,0.112,0.179,0.136,0.156,0.069,0.045,0.489,0.015,0.191,0.049,0.03,0.089,1.0,0.137,0.003,0.412,0.437,0.112,0.134,0.063,0.192,0.003,0.557,0.064,0.172,0.132,0.548,0.411,0.041,0.029,0.129,0.31,0.02,0.267,0.038,0.219,0.028,0.016,0.086,0.239,0.06,0.139,0.138,0.176,0.107,0.424,0.121,0.507,0.018,0.0,0.187,0.04,0.265,0.013,0.076,0.234,0.54,0.018,0.134,0.104,0.502,0.016,0.043,0.038,0.034,0.147,0.05,0.04,0.027,0.079,0.424,0.071,0.089,0.057,0.283,0.198,0.201,0.364,0.035,0.255,0.041,0.027,0.022,0.156,0.006,0.01,0.011,0.283,0.387,0.089,0.013,0.094,0.143,0.233,0.19,0.226
17,0.546,0.229,0.051,0.002,0.002,0.006,0.416,0.001,0.326,0.427,0.002,0.471,0.033,0.025,0.093,0.309,0.137,1.0,0.258,0.245,0.061,0.0,0.004,0.001,0.152,0.021,0.013,0.54,0.062,0.207,0.263,0.005,0.014,0.131,0.004,0.117,0.11,0.35,0.091,0.076,0.019,0.062,0.004,0.238,0.0,0.086,0.181,0.089,0.095,0.031,1.0,0.157,0.188,0.001,0.561,0.053,0.085,0.007,0.005,0.19,0.232,0.027,0.109,0.115,0.148,0.036,0.023,0.002,0.012,0.171,0.035,0.115,0.464,0.11,0.034,0.003,0.335,0.003,0.135,0.078,0.105,0.09,0.11,0.184,0.022,0.111,0.014,0.434,0.142,0.031,0.295,0.239,0.001,0.216,0.054,0.0,0.081,0.174,0.49,0.181
18,0.038,0.013,0.334,0.018,0.006,0.06,0.002,0.057,0.028,0.007,0.225,0.02,0.585,0.011,0.016,0.109,0.003,0.258,1.0,0.054,0.129,0.008,0.013,0.061,0.374,0.165,0.172,0.83,0.073,0.344,0.047,0.022,0.016,0.03,0.011,0.004,0.136,0.066,0.087,0.054,0.061,0.113,0.0,0.013,0.004,0.597,0.006,0.079,0.14,0.028,0.262,0.062,0.074,0.065,0.069,0.026,0.01,0.149,0.064,0.036,0.041,0.039,0.311,0.584,0.068,0.191,0.012,0.054,0.066,0.158,0.0,0.024,0.035,0.68,0.03,0.008,0.188,0.069,0.003,0.027,0.002,0.008,0.328,0.195,0.017,0.313,0.064,0.001,0.073,0.043,0.09,0.015,0.388,0.556,0.003,0.004,0.35,0.195,0.482,0.045
19,0.002,0.095,0.004,0.018,0.028,0.162,0.067,0.158,0.053,0.006,0.118,0.015,0.01,0.14,0.018,0.031,0.412,0.245,0.054,1.0,0.196,0.076,0.017,0.062,0.007,0.005,0.178,0.242,0.109,0.074,0.34,0.332,0.132,0.006,0.027,0.115,0.081,0.191,0.021,0.48,0.145,0.007,0.054,0.762,0.156,0.0,0.044,0.119,0.0,0.383,0.267,0.239,0.077,0.029,0.085,0.002,0.034,0.002,0.068,0.024,0.36,0.125,0.084,0.04,0.263,0.15,0.122,0.05,0.139,0.064,0.14,0.003,0.003,0.002,0.389,0.131,0.116,0.075,0.102,0.065,0.028,0.433,0.068,0.197,0.003,0.076,0.147,0.065,0.0,0.117,0.0,0.074,0.061,0.093,0.035,0.033,0.052,0.187,0.39,0.02
20,0.045,0.238,0.231,0.083,0.058,0.483,0.223,0.478,0.04,0.044,0.652,0.267,0.539,0.043,0.006,0.355,0.437,0.061,0.129,0.196,1.0,0.011,0.071,0.112,0.201,0.064,0.889,0.003,0.013,0.265,0.604,0.357,0.037,0.0,0.055,0.13,0.15,0.416,0.117,0.513,0.046,0.009,0.006,0.101,0.1,0.199,0.044,0.004,0.087,0.248,0.044,0.512,0.062,0.115,0.039,0.003,0.012,0.072,0.118,0.014,0.624,0.024,0.043,0.404,0.496,0.203,0.027,0.148,0.035,0.669,0.085,0.0,0.073,0.244,0.233,0.129,0.039,0.123,0.115,0.03,0.004,0.427,0.092,0.262,0.038,0.095,0.035,0.2,0.002,0.023,0.011,0.01,0.83,0.075,0.114,0.053,0.409,0.281,0.096,0.015
21,0.151,0.287,0.006,0.199,0.327,0.097,0.001,0.103,0.097,0.21,0.005,0.062,0.006,0.081,0.021,0.049,0.112,0.0,0.008,0.076,0.011,1.0,0.212,0.289,0.114,0.01,0.008,0.004,0.549,0.049,0.046,0.011,0.085,0.038,0.21,0.086,0.149,0.0,0.033,0.01,0.22,0.002,0.917,0.069,0.008,0.037,0.322,0.007,0.176,0.045,0.004,0.013,0.003,0.332,0.0,0.008,0.097,0.076,0.296,0.046,0.046,0.038,0.238,0.02,0.014,0.013,0.077,0.381,0.187,0.023,0.089,0.031,0.023,0.002,0.074,0.007,0.031,0.291,0.072,0.012,0.235,0.039,0.022,0.002,0.605,0.016,0.208,0.001,0.143,0.044,0.185,0.016,0.016,0.072,0.243,0.321,0.009,0.002,0.117,0.044
22,0.05,0.014,0.015,1.0,0.219,0.184,0.005,0.199,0.081,0.074,0.167,0.036,0.038,0.133,0.163,0.021,0.134,0.004,0.013,0.017,0.071,0.212,1.0,0.152,0.052,0.236,0.129,0.006,0.111,0.028,0.079,0.111,0.131,0.054,1.0,0.015,0.181,0.007,0.234,0.159,0.09,0.194,0.277,0.119,0.591,0.023,0.119,0.127,0.21,0.202,0.004,0.098,0.066,0.068,0.005,0.096,0.027,0.139,0.143,0.011,0.079,0.376,0.047,0.178,0.111,0.164,0.144,0.042,0.079,0.061,0.044,0.054,0.01,0.008,0.219,0.663,0.069,0.132,0.013,0.001,0.089,0.03,0.018,0.019,0.699,0.012,0.073,0.001,0.207,0.369,0.052,0.003,0.066,0.023,0.313,0.196,0.03,0.032,0.043,0.018
23,0.0,0.093,0.069,0.117,0.093,0.29,0.002,0.297,0.109,0.002,0.199,0.002,0.104,0.325,0.02,0.027,0.063,0.001,0.061,0.062,0.112,0.289,0.152,1.0,0.017,0.248,0.172,0.016,0.037,0.001,0.115,0.153,0.352,0.044,0.13,0.001,0.148,0.029,0.122,0.199,0.25,0.235,0.361,0.053,0.366,0.062,0.0,0.039,0.091,0.039,0.003,0.093,0.09,0.453,0.0,0.02,0.0,0.45,1.0,0.0,0.116,0.103,0.009,0.151,0.082,0.261,0.327,0.849,0.233,0.03,0.397,0.063,0.0,0.062,0.043,0.429,0.115,1.0,0.001,0.0,0.001,0.075,0.003,0.051,0.107,0.003,0.223,0.0,0.167,0.099,0.001,0.001,0.164,0.037,0.069,0.108,0.075,0.054,0.016,0.0
24,0.133,0.083,0.693,0.047,0.042,0.039,0.055,0.03,0.01,0.267,0.21,0.122,0.654,0.056,0.012,0.083,0.192,0.152,0.374,0.007,0.201,0.114,0.052,0.017,1.0,0.019,0.234,0.253,0.057,0.452,0.005,0.19,0.039,0.009,0.041,0.241,0.075,0.114,0.054,0.037,0.011,0.073,0.107,0.004,0.002,0.842,0.255,0.009,0.052,0.0,0.125,0.005,0.017,0.004,0.002,0.008,0.219,0.036,0.018,0.118,0.003,0.012,0.079,0.185,0.003,0.128,0.047,0.009,0.022,0.298,0.0,0.011,0.01,0.739,0.0,0.011,0.482,0.016,0.215,0.218,0.348,0.009,0.404,0.115,0.093,0.393,0.015,0.044,0.009,0.009,0.156,0.102,0.431,0.17,0.078,0.052,0.125,0.126,0.049,0.125
25,0.001,0.037,0.138,0.219,0.044,0.273,0.0,0.265,0.122,0.0,0.144,0.002,0.141,0.061,0.118,0.002,0.003,0.021,0.165,0.005,0.064,0.01,0.236,0.248,0.019,1.0,0.104,0.112,0.064,0.003,0.001,0.001,0.06,0.227,0.219,0.0,0.043,0.007,0.067,0.079,0.018,0.642,0.001,0.005,0.112,0.051,0.0,0.064,0.146,0.013,0.019,0.008,0.203,0.356,0.001,0.341,0.003,0.926,0.238,0.0,0.001,0.157,0.106,0.253,0.003,0.128,0.064,0.325,0.01,0.035,0.026,0.224,0.003,0.121,0.016,0.163,0.048,0.233,0.0,0.004,0.001,0.001,0.062,0.031,0.228,0.057,0.01,0.0,0.101,0.155,0.001,0.0,0.136,0.148,0.125,0.038,0.049,0.035,0.155,0.0
26,0.007,0.197,0.22,0.106,0.068,0.633,0.076,0.61,0.043,0.024,0.922,0.085,0.612,0.066,0.02,0.265,0.557,0.013,0.172,0.178,0.889,0.008,0.129,0.172,0.234,0.104,1.0,0.008,0.013,0.286,0.549,0.248,0.063,0.0,0.113,0.059,0.057,0.32,0.042,0.593,0.068,0.068,0.002,0.064,0.16,0.3,0.031,0.056,0.304,0.172,0.016,0.409,0.034,0.129,0.002,0.001,0.016,0.123,0.193,0.015,0.534,0.055,0.018,0.602,0.414,0.177,0.09,0.201,0.062,0.41,0.143,0.0,0.006,0.29,0.178,0.183,0.126,0.197,0.04,0.004,0.028,0.327,0.056,0.3,0.079,0.046,0.06,0.087,0.004,0.052,0.006,0.036,0.867,0.034,0.138,0.07,0.419,0.306,0.049,0.022
27,0.056,0.052,0.211,0.006,0.012,0.002,0.04,0.005,0.078,0.03,0.028,0.026,0.274,0.019,0.051,0.004,0.064,0.54,0.83,0.242,0.003,0.004,0.006,0.016,0.253,0.112,0.008,1.0,0.034,0.238,0.271,0.0,0.017,0.052,0.009,0.054,0.064,0.004,0.006,0.004,0.076,0.136,0.001,0.102,0.019,0.419,0.014,0.04,0.091,0.054,0.536,0.204,0.19,0.03,0.169,0.053,0.028,0.102,0.011,0.072,0.244,0.04,0.189,0.28,0.214,0.092,0.02,0.018,0.079,0.061,0.047,0.068,0.068,0.457,0.062,0.003,0.307,0.011,0.053,0.009,0.001,0.074,0.339,0.025,0.005,0.331,0.052,0.034,0.033,0.036,0.076,0.036,0.102,0.427,0.063,0.008,0.095,0.033,0.768,0.084
28,0.082,0.115,0.01,0.105,0.355,0.147,0.016,0.163,0.236,0.18,0.003,0.024,0.05,0.164,0.037,0.038,0.172,0.062,0.073,0.109,0.013,0.549,0.111,0.037,0.057,0.064,0.013,0.034,1.0,0.051,0.029,0.015,0.15,0.031,0.108,0.167,0.12,0.004,0.005,0.01,0.123,0.0,0.293,0.064,0.054,0.012,0.253,0.044,0.081,0.088,0.042,0.014,0.045,0.406,0.01,0.041,0.161,0.101,0.032,0.097,0.032,0.059,0.836,0.104,0.029,0.003,0.142,0.201,0.112,0.0,0.042,0.039,0.0,0.004,0.092,0.059,0.064,0.046,0.152,0.061,0.286,0.076,0.033,0.0,0.251,0.041,0.149,0.005,0.079,0.041,0.167,0.058,0.038,0.536,0.349,0.379,0.017,0.001,0.071,0.105
29,0.366,0.078,0.482,0.03,0.008,0.17,0.019,0.173,0.068,0.265,0.258,0.071,0.472,0.037,0.067,0.054,0.132,0.207,0.344,0.074,0.265,0.049,0.028,0.001,0.452,0.003,0.286,0.238,0.051,1.0,0.042,0.435,0.036,0.014,0.023,0.051,0.108,0.137,0.011,0.268,0.002,0.004,0.069,0.218,0.004,0.277,0.255,0.073,0.177,0.11,0.212,0.064,0.079,0.027,0.078,0.004,0.004,0.002,0.001,0.02,0.051,0.004,0.086,0.431,0.065,0.39,0.033,0.012,0.0,0.283,0.011,0.005,0.208,0.364,0.102,0.009,0.162,0.003,0.038,0.006,0.171,0.128,0.485,0.542,0.054,0.462,0.003,0.026,0.11,0.0,0.515,0.051,0.398,0.19,0.105,0.01,0.235,0.562,0.018,0.023
30,0.023,0.267,0.001,0.08,0.019,0.457,0.131,0.498,0.144,0.027,0.43,0.099,0.058,0.043,0.006,0.122,0.548,0.263,0.047,0.34,0.604,0.046,0.079,0.115,0.005,0.001,0.549,0.271,0.029,0.042,1.0,0.173,0.041,0.002,0.07,0.11,0.005,0.266,0.009,0.497,0.216,0.001,0.063,0.132,0.199,0.0,0.035,0.106,0.036,0.39,0.283,0.844,0.128,0.039,0.024,0.0,0.01,0.007,0.097,0.024,1.0,0.079,0.059,0.081,0.852,0.068,0.041,0.085,0.22,0.225,0.178,0.0,0.03,0.001,0.382,0.172,0.048,0.114,0.122,0.001,0.009,0.429,0.0,0.121,0.009,0.0,0.232,0.135,0.013,0.093,0.0,0.008,0.244,0.087,0.091,0.025,0.144,0.128,0.553,0.018
31,0.031,0.235,0.238,0.113,0.069,0.07,0.089,0.065,0.011,0.042,0.13,0.031,0.186,0.149,0.167,0.037,0.411,0.005,0.022,0.332,0.357,0.011,0.111,0.153,0.19,0.001,0.248,0.0,0.015,0.435,0.173,1.0,0.157,0.029,0.118,0.191,0.146,0.163,0.006,0.174,0.072,0.037,0.005,0.533,0.164,0.078,0.092,0.091,0.12,0.504,0.011,0.385,0.243,0.108,0.009,0.044,0.064,0.013,0.159,0.022,0.182,0.011,0.008,0.032,0.365,0.372,0.156,0.154,0.062,0.226,0.306,0.023,0.007,0.075,0.511,0.167,0.206,0.15,0.205,0.038,0.075,0.529,0.142,0.276,0.011,0.128,0.05,0.088,0.016,0.023,0.114,0.022,0.321,0.0,0.15,0.042,0.096,0.275,0.026,0.043
32,0.004,0.05,0.025,0.124,0.695,0.08,0.081,0.088,0.012,0.003,0.151,0.045,0.003,0.99,0.002,0.03,0.041,0.014,0.016,0.132,0.037,0.085,0.131,0.352,0.039,0.06,0.063,0.017,0.15,0.036,0.041,0.157,1.0,0.158,0.151,0.14,0.411,0.074,0.092,0.25,0.114,0.377,0.071,0.15,0.162,0.029,0.016,0.048,0.168,0.023,0.017,0.0,0.196,0.0,0.04,0.175,0.158,0.127,0.343,0.149,0.03,0.07,0.127,0.171,0.0,0.321,0.996,0.129,0.134,0.084,0.287,0.144,0.076,0.008,0.022,0.124,0.483,0.347,0.141,0.103,0.07,0.077,0.035,0.131,0.099,0.031,0.129,0.064,0.019,0.074,0.03,0.057,0.014,0.059,0.122,0.701,0.088,0.137,0.013,0.147
33,0.07,0.114,0.006,0.059,0.23,0.037,0.162,0.04,0.004,0.009,0.01,0.062,0.003,0.185,0.849,0.038,0.029,0.131,0.03,0.006,0.0,0.038,0.054,0.044,0.009,0.227,0.0,0.052,0.031,0.014,0.002,0.029,0.158,1.0,0.07,0.155,0.03,0.121,0.155,0.01,0.207,0.426,0.013,0.009,0.137,0.011,0.0,0.049,0.015,0.001,0.096,0.003,0.393,0.047,0.289,0.831,0.183,0.245,0.05,0.167,0.0,0.316,0.059,0.003,0.002,0.016,0.197,0.062,0.197,0.021,0.121,1.0,0.157,0.015,0.002,0.081,0.127,0.046,0.12,0.217,0.029,0.013,0.061,0.109,0.01,0.039,0.202,0.158,0.031,0.299,0.002,0.213,0.0,0.07,0.075,0.221,0.02,0.116,0.031,0.166
34,0.068,0.011,0.013,1.0,0.188,0.226,0.001,0.218,0.086,0.052,0.16,0.031,0.031,0.137,0.143,0.01,0.129,0.004,0.011,0.027,0.055,0.21,1.0,0.13,0.041,0.219,0.113,0.009,0.108,0.023,0.07,0.118,0.151,0.07,1.0,0.022,0.163,0.005,0.241,0.153,0.081,0.188,0.272,0.107,0.578,0.011,0.113,0.141,0.214,0.206,0.003,0.084,0.073,0.069,0.007,0.105,0.018,0.138,0.132,0.008,0.08,0.393,0.05,0.203,0.095,0.166,0.137,0.045,0.069,0.062,0.04,0.075,0.011,0.006,0.203,0.679,0.056,0.144,0.008,0.003,0.068,0.026,0.017,0.028,0.683,0.022,0.094,0.001,0.206,0.406,0.068,0.004,0.067,0.021,0.329,0.224,0.022,0.04,0.041,0.013
35,0.013,0.038,0.09,0.018,0.067,0.124,0.628,0.123,0.002,0.013,0.025,0.173,0.043,0.1,0.251,0.064,0.31,0.117,0.004,0.115,0.13,0.086,0.015,0.001,0.241,0.0,0.059,0.054,0.167,0.051,0.11,0.191,0.14,0.155,0.022,1.0,0.126,0.436,0.021,0.038,0.0,0.049,0.055,0.039,0.001,0.15,0.128,0.115,0.094,0.007,0.135,0.089,0.03,0.007,0.499,0.074,0.911,0.0,0.001,0.835,0.099,0.002,0.18,0.001,0.079,0.093,0.091,0.001,0.0,0.116,0.006,0.153,0.307,0.055,0.019,0.001,0.095,0.0,1.0,0.606,0.42,0.016,0.161,0.108,0.009,0.177,0.0,0.616,0.034,0.007,0.054,0.735,0.074,0.129,0.016,0.084,0.034,0.128,0.159,0.832
36,0.155,0.082,0.156,0.146,0.363,0.047,0.265,0.035,0.062,0.126,0.033,0.346,0.175,0.354,0.155,0.197,0.02,0.11,0.136,0.081,0.15,0.149,0.181,0.148,0.075,0.043,0.057,0.064,0.12,0.108,0.005,0.146,0.411,0.03,0.163,0.126,1.0,0.199,0.043,0.174,0.181,0.003,0.206,0.032,0.15,0.097,0.046,0.122,0.006,0.013,0.122,0.01,0.045,0.032,0.274,0.089,0.105,0.01,0.102,0.133,0.012,0.129,0.18,0.226,0.004,0.446,0.355,0.06,0.166,0.381,0.128,0.052,0.304,0.141,0.012,0.14,0.014,0.149,0.103,0.188,0.0,0.054,0.093,0.046,0.159,0.089,0.206,0.25,0.099,0.115,0.018,0.145,0.139,0.191,0.045,0.37,0.16,0.047,0.051,0.122
37,0.274,0.225,0.204,0.003,0.004,0.142,0.799,0.155,0.23,0.175,0.175,0.498,0.288,0.068,0.076,0.732,0.267,0.35,0.066,0.191,0.416,0.0,0.007,0.029,0.114,0.007,0.32,0.004,0.004,0.137,0.266,0.163,0.074,0.121,0.005,0.436,0.199,1.0,0.203,0.335,0.001,0.031,0.0,0.167,0.003,0.138,0.072,0.166,0.095,0.012,0.329,0.121,0.072,0.039,0.411,0.062,0.255,0.005,0.02,0.279,0.234,0.071,0.028,0.115,0.113,0.213,0.068,0.017,0.0,0.239,0.05,0.138,0.317,0.168,0.017,0.006,0.01,0.024,0.418,0.332,0.003,0.107,0.13,0.699,0.067,0.117,0.0,0.788,0.063,0.097,0.209,0.383,0.32,0.072,0.053,0.016,0.673,0.727,0.098,0.257
38,0.078,0.065,0.043,0.222,0.028,0.007,0.104,0.0,0.125,0.093,0.001,0.182,0.108,0.098,0.165,0.254,0.038,0.091,0.087,0.021,0.117,0.033,0.234,0.122,0.054,0.067,0.042,0.006,0.005,0.011,0.009,0.006,0.092,0.155,0.241,0.021,0.043,0.203,1.0,0.012,0.138,0.061,0.046,0.015,0.138,0.079,0.08,0.61,0.223,0.028,0.098,0.005,0.25,0.112,0.036,0.133,0.002,0.085,0.139,0.011,0.007,0.438,0.052,0.021,0.006,0.015,0.107,0.091,0.122,0.179,0.129,0.163,0.065,0.071,0.03,0.189,0.081,0.125,0.019,0.003,0.033,0.01,0.012,0.095,0.152,0.014,0.127,0.124,0.111,0.447,0.041,0.013,0.114,0.099,0.039,0.037,0.232,0.104,0.013,0.011
39,0.001,0.111,0.071,0.158,0.122,0.474,0.061,0.479,0.126,0.021,0.638,0.057,0.168,0.239,0.135,0.246,0.219,0.076,0.054,0.48,0.513,0.01,0.159,0.199,0.037,0.079,0.593,0.004,0.01,0.268,0.497,0.174,0.25,0.01,0.153,0.038,0.174,0.335,0.012,1.0,0.158,0.043,0.01,0.457,0.267,0.067,0.016,0.086,0.092,0.061,0.053,0.213,0.062,0.17,0.0,0.004,0.021,0.1,0.18,0.022,0.445,0.098,0.0,0.509,0.236,0.565,0.25,0.179,0.147,0.182,0.134,0.012,0.011,0.085,0.074,0.189,0.087,0.2,0.025,0.011,0.054,0.252,0.081,0.512,0.113,0.086,0.13,0.062,0.015,0.105,0.082,0.009,0.365,0.0,0.114,0.088,0.475,0.498,0.106,0.019
40,0.001,0.295,0.012,0.089,0.034,0.139,0.001,0.129,0.221,0.0,0.114,0.002,0.002,0.109,0.227,0.0,0.028,0.019,0.061,0.145,0.046,0.22,0.09,0.25,0.011,0.018,0.068,0.076,0.123,0.002,0.216,0.072,0.114,0.207,0.081,0.0,0.181,0.001,0.138,0.158,1.0,0.061,0.214,0.208,0.584,0.016,0.0,0.124,0.043,0.131,0.017,0.146,0.093,0.132,0.001,0.073,0.0,0.008,0.215,0.002,0.214,0.428,0.135,0.001,0.167,0.027,0.099,0.231,1.0,0.004,0.287,0.191,0.002,0.023,0.124,0.352,0.068,0.244,0.001,0.01,0.0,0.069,0.035,0.005,0.041,0.037,1.0,0.0,0.121,0.424,0.0,0.0,0.01,0.149,0.069,0.03,0.0,0.0,0.221,0.002
41,0.007,0.028,0.103,0.196,0.096,0.16,0.018,0.16,0.043,0.011,0.19,0.003,0.099,0.388,0.175,0.011,0.016,0.062,0.113,0.007,0.009,0.002,0.194,0.235,0.073,0.642,0.068,0.136,0.0,0.004,0.001,0.037,0.377,0.426,0.188,0.049,0.003,0.031,0.061,0.043,0.061,1.0,0.02,0.003,0.129,0.107,0.015,0.02,0.314,0.023,0.05,0.01,0.285,0.162,0.007,0.473,0.034,0.577,0.215,0.034,0.0,0.241,0.011,0.171,0.003,0.084,0.39,0.27,0.073,0.014,0.088,0.463,0.006,0.139,0.013,0.098,0.234,0.228,0.041,0.012,0.033,0.007,0.041,0.093,0.116,0.037,0.054,0.011,0.008,0.26,0.035,0.008,0.085,0.053,0.052,0.108,0.06,0.08,0.148,0.045
42,0.178,0.271,0.001,0.275,0.265,0.068,0.003,0.059,0.16,0.219,0.001,0.083,0.0,0.063,0.007,0.051,0.086,0.004,0.0,0.054,0.006,0.917,0.277,0.361,0.107,0.001,0.002,0.001,0.293,0.069,0.063,0.005,0.071,0.013,0.272,0.055,0.206,0.0,0.046,0.01,0.214,0.02,1.0,0.078,0.02,0.029,0.286,0.014,0.157,0.046,0.005,0.031,0.017,0.233,0.004,0.002,0.06,0.04,0.356,0.024,0.052,0.015,0.075,0.0,0.028,0.02,0.066,0.313,0.21,0.026,0.137,0.02,0.041,0.007,0.046,0.052,0.024,0.371,0.067,0.003,0.211,0.044,0.024,0.009,0.653,0.036,0.205,0.0,0.284,0.008,0.214,0.009,0.0,0.013,0.186,0.246,0.011,0.009,0.163,0.027
43,0.076,0.09,0.004,0.098,0.04,0.077,0.049,0.061,0.241,0.071,0.042,0.008,0.013,0.114,0.099,0.061,0.239,0.238,0.013,0.762,0.101,0.069,0.119,0.053,0.004,0.005,0.064,0.102,0.064,0.218,0.132,0.533,0.15,0.009,0.107,0.039,0.032,0.167,0.015,0.457,0.208,0.003,0.078,1.0,0.204,0.0,0.057,0.069,0.0,0.523,0.233,0.178,0.185,0.088,0.072,0.004,0.005,0.006,0.055,0.001,0.117,0.065,0.054,0.03,0.175,0.193,0.104,0.073,0.223,0.045,0.238,0.01,0.033,0.0,0.504,0.134,0.191,0.048,0.044,0.031,0.047,0.457,0.001,0.304,0.022,0.0,0.205,0.051,0.108,0.051,0.124,0.036,0.043,0.045,0.131,0.046,0.102,0.308,0.191,0.002
44,0.0,0.109,0.014,0.603,0.037,0.405,0.0,0.392,0.0,0.0,0.197,0.004,0.032,0.123,0.28,0.003,0.06,0.0,0.004,0.156,0.1,0.008,0.591,0.366,0.002,0.112,0.16,0.019,0.054,0.004,0.199,0.164,0.162,0.137,0.578,0.001,0.15,0.003,0.138,0.267,0.584,0.129,0.02,0.204,1.0,0.001,0.001,0.119,0.112,0.199,0.0,0.171,0.186,0.212,0.002,0.117,0.0,0.186,0.345,0.0,0.193,0.725,0.01,0.104,0.167,0.147,0.124,0.301,0.61,0.034,0.323,0.14,0.0,0.001,0.171,0.912,0.073,0.35,0.001,0.002,0.0,0.097,0.001,0.017,0.103,0.0,0.61,0.003,0.029,0.718,0.001,0.001,0.072,0.005,0.238,0.039,0.001,0.01,0.06,0.0
45,0.02,0.052,0.661,0.014,0.024,0.024,0.057,0.011,0.033,0.098,0.303,0.073,0.786,0.041,0.005,0.223,0.139,0.086,0.597,0.0,0.199,0.037,0.023,0.062,0.842,0.051,0.3,0.419,0.012,0.277,0.0,0.078,0.029,0.011,0.011,0.15,0.097,0.138,0.079,0.067,0.016,0.107,0.029,0.0,0.001,1.0,0.09,0.014,0.115,0.014,0.085,0.025,0.022,0.002,0.009,0.014,0.163,0.051,0.049,0.184,0.0,0.025,0.022,0.317,0.022,0.105,0.039,0.022,0.022,0.256,0.001,0.011,0.006,0.923,0.02,0.015,0.39,0.052,0.142,0.133,0.22,0.022,0.251,0.183,0.059,0.242,0.017,0.04,0.03,0.03,0.005,0.129,0.527,0.131,0.041,0.031,0.332,0.156,0.191,0.189
46,0.751,0.131,0.002,0.106,0.047,0.049,0.076,0.059,0.213,0.916,0.016,0.452,0.008,0.02,0.012,0.454,0.138,0.181,0.006,0.044,0.044,0.322,0.119,0.0,0.255,0.0,0.031,0.014,0.253,0.255,0.035,0.092,0.016,0.0,0.113,0.128,0.046,0.072,0.08,0.016,0.0,0.015,0.286,0.057,0.001,0.09,1.0,0.032,0.075,0.096,0.198,0.029,0.039,0.0,0.052,0.013,0.149,0.0,0.001,0.024,0.032,0.055,0.2,0.014,0.023,0.002,0.019,0.0,0.001,0.239,0.0,0.0,0.253,0.013,0.097,0.0,0.219,0.0,0.138,0.002,0.825,0.01,0.072,0.093,0.267,0.071,0.0,0.084,0.212,0.054,0.82,0.001,0.025,0.126,0.03,0.042,0.2,0.113,0.011,0.041
47,0.173,0.218,0.013,0.129,0.042,0.088,0.244,0.086,0.033,0.093,0.156,0.231,0.019,0.043,0.097,0.137,0.176,0.089,0.079,0.119,0.004,0.007,0.127,0.039,0.009,0.064,0.056,0.04,0.044,0.073,0.106,0.091,0.048,0.049,0.141,0.115,0.122,0.166,0.61,0.086,0.124,0.02,0.014,0.069,0.119,0.014,0.032,1.0,0.36,0.059,0.072,0.147,0.146,0.042,0.257,0.01,0.15,0.082,0.041,0.216,0.102,0.408,0.181,0.019,0.122,0.026,0.046,0.03,0.101,0.129,0.081,0.056,0.263,0.031,0.062,0.117,0.019,0.046,0.107,0.218,0.003,0.125,0.012,0.114,0.134,0.009,0.123,0.242,0.081,0.405,0.039,0.263,0.006,0.2,0.007,0.051,0.072,0.092,0.044,0.21
48,0.226,0.226,0.109,0.189,0.042,0.345,0.217,0.329,0.06,0.126,0.461,0.154,0.222,0.177,0.005,0.1,0.107,0.095,0.14,0.0,0.087,0.176,0.21,0.091,0.052,0.146,0.304,0.091,0.081,0.177,0.036,0.12,0.168,0.015,0.214,0.094,0.006,0.095,0.223,0.092,0.043,0.314,0.157,0.0,0.112,0.115,0.075,0.36,1.0,0.003,0.096,0.016,0.155,0.073,0.158,0.126,0.11,0.091,0.096,0.194,0.037,0.18,0.037,0.33,0.022,0.006,0.18,0.164,0.042,0.021,0.183,0.027,0.292,0.157,0.001,0.055,0.208,0.103,0.094,0.173,0.0,0.044,0.027,0.099,0.277,0.022,0.044,0.213,0.016,0.178,0.136,0.208,0.292,0.034,0.079,0.052,0.065,0.083,0.057,0.184
49,0.077,0.29,0.022,0.205,0.042,0.066,0.007,0.054,0.001,0.044,0.089,0.064,0.003,0.032,0.004,0.004,0.424,0.031,0.028,0.383,0.248,0.045,0.202,0.039,0.0,0.013,0.172,0.054,0.088,0.11,0.39,0.504,0.023,0.001,0.206,0.007,0.013,0.012,0.028,0.061,0.131,0.023,0.046,0.523,0.199,0.014,0.096,0.059,0.003,1.0,0.028,0.738,0.147,0.01,0.029,0.002,0.006,0.012,0.029,0.021,0.381,0.018,0.089,0.006,0.741,0.032,0.023,0.017,0.141,0.184,0.192,0.003,0.082,0.042,1.0,0.18,0.042,0.037,0.012,0.101,0.009,0.698,0.044,0.056,0.027,0.026,0.108,0.004,0.02,0.015,0.035,0.033,0.074,0.051,0.068,0.051,0.004,0.056,0.14,0.014
50,0.518,0.23,0.059,0.003,0.002,0.008,0.455,0.006,0.346,0.429,0.005,0.485,0.033,0.017,0.09,0.305,0.121,1.0,0.262,0.267,0.044,0.004,0.004,0.003,0.125,0.019,0.016,0.536,0.042,0.212,0.283,0.011,0.017,0.096,0.003,0.135,0.122,0.329,0.098,0.053,0.017,0.05,0.005,0.233,0.0,0.085,0.198,0.072,0.096,0.028,1.0,0.14,0.227,0.005,0.573,0.054,0.082,0.016,0.002,0.175,0.243,0.026,0.094,0.109,0.132,0.028,0.022,0.006,0.019,0.196,0.039,0.112,0.469,0.088,0.043,0.001,0.329,0.003,0.152,0.103,0.106,0.091,0.122,0.189,0.017,0.124,0.019,0.456,0.097,0.022,0.296,0.241,0.002,0.176,0.055,0.001,0.078,0.159,0.439,0.173
51,0.011,0.483,0.004,0.095,0.012,0.318,0.049,0.343,0.036,0.005,0.272,0.069,0.02,0.001,0.0,0.051,0.507,0.157,0.062,0.239,0.512,0.013,0.098,0.093,0.005,0.008,0.409,0.204,0.014,0.064,0.844,0.385,0.0,0.003,0.084,0.089,0.01,0.121,0.005,0.213,0.146,0.01,0.031,0.178,0.171,0.025,0.029,0.147,0.016,0.738,0.14,1.0,0.128,0.027,0.001,0.003,0.012,0.0,0.084,0.032,0.821,0.04,0.052,0.03,1.0,0.057,0.001,0.056,0.164,0.223,0.183,0.004,0.044,0.029,0.746,0.136,0.007,0.085,0.091,0.045,0.002,0.701,0.008,0.053,0.001,0.008,0.168,0.066,0.0,0.042,0.001,0.006,0.195,0.083,0.088,0.014,0.051,0.052,0.418,0.024
52,0.038,0.04,0.007,0.08,0.248,0.007,0.059,0.011,0.139,0.059,0.012,0.072,0.0,0.233,0.387,0.049,0.018,0.188,0.074,0.077,0.062,0.003,0.066,0.09,0.017,0.203,0.034,0.19,0.045,0.079,0.128,0.243,0.196,0.393,0.073,0.03,0.045,0.072,0.25,0.062,0.093,0.285,0.017,0.185,0.186,0.022,0.039,0.146,0.155,0.147,0.227,0.128,1.0,0.109,0.053,0.475,0.009,0.139,0.072,0.021,0.137,0.135,0.028,0.006,0.108,0.056,0.24,0.048,0.084,0.053,0.717,0.396,0.028,0.03,0.124,0.224,0.335,0.074,0.024,0.0,0.012,0.038,0.01,0.041,0.039,0.02,0.102,0.074,0.035,0.143,0.04,0.018,0.018,0.001,0.245,0.251,0.026,0.046,0.275,0.022
53,0.002,0.088,0.062,0.07,0.145,0.275,0.011,0.276,0.085,0.001,0.131,0.005,0.083,0.001,0.133,0.031,0.0,0.001,0.065,0.029,0.115,0.332,0.068,0.453,0.004,0.356,0.129,0.03,0.406,0.027,0.039,0.108,0.0,0.047,0.069,0.007,0.032,0.039,0.112,0.17,0.132,0.162,0.233,0.088,0.212,0.002,0.0,0.042,0.073,0.01,0.005,0.027,0.109,1.0,0.0,0.072,0.002,0.554,0.414,0.009,0.032,0.08,0.278,0.18,0.022,0.172,0.0,0.795,0.13,0.026,0.177,0.048,0.004,0.009,0.01,0.18,0.003,0.455,0.005,0.011,0.0,0.053,0.09,0.091,0.042,0.073,0.13,0.011,0.061,0.077,0.017,0.003,0.119,0.142,0.627,0.174,0.096,0.081,0.0,0.004
54,0.462,0.085,0.02,0.005,0.061,0.0,0.758,0.0,0.086,0.209,0.051,0.574,0.006,0.034,0.36,0.235,0.187,0.561,0.069,0.085,0.039,0.0,0.005,0.0,0.002,0.001,0.002,0.169,0.01,0.078,0.024,0.009,0.04,0.289,0.007,0.499,0.274,0.411,0.036,0.0,0.001,0.007,0.004,0.072,0.002,0.009,0.052,0.257,0.158,0.029,0.573,0.001,0.053,0.0,1.0,0.225,0.569,0.002,0.0,0.705,0.02,0.046,0.031,0.115,0.002,0.133,0.034,0.0,0.003,0.336,0.005,0.26,0.8,0.003,0.022,0.0,0.027,0.0,0.533,0.687,0.022,0.027,0.134,0.153,0.007,0.151,0.001,0.785,0.013,0.035,0.078,0.841,0.002,0.019,0.017,0.052,0.039,0.143,0.126,0.704
55,0.102,0.079,0.001,0.107,0.33,0.041,0.12,0.045,0.005,0.036,0.003,0.088,0.001,0.233,0.659,0.037,0.04,0.053,0.026,0.002,0.003,0.008,0.096,0.02,0.008,0.341,0.001,0.053,0.041,0.004,0.0,0.044,0.175,0.831,0.105,0.074,0.089,0.062,0.133,0.004,0.073,0.473,0.002,0.004,0.117,0.014,0.013,0.01,0.126,0.002,0.054,0.003,0.475,0.072,0.225,1.0,0.135,0.34,0.008,0.141,0.001,0.23,0.009,0.001,0.001,0.028,0.244,0.032,0.069,0.086,0.214,0.843,0.193,0.007,0.002,0.122,0.215,0.013,0.076,0.289,0.012,0.019,0.024,0.103,0.062,0.034,0.075,0.123,0.001,0.214,0.026,0.224,0.0,0.005,0.021,0.322,0.026,0.108,0.059,0.135
56,0.02,0.002,0.043,0.022,0.15,0.037,0.497,0.039,0.003,0.029,0.075,0.146,0.022,0.113,0.295,0.01,0.265,0.085,0.01,0.034,0.012,0.097,0.027,0.0,0.219,0.003,0.016,0.028,0.161,0.004,0.01,0.064,0.158,0.183,0.018,0.911,0.105,0.255,0.002,0.021,0.0,0.034,0.06,0.005,0.0,0.163,0.149,0.15,0.11,0.006,0.082,0.012,0.009,0.002,0.569,0.135,1.0,0.0,0.0,0.93,0.004,0.005,0.153,0.036,0.014,0.07,0.134,0.0,0.0,0.086,0.001,0.159,0.378,0.06,0.005,0.0,0.131,0.0,0.917,0.756,0.49,0.058,0.173,0.061,0.014,0.15,0.001,0.52,0.037,0.005,0.057,0.882,0.021,0.111,0.004,0.14,0.0,0.041,0.076,0.943
57,0.001,0.008,0.148,0.166,0.103,0.29,0.0,0.266,0.025,0.0,0.145,0.003,0.156,0.101,0.148,0.005,0.013,0.007,0.149,0.002,0.072,0.076,0.139,0.45,0.036,0.926,0.123,0.102,0.101,0.002,0.007,0.013,0.127,0.245,0.138,0.0,0.01,0.005,0.085,0.1,0.008,0.577,0.04,0.006,0.186,0.051,0.0,0.082,0.091,0.012,0.016,0.0,0.139,0.554,0.002,0.34,0.0,1.0,0.464,0.0,0.01,0.164,0.067,0.196,0.001,0.174,0.105,0.575,0.013,0.038,0.001,0.233,0.003,0.095,0.012,0.198,0.051,0.425,0.0,0.007,0.0,0.007,0.057,0.04,0.103,0.047,0.009,0.0,0.043,0.178,0.001,0.001,0.151,0.097,0.119,0.115,0.041,0.054,0.077,0.001
58,0.001,0.079,0.059,0.144,0.111,0.297,0.002,0.279,0.091,0.0,0.169,0.003,0.125,0.298,0.028,0.024,0.076,0.005,0.064,0.068,0.118,0.296,0.143,1.0,0.018,0.238,0.193,0.011,0.032,0.001,0.097,0.159,0.343,0.05,0.132,0.001,0.102,0.02,0.139,0.18,0.215,0.215,0.356,0.055,0.345,0.049,0.001,0.041,0.096,0.029,0.002,0.084,0.072,0.414,0.0,0.008,0.0,0.464,1.0,0.0,0.125,0.125,0.007,0.149,0.084,0.229,0.325,0.843,0.234,0.025,0.407,0.049,0.0,0.042,0.023,0.435,0.12,1.0,0.001,0.002,0.001,0.092,0.005,0.061,0.096,0.004,0.229,0.0,0.167,0.115,0.002,0.0,0.175,0.04,0.062,0.092,0.058,0.055,0.02,0.0
59,0.12,0.003,0.027,0.012,0.136,0.014,0.645,0.019,0.001,0.001,0.119,0.244,0.042,0.136,0.244,0.054,0.234,0.19,0.036,0.024,0.014,0.046,0.011,0.0,0.118,0.0,0.015,0.072,0.097,0.02,0.024,0.022,0.149,0.167,0.008,0.835,0.133,0.279,0.011,0.022,0.002,0.034,0.024,0.001,0.0,0.184,0.024,0.216,0.194,0.021,0.175,0.032,0.021,0.009,0.705,0.141,0.93,0.0,0.0,1.0,0.019,0.012,0.084,0.079,0.027,0.071,0.122,0.001,0.003,0.141,0.0,0.158,0.568,0.1,0.013,0.0,0.094,0.0,0.829,0.755,0.3,0.062,0.073,0.096,0.002,0.065,0.004,0.636,0.008,0.008,0.001,0.951,0.023,0.066,0.01,0.139,0.003,0.082,0.1,1.0
60,0.022,0.284,0.005,0.073,0.03,0.448,0.146,0.441,0.148,0.021,0.432,0.125,0.054,0.04,0.006,0.15,0.54,0.232,0.041,0.36,0.624,0.046,0.079,0.116,0.003,0.001,0.534,0.244,0.032,0.051,1.0,0.182,0.03,0.0,0.08,0.099,0.012,0.234,0.007,0.445,0.214,0.0,0.052,0.117,0.193,0.0,0.032,0.102,0.037,0.381,0.243,0.821,0.137,0.032,0.02,0.001,0.004,0.01,0.125,0.019,1.0,0.075,0.042,0.082,0.836,0.075,0.047,0.091,0.222,0.257,0.164,0.0,0.033,0.001,0.368,0.146,0.067,0.124,0.108,0.003,0.006,0.466,0.0,0.146,0.006,0.0,0.24,0.133,0.01,0.076,0.002,0.003,0.237,0.08,0.09,0.037,0.123,0.113,0.565,0.023
61,0.058,0.106,0.06,0.404,0.007,0.283,0.085,0.291,0.079,0.076,0.104,0.066,0.055,0.068,0.372,0.14,0.018,0.027,0.039,0.125,0.024,0.038,0.376,0.103,0.012,0.157,0.055,0.04,0.059,0.004,0.079,0.011,0.07,0.316,0.393,0.002,0.129,0.071,0.438,0.098,0.428,0.241,0.015,0.065,0.725,0.025,0.055,0.408,0.18,0.018,0.026,0.04,0.135,0.08,0.046,0.23,0.005,0.164,0.125,0.012,0.075,1.0,0.047,0.039,0.042,0.06,0.082,0.105,0.433,0.033,0.018,0.322,0.037,0.046,0.019,0.646,0.014,0.116,0.005,0.012,0.02,0.022,0.036,0.074,0.055,0.029,0.413,0.072,0.111,1.0,0.066,0.024,0.054,0.06,0.049,0.004,0.109,0.068,0.042,0.014
62,0.076,0.031,0.058,0.038,0.231,0.128,0.028,0.129,0.267,0.136,0.003,0.004,0.118,0.124,0.033,0.009,0.134,0.109,0.311,0.084,0.043,0.238,0.047,0.009,0.079,0.106,0.018,0.189,0.836,0.086,0.059,0.008,0.127,0.059,0.05,0.18,0.18,0.028,0.052,0.0,0.135,0.011,0.075,0.054,0.01,0.022,0.2,0.181,0.037,0.089,0.094,0.052,0.028,0.278,0.031,0.009,0.153,0.067,0.007,0.084,0.042,0.047,1.0,0.201,0.06,0.027,0.112,0.076,0.123,0.01,0.035,0.052,0.0,0.084,0.086,0.046,0.046,0.015,0.166,0.122,0.274,0.08,0.098,0.022,0.092,0.087,0.12,0.034,0.148,0.048,0.167,0.067,0.096,0.877,0.229,0.2,0.019,0.015,0.13,0.09
63,0.095,0.033,0.156,0.164,0.133,0.511,0.0,0.505,0.021,0.042,0.655,0.053,0.496,0.182,0.085,0.068,0.104,0.115,0.584,0.04,0.404,0.02,0.178,0.151,0.185,0.253,0.602,0.28,0.104,0.431,0.081,0.032,0.171,0.003,0.203,0.001,0.226,0.115,0.021,0.509,0.001,0.171,0.0,0.03,0.104,0.317,0.014,0.019,0.33,0.006,0.109,0.03,0.006,0.18,0.115,0.001,0.036,0.196,0.149,0.079,0.082,0.039,0.201,1.0,0.027,0.536,0.17,0.148,0.0,0.265,0.047,0.004,0.124,0.37,0.007,0.136,0.044,0.152,0.0,0.004,0.0,0.066,0.191,0.335,0.124,0.185,0.0,0.0,0.031,0.037,0.102,0.084,0.561,0.354,0.094,0.128,0.357,0.327,0.073,0.094
64,0.008,0.437,0.002,0.093,0.016,0.32,0.066,0.334,0.039,0.008,0.312,0.086,0.013,0.0,0.0,0.031,0.502,0.148,0.068,0.263,0.496,0.014,0.111,0.082,0.003,0.003,0.414,0.214,0.029,0.065,0.852,0.365,0.0,0.002,0.095,0.079,0.004,0.113,0.006,0.236,0.167,0.003,0.028,0.175,0.167,0.022,0.023,0.122,0.022,0.741,0.132,1.0,0.108,0.022,0.002,0.001,0.014,0.001,0.084,0.027,0.836,0.042,0.06,0.027,1.0,0.031,0.002,0.058,0.157,0.218,0.21,0.005,0.054,0.029,0.74,0.145,0.003,0.089,0.088,0.058,0.0,0.705,0.008,0.062,0.001,0.005,0.165,0.057,0.001,0.05,0.002,0.005,0.198,0.094,0.071,0.005,0.063,0.052,0.441,0.032
65,0.029,0.057,0.292,0.18,0.109,0.155,0.119,0.159,0.01,0.014,0.189,0.169,0.145,0.299,0.215,0.168,0.016,0.036,0.191,0.15,0.203,0.013,0.164,0.261,0.128,0.128,0.177,0.092,0.003,0.39,0.068,0.372,0.321,0.016,0.166,0.093,0.446,0.213,0.015,0.565,0.027,0.084,0.02,0.193,0.147,0.105,0.002,0.026,0.006,0.032,0.028,0.057,0.056,0.172,0.133,0.028,0.07,0.174,0.229,0.071,0.075,0.06,0.027,0.536,0.031,1.0,0.294,0.202,0.019,0.291,0.12,0.018,0.11,0.085,0.026,0.166,0.012,0.239,0.097,0.101,0.008,0.133,0.4,0.383,0.111,0.402,0.016,0.107,0.007,0.056,0.052,0.044,0.156,0.069,0.103,0.102,0.397,0.375,0.004,0.062
66,0.0,0.032,0.031,0.146,0.735,0.095,0.05,0.085,0.006,0.005,0.136,0.04,0.006,1.0,0.016,0.036,0.043,0.023,0.012,0.122,0.027,0.077,0.144,0.327,0.047,0.064,0.09,0.02,0.142,0.033,0.041,0.156,0.996,0.197,0.137,0.091,0.355,0.068,0.107,0.25,0.099,0.39,0.066,0.104,0.124,0.039,0.019,0.046,0.18,0.023,0.022,0.001,0.24,0.0,0.034,0.244,0.134,0.105,0.325,0.122,0.047,0.082,0.112,0.17,0.002,0.294,1.0,0.156,0.11,0.056,0.277,0.167,0.062,0.021,0.02,0.121,0.515,0.335,0.123,0.091,0.072,0.075,0.032,0.143,0.119,0.032,0.098,0.051,0.019,0.062,0.034,0.075,0.017,0.069,0.189,0.712,0.083,0.143,0.02,0.111
67,0.0,0.112,0.107,0.038,0.052,0.318,0.0,0.29,0.061,0.001,0.192,0.002,0.144,0.127,0.063,0.021,0.038,0.002,0.054,0.05,0.148,0.381,0.042,0.849,0.009,0.325,0.201,0.018,0.201,0.012,0.085,0.154,0.129,0.062,0.045,0.001,0.06,0.017,0.091,0.179,0.231,0.27,0.313,0.073,0.301,0.022,0.0,0.03,0.164,0.017,0.006,0.056,0.048,0.795,0.0,0.032,0.0,0.575,0.843,0.001,0.091,0.105,0.076,0.148,0.058,0.202,0.156,1.0,0.226,0.042,0.306,0.059,0.0,0.055,0.014,0.269,0.062,0.837,0.0,0.001,0.0,0.134,0.034,0.054,0.018,0.033,0.233,0.0,0.06,0.125,0.003,0.0,0.182,0.043,0.252,0.053,0.056,0.056,0.001,0.0
