,0,1,2,3,4,5,6,7,8,9,10,11,12,13,14,15,16,17,18,19,20,21,22,23,24,25,26,27,28,29,30,31,32,33,34,35,36,37,38,39,40,41,42,43,44,45,46,47,48,49,50,51,52,53,54,55,56,57,58,59,60,61,62,63,64,65,66,67,68,69,70,71,72,73,74,75,76,77,78,79
0,1.0,0.012,0.003,0.007,0.01,0.019,0.604,0.001,0.258,0.002,0.009,0.442,0.0,0.16,0.003,0.836,0.001,0.007,0.633,0.858,0.053,0.67,0.003,0.0,0.694,0.003,0.002,0.009,0.005,0.164,0.0,0.36,0.003,0.003,0.848,0.002,0.003,0.708,0.829,0.018,0.008,0.008,0.0,0.023,0.01,0.007,0.012,0.011,0.002,0.695,0.724,0.0,0.099,0.0,0.001,0.003,0.001,0.133,0.002,0.009,0.004,0.57,0.001,0.007,0.084,0.058,0.005,0.004,0.008,0.344,0.912,0.1,0.87,0.002,0.0,0.456,0.003,0.088,0.002,0.0
1,0.012,1.0,0.268,0.285,0.359,0.78,0.004,0.566,0.381,0.004,0.868,0.226,0.103,0.636,0.347,0.029,0.001,0.035,0.075,0.025,0.405,0.11,0.403,0.048,0.062,0.484,0.046,0.033,0.0,0.582,0.001,0.319,0.005,0.303,0.014,0.014,0.005,0.057,0.034,0.581,0.826,0.513,0.019,0.47,0.469,0.406,0.459,0.461,0.358,0.117,0.051,0.001,0.1,0.021,0.001,0.282,0.276,0.539,0.003,0.487,0.009,0.141,0.01,0.083,0.346,0.504,0.308,0.047,0.342,0.325,0.018,0.716,0.01,0.175,0.012,0.225,0.307,0.534,0.364,0.085
2,0.003,0.268,1.0,0.792,0.539,0.413,0.001,0.488,0.062,0.047,0.449,0.02,0.587,0.132,0.677,0.005,0.016,0.085,0.013,0.006,0.193,0.011,0.89,0.414,0.003,0.576,0.114,0.126,0.027,0.112,0.02,0.05,0.111,0.395,0.001,0.113,0.04,0.007,0.003,0.486,0.36,0.812,0.047,0.431,0.789,0.338,0.485,0.5,0.768,0.005,0.008,0.04,0.015,0.287,0.011,0.655,0.95,0.105,0.016,0.673,0.066,0.013,0.016,0.145,0.161,0.37,0.582,0.164,0.562,0.02,0.001,0.196,0.0,0.809,0.038,0.023,0.885,0.253,0.956,0.565
3,0.007,0.285,0.792,1.0,0.808,0.538,0.005,0.35,0.134,0.056,0.423,0.059,0.36,0.191,0.826,0.009,0.019,0.061,0.042,0.008,0.458,0.034,0.669,0.232,0.038,0.451,0.103,0.181,0.033,0.191,0.04,0.111,0.128,0.608,0.009,0.143,0.034,0.018,0.014,0.696,0.426,0.853,0.047,0.719,0.852,0.57,0.799,0.812,0.853,0.025,0.026,0.051,0.016,0.122,0.018,0.602,0.694,0.235,0.034,0.624,0.102,0.042,0.033,0.131,0.332,0.575,0.847,0.129,0.861,0.094,0.008,0.328,0.003,0.588,0.053,0.072,0.784,0.366,0.736,0.326
4,0.01,0.359,0.539,0.808,1.0,0.694,0.006,0.315,0.247,0.024,0.448,0.127,0.266,0.273,0.633,0.016,0.01,0.042,0.079,0.029,0.746,0.036,0.479,0.156,0.056,0.379,0.067,0.072,0.017,0.295,0.011,0.157,0.041,0.544,0.006,0.046,0.016,0.028,0.024,0.881,0.478,0.758,0.021,0.838,0.835,0.738,0.826,0.848,0.68,0.046,0.031,0.008,0.05,0.054,0.004,0.313,0.478,0.395,0.009,0.417,0.04,0.085,0.026,0.067,0.375,0.638,0.94,0.062,0.981,0.194,0.007,0.427,0.011,0.304,0.013,0.093,0.49,0.399,0.533,0.242
5,0.019,0.78,0.413,0.538,0.694,1.0,0.007,0.396,0.498,0.007,0.72,0.297,0.136,0.621,0.491,0.033,0.003,0.041,0.112,0.054,0.768,0.086,0.467,0.08,0.082,0.454,0.047,0.056,0.003,0.641,0.002,0.354,0.025,0.436,0.024,0.021,0.006,0.077,0.054,0.896,0.749,0.687,0.015,0.861,0.725,0.649,0.752,0.776,0.521,0.111,0.045,0.007,0.139,0.028,0.002,0.305,0.393,0.721,0.009,0.54,0.011,0.189,0.005,0.087,0.538,0.827,0.607,0.046,0.687,0.367,0.024,0.833,0.015,0.24,0.011,0.223,0.412,0.622,0.461,0.117
6,0.604,0.004,0.001,0.005,0.006,0.007,1.0,0.0,0.075,0.002,0.002,0.154,0.0,0.045,0.001,0.675,0.002,0.008,0.299,0.582,0.025,0.439,0.001,0.0,0.345,0.0,0.001,0.002,0.015,0.061,0.002,0.13,0.004,0.0,0.708,0.003,0.001,0.346,0.565,0.005,0.002,0.003,0.0,0.006,0.004,0.003,0.003,0.008,0.002,0.269,0.595,0.004,0.023,0.0,0.007,0.001,0.001,0.037,0.009,0.022,0.003,0.221,0.001,0.002,0.048,0.016,0.001,0.0,0.002,0.106,0.651,0.04,0.668,0.002,0.001,0.16,0.002,0.048,0.0,0.001
7,0.001,0.566,0.488,0.35,0.315,0.396,0.0,1.0,0.061,0.018,0.792,0.028,0.27,0.206,0.432,0.001,0.003,0.011,0.011,0.003,0.147,0.013,0.653,0.16,0.006,0.816,0.039,0.046,0.003,0.143,0.006,0.041,0.01,0.322,0.003,0.019,0.01,0.013,0.003,0.388,0.799,0.556,0.02,0.298,0.495,0.421,0.337,0.333,0.42,0.007,0.011,0.005,0.026,0.162,0.002,0.448,0.575,0.13,0.003,0.431,0.015,0.01,0.005,0.089,0.143,0.269,0.316,0.068,0.282,0.058,0.0,0.21,0.002,0.349,0.018,0.043,0.411,0.217,0.614,0.225
8,0.258,0.381,0.062,0.134,0.247,0.498,0.075,0.061,1.0,0.008,0.22,0.775,0.012,0.769,0.105,0.287,0.001,0.031,0.617,0.384,0.571,0.419,0.078,0.005,0.566,0.074,0.016,0.023,0.001,0.85,0.001,0.825,0.009,0.137,0.166,0.007,0.004,0.419,0.347,0.41,0.241,0.154,0.003,0.449,0.205,0.21,0.295,0.32,0.083,0.561,0.356,0.001,0.289,0.001,0.002,0.06,0.055,0.876,0.001,0.191,0.008,0.706,0.003,0.029,0.487,0.557,0.152,0.005,0.215,0.886,0.226,0.819,0.188,0.032,0.0,0.712,0.084,0.548,0.082,0.015
9,0.002,0.004,0.047,0.056,0.024,0.007,0.002,0.018,0.008,1.0,0.007,0.007,0.077,0.018,0.042,0.003,0.477,0.566,0.007,0.003,0.017,0.007,0.038,0.089,0.006,0.014,0.532,0.508,0.087,0.013,0.048,0.011,0.203,0.019,0.004,0.241,0.782,0.005,0.003,0.032,0.009,0.044,0.086,0.018,0.048,0.014,0.046,0.047,0.068,0.002,0.008,0.347,0.0,0.037,0.178,0.048,0.049,0.012,0.065,0.037,0.257,0.007,0.766,0.452,0.026,0.025,0.041,0.484,0.032,0.009,0.005,0.01,0.004,0.041,0.042,0.014,0.045,0.028,0.062,0.083
10,0.009,0.868,0.449,0.423,0.448,0.72,0.002,0.792,0.22,0.007,1.0,0.099,0.171,0.46,0.457,0.008,0.003,0.031,0.042,0.013,0.335,0.045,0.642,0.096,0.025,0.766,0.041,0.06,0.002,0.37,0.004,0.171,0.024,0.318,0.002,0.022,0.006,0.015,0.009,0.618,0.915,0.699,0.006,0.527,0.615,0.511,0.524,0.507,0.543,0.049,0.023,0.002,0.054,0.067,0.003,0.425,0.523,0.374,0.003,0.578,0.013,0.074,0.004,0.111,0.341,0.542,0.411,0.075,0.399,0.15,0.003,0.508,0.002,0.315,0.01,0.123,0.471,0.452,0.582,0.155
11,0.442,0.226,0.02,0.059,0.127,0.297,0.154,0.028,0.775,0.007,0.099,1.0,0.003,0.601,0.06,0.479,0.001,0.02,0.709,0.519,0.423,0.686,0.034,0.001,0.701,0.023,0.007,0.018,0.003,0.678,0.0,0.843,0.012,0.084,0.348,0.006,0.006,0.628,0.493,0.265,0.138,0.067,0.0,0.284,0.098,0.138,0.213,0.218,0.044,0.775,0.589,0.007,0.152,0.001,0.0,0.019,0.02,0.695,0.003,0.102,0.011,0.941,0.006,0.023,0.507,0.331,0.083,0.007,0.15,0.939,0.378,0.556,0.287,0.02,0.001,0.875,0.036,0.504,0.021,0.0
12,0.0,0.103,0.587,0.36,0.266,0.136,0.0,0.27,0.012,0.077,0.171,0.003,1.0,0.027,0.292,0.0,0.03,0.041,0.0,0.0,0.061,0.002,0.5,0.894,0.001,0.349,0.079,0.093,0.021,0.039,0.022,0.009,0.086,0.159,0.0,0.086,0.048,0.002,0.0,0.178,0.145,0.358,0.053,0.139,0.342,0.173,0.214,0.204,0.395,0.001,0.0,0.042,0.007,0.595,0.021,0.366,0.54,0.03,0.003,0.26,0.033,0.002,0.028,0.122,0.035,0.118,0.34,0.148,0.305,0.009,0.0,0.045,0.0,0.566,0.058,0.006,0.353,0.074,0.608,0.98
13,0.16,0.636,0.132,0.191,0.273,0.621,0.045,0.206,0.769,0.018,0.46,0.601,0.027,1.0,0.175,0.217,0.004,0.073,0.384,0.19,0.518,0.42,0.203,0.012,0.29,0.204,0.052,0.049,0.004,0.84,0.001,0.822,0.01,0.209,0.105,0.016,0.009,0.307,0.206,0.514,0.458,0.294,0.007,0.502,0.329,0.256,0.387,0.39,0.193,0.433,0.292,0.006,0.191,0.011,0.003,0.139,0.136,0.78,0.004,0.355,0.018,0.526,0.016,0.071,0.583,0.644,0.213,0.05,0.291,0.761,0.141,0.875,0.087,0.092,0.007,0.698,0.195,0.712,0.16,0.036
14,0.003,0.347,0.677,0.826,0.633,0.491,0.001,0.432,0.105,0.042,0.457,0.06,0.292,0.175,1.0,0.011,0.023,0.069,0.02,0.004,0.35,0.02,0.635,0.197,0.02,0.531,0.137,0.188,0.025,0.16,0.029,0.066,0.119,0.826,0.002,0.109,0.034,0.009,0.005,0.589,0.503,0.773,0.136,0.559,0.737,0.627,0.66,0.697,0.862,0.019,0.013,0.028,0.038,0.198,0.01,0.743,0.643,0.178,0.034,0.544,0.102,0.032,0.023,0.174,0.273,0.412,0.728,0.17,0.68,0.08,0.002,0.245,0.002,0.523,0.121,0.046,0.718,0.28,0.716,0.303
15,0.836,0.029,0.005,0.009,0.016,0.033,0.675,0.001,0.287,0.003,0.008,0.479,0.0,0.217,0.011,1.0,0.002,0.012,0.727,0.925,0.101,0.799,0.009,0.001,0.783,0.003,0.006,0.009,0.017,0.218,0.004,0.419,0.004,0.01,0.877,0.006,0.005,0.811,0.917,0.053,0.014,0.007,0.001,0.048,0.017,0.008,0.044,0.037,0.005,0.699,0.87,0.005,0.042,0.001,0.003,0.003,0.003,0.153,0.005,0.039,0.005,0.65,0.004,0.007,0.209,0.079,0.006,0.004,0.023,0.415,0.841,0.12,0.829,0.007,0.002,0.527,0.007,0.165,0.001,0.0
16,0.001,0.001,0.016,0.019,0.01,0.003,0.002,0.003,0.001,0.477,0.003,0.001,0.03,0.004,0.023,0.002,1.0,0.12,0.0,0.003,0.001,0.003,0.016,0.057,0.001,0.003,0.111,0.262,0.231,0.0,0.122,0.003,0.429,0.014,0.0,0.405,0.771,0.003,0.002,0.005,0.001,0.01,0.061,0.006,0.009,0.003,0.022,0.013,0.022,0.0,0.005,0.703,0.0,0.026,0.58,0.042,0.019,0.0,0.104,0.024,0.454,0.0,0.583,0.138,0.012,0.003,0.01,0.222,0.01,0.001,0.003,0.002,0.002,0.042,0.054,0.002,0.022,0.005,0.017,0.038
17,0.007,0.035,0.085,0.061,0.042,0.041,0.008,0.011,0.031,0.566,0.031,0.02,0.041,0.073,0.069,0.012,0.12,1.0,0.017,0.006,0.021,0.026,0.068,0.049,0.012,0.02,0.823,0.303,0.068,0.036,0.04,0.053,0.09,0.02,0.005,0.079,0.284,0.022,0.014,0.061,0.018,0.064,0.127,0.052,0.076,0.024,0.068,0.055,0.094,0.034,0.023,0.08,0.009,0.017,0.081,0.055,0.071,0.037,0.052,0.074,0.121,0.016,0.228,0.513,0.041,0.059,0.041,0.414,0.045,0.037,0.007,0.045,0.004,0.07,0.071,0.034,0.093,0.058,0.073,0.049
18,0.633,0.075,0.013,0.042,0.079,0.112,0.299,0.011,0.617,0.007,0.042,0.709,0.0,0.384,0.02,0.727,0.0,0.017,1.0,0.818,0.218,0.677,0.019,0.001,0.953,0.016,0.005,0.02,0.011,0.492,0.002,0.679,0.008,0.049,0.483,0.012,0.003,0.793,0.837,0.119,0.061,0.038,0.0,0.142,0.036,0.065,0.098,0.092,0.017,0.778,0.642,0.003,0.167,0.0,0.002,0.017,0.005,0.415,0.001,0.057,0.008,0.775,0.006,0.014,0.286,0.197,0.036,0.003,0.074,0.628,0.599,0.353,0.589,0.008,0.002,0.664,0.016,0.283,0.009,0.0
19,0.858,0.025,0.006,0.008,0.029,0.054,0.582,0.003,0.384,0.003,0.013,0.519,0.0,0.19,0.004,0.925,0.003,0.006,0.818,1.0,0.115,0.704,0.006,0.0,0.896,0.007,0.002,0.007,0.011,0.28,0.003,0.471,0.008,0.01,0.817,0.011,0.0,0.809,1.0,0.038,0.016,0.01,0.001,0.063,0.021,0.013,0.031,0.04,0.006,0.703,0.774,0.006,0.091,0.0,0.0,0.004,0.005,0.182,0.003,0.024,0.008,0.667,0.002,0.004,0.183,0.093,0.012,0.001,0.03,0.399,0.833,0.134,0.872,0.002,0.001,0.487,0.009,0.167,0.003,0.0
20,0.053,0.405,0.193,0.458,0.746,0.768,0.025,0.147,0.571,0.017,0.335,0.423,0.061,0.518,0.35,0.101,0.001,0.021,0.218,0.115,1.0,0.178,0.228,0.039,0.219,0.202,0.023,0.061,0.003,0.578,0.008,0.42,0.022,0.397,0.051,0.034,0.008,0.13,0.11,0.825,0.426,0.465,0.007,0.852,0.509,0.62,0.75,0.746,0.34,0.187,0.136,0.007,0.122,0.007,0.005,0.174,0.198,0.75,0.011,0.32,0.018,0.311,0.013,0.035,0.655,0.785,0.608,0.027,0.713,0.491,0.061,0.705,0.051,0.106,0.007,0.319,0.266,0.669,0.205,0.049
21,0.67,0.11,0.011,0.034,0.036,0.086,0.439,0.013,0.419,0.007,0.045,0.686,0.002,0.42,0.02,0.799,0.003,0.026,0.677,0.704,0.178,1.0,0.018,0.0,0.676,0.014,0.013,0.028,0.017,0.395,0.001,0.664,0.021,0.032,0.605,0.023,0.005,0.823,0.67,0.121,0.054,0.026,0.0,0.112,0.039,0.035,0.092,0.092,0.023,0.82,0.951,0.01,0.041,0.0,0.005,0.027,0.018,0.283,0.003,0.083,0.016,0.8,0.005,0.021,0.363,0.209,0.023,0.011,0.048,0.584,0.654,0.243,0.521,0.016,0.002,0.805,0.036,0.327,0.008,0.004
22,0.003,0.403,0.89,0.669,0.479,0.467,0.001,0.653,0.078,0.038,0.642,0.034,0.5,0.203,0.635,0.009,0.016,0.068,0.019,0.006,0.228,0.018,1.0,0.291,0.014,0.777,0.121,0.103,0.018,0.173,0.014,0.073,0.085,0.371,0.001,0.083,0.032,0.009,0.005,0.547,0.545,0.871,0.033,0.438,0.823,0.372,0.471,0.486,0.688,0.015,0.013,0.032,0.015,0.264,0.009,0.682,0.958,0.151,0.01,0.782,0.05,0.015,0.017,0.163,0.221,0.424,0.52,0.144,0.491,0.054,0.001,0.277,0.001,0.748,0.046,0.052,0.862,0.309,0.95,0.456
23,0.0,0.048,0.414,0.232,0.156,0.08,0.0,0.16,0.005,0.089,0.096,0.001,0.894,0.012,0.197,0.001,0.057,0.049,0.001,0.0,0.039,0.0,0.291,1.0,0.001,0.21,0.08,0.064,0.024,0.022,0.015,0.004,0.098,0.092,0.0,0.086,0.054,0.0,0.001,0.116,0.079,0.197,0.062,0.08,0.176,0.09,0.119,0.128,0.248,0.002,0.001,0.07,0.009,0.69,0.03,0.227,0.324,0.016,0.002,0.123,0.037,0.002,0.044,0.077,0.027,0.066,0.199,0.098,0.158,0.004,0.001,0.026,0.0,0.438,0.064,0.005,0.198,0.05,0.383,0.945
24,0.694,0.062,0.003,0.038,0.056,0.082,0.345,0.006,0.566,0.006,0.025,0.701,0.001,0.29,0.02,0.783,0.001,0.012,0.953,0.896,0.219,0.676,0.014,0.001,1.0,0.007,0.005,0.01,0.006,0.405,0.001,0.616,0.004,0.03,0.62,0.007,0.002,0.81,0.907,0.101,0.038,0.03,0.001,0.158,0.032,0.036,0.094,0.083,0.014,0.83,0.702,0.003,0.128,0.0,0.003,0.011,0.005,0.388,0.003,0.043,0.01,0.831,0.001,0.009,0.286,0.175,0.026,0.004,0.067,0.65,0.683,0.265,0.672,0.007,0.0,0.643,0.013,0.268,0.006,0.001
25,0.003,0.484,0.576,0.451,0.379,0.454,0.0,0.816,0.074,0.014,0.766,0.023,0.349,0.204,0.531,0.003,0.003,0.02,0.016,0.007,0.202,0.014,0.777,0.21,0.007,1.0,0.03,0.036,0.005,0.138,0.003,0.062,0.029,0.381,0.001,0.023,0.003,0.003,0.001,0.438,0.691,0.712,0.025,0.362,0.588,0.511,0.428,0.408,0.535,0.011,0.003,0.005,0.037,0.247,0.001,0.574,0.695,0.128,0.004,0.545,0.023,0.019,0.007,0.064,0.147,0.322,0.41,0.066,0.352,0.058,0.002,0.245,0.0,0.471,0.022,0.026,0.539,0.234,0.69,0.313
26,0.002,0.046,0.114,0.103,0.067,0.047,0.001,0.039,0.016,0.532,0.041,0.007,0.079,0.052,0.137,0.006,0.111,0.823,0.005,0.002,0.023,0.013,0.121,0.08,0.005,0.03,1.0,0.364,0.046,0.022,0.03,0.024,0.122,0.062,0.001,0.118,0.287,0.014,0.003,0.073,0.02,0.085,0.208,0.06,0.096,0.038,0.092,0.113,0.134,0.01,0.005,0.111,0.0,0.045,0.057,0.148,0.134,0.028,0.058,0.108,0.121,0.007,0.232,0.586,0.038,0.067,0.081,0.598,0.079,0.014,0.004,0.055,0.0,0.099,0.138,0.02,0.123,0.055,0.118,0.082
27,0.009,0.033,0.126,0.181,0.072,0.056,0.002,0.046,0.023,0.508,0.06,0.018,0.093,0.049,0.188,0.009,0.262,0.303,0.02,0.007,0.061,0.028,0.103,0.064,0.01,0.036,0.364,1.0,0.076,0.037,0.076,0.024,0.324,0.113,0.006,0.301,0.475,0.021,0.01,0.106,0.051,0.112,0.208,0.086,0.122,0.073,0.186,0.212,0.205,0.018,0.016,0.266,0.0,0.051,0.164,0.164,0.102,0.031,0.135,0.087,0.555,0.014,0.493,0.667,0.102,0.099,0.121,0.7,0.127,0.017,0.006,0.046,0.004,0.122,0.133,0.031,0.139,0.075,0.133,0.077
28,0.005,0.0,0.027,0.033,0.017,0.003,0.015,0.003,0.001,0.087,0.002,0.003,0.021,0.004,0.025,0.017,0.231,0.068,0.011,0.011,0.003,0.017,0.018,0.024,0.006,0.005,0.046,0.076,1.0,0.004,0.597,0.001,0.478,0.028,0.01,0.456,0.146,0.007,0.012,0.011,0.001,0.015,0.108,0.012,0.028,0.007,0.012,0.016,0.018,0.007,0.013,0.319,0.001,0.023,0.548,0.07,0.025,0.004,0.274,0.047,0.206,0.005,0.117,0.027,0.014,0.011,0.01,0.035,0.012,0.001,0.009,0.002,0.014,0.055,0.108,0.003,0.055,0.008,0.014,0.016
29,0.164,0.582,0.112,0.191,0.295,0.641,0.061,0.143,0.85,0.013,0.37,0.678,0.039,0.84,0.16,0.218,0.0,0.036,0.492,0.28,0.578,0.395,0.173,0.022,0.405,0.138,0.022,0.037,0.004,1.0,0.001,0.749,0.018,0.189,0.091,0.013,0.008,0.357,0.233,0.566,0.428,0.305,0.007,0.544,0.286,0.262,0.394,0.414,0.182,0.428,0.287,0.005,0.151,0.008,0.003,0.109,0.128,0.868,0.003,0.335,0.016,0.546,0.007,0.059,0.642,0.664,0.184,0.034,0.335,0.731,0.134,0.866,0.115,0.112,0.003,0.694,0.184,0.775,0.135,0.032
30,0.0,0.001,0.02,0.04,0.011,0.002,0.002,0.006,0.001,0.048,0.004,0.0,0.022,0.001,0.029,0.004,0.122,0.04,0.002,0.003,0.008,0.001,0.014,0.015,0.001,0.003,0.03,0.076,0.597,0.001,1.0,0.0,0.258,0.046,0.001,0.264,0.081,0.003,0.001,0.004,0.001,0.016,0.41,0.009,0.018,0.013,0.022,0.011,0.018,0.001,0.005,0.153,0.004,0.041,0.233,0.064,0.019,0.002,0.665,0.029,0.233,0.001,0.063,0.054,0.006,0.008,0.019,0.049,0.018,0.0,0.002,0.002,0.001,0.032,0.413,0.001,0.035,0.005,0.014,0.017
31,0.36,0.319,0.05,0.111,0.157,0.354,0.13,0.041,0.825,0.011,0.171,0.843,0.009,0.822,0.066,0.419,0.003,0.053,0.679,0.471,0.42,0.664,0.073,0.004,0.616,0.062,0.024,0.024,0.001,0.749,0.0,1.0,0.016,0.086,0.307,0.009,0.007,0.645,0.445,0.307,0.175,0.129,0.0,0.378,0.14,0.129,0.256,0.26,0.069,0.791,0.562,0.007,0.128,0.004,0.005,0.052,0.048,0.676,0.0,0.191,0.009,0.844,0.005,0.044,0.509,0.452,0.092,0.013,0.165,0.889,0.355,0.649,0.266,0.041,0.003,0.946,0.076,0.603,0.065,0.012
32,0.003,0.005,0.111,0.128,0.041,0.025,0.004,0.01,0.009,0.203,0.024,0.012,0.086,0.01,0.119,0.004,0.429,0.09,0.008,0.008,0.022,0.021,0.085,0.098,0.004,0.029,0.122,0.324,0.478,0.018,0.258,0.016,1.0,0.067,0.001,1.0,0.361,0.008,0.007,0.064,0.013,0.067,0.096,0.048,0.071,0.039,0.088,0.085,0.12,0.013,0.02,0.722,0.001,0.077,0.702,0.199,0.095,0.012,0.135,0.138,0.584,0.006,0.296,0.166,0.065,0.034,0.081,0.201,0.068,0.005,0.004,0.019,0.001,0.176,0.078,0.014,0.148,0.077,0.104,0.094
33,0.003,0.303,0.395,0.608,0.544,0.436,0.0,0.322,0.137,0.019,0.318,0.084,0.159,0.209,0.826,0.01,0.014,0.02,0.049,0.01,0.397,0.032,0.371,0.092,0.03,0.381,0.062,0.113,0.028,0.189,0.046,0.086,0.067,1.0,0.005,0.074,0.018,0.014,0.007,0.505,0.501,0.554,0.116,0.545,0.557,0.697,0.568,0.6,0.566,0.032,0.023,0.015,0.068,0.124,0.01,0.544,0.374,0.183,0.034,0.407,0.101,0.049,0.018,0.084,0.281,0.4,0.546,0.099,0.551,0.11,0.007,0.291,0.004,0.325,0.126,0.073,0.488,0.272,0.402,0.143
34,0.848,0.014,0.001,0.009,0.006,0.024,0.708,0.003,0.166,0.004,0.002,0.348,0.0,0.105,0.002,0.877,0.0,0.005,0.483,0.817,0.051,0.605,0.001,0.0,0.62,0.001,0.001,0.006,0.01,0.091,0.001,0.307,0.001,0.005,1.0,0.002,0.0,0.673,0.805,0.02,0.008,0.002,0.0,0.044,0.005,0.005,0.012,0.013,0.003,0.578,0.739,0.001,0.034,0.0,0.004,0.002,0.002,0.094,0.006,0.02,0.004,0.515,0.001,0.001,0.112,0.043,0.004,0.0,0.013,0.247,0.924,0.06,0.892,0.001,0.0,0.347,0.005,0.09,0.002,0.0
35,0.002,0.014,0.113,0.143,0.046,0.021,0.003,0.019,0.007,0.241,0.022,0.006,0.086,0.016,0.109,0.006,0.405,0.079,0.012,0.011,0.034,0.023,0.083,0.086,0.007,0.023,0.118,0.301,0.456,0.013,0.264,0.009,1.0,0.074,0.002,1.0,0.357,0.009,0.015,0.066,0.026,0.075,0.089,0.037,0.07,0.019,0.086,0.094,0.096,0.007,0.018,0.729,0.0,0.063,0.681,0.214,0.091,0.02,0.159,0.118,0.591,0.007,0.285,0.154,0.067,0.059,0.061,0.206,0.062,0.004,0.006,0.019,0.0,0.164,0.062,0.007,0.149,0.066,0.103,0.11
36,0.003,0.005,0.04,0.034,0.016,0.006,0.001,0.01,0.004,0.782,0.006,0.006,0.048,0.009,0.034,0.005,0.771,0.284,0.003,0.0,0.008,0.005,0.032,0.054,0.002,0.003,0.287,0.475,0.146,0.008,0.081,0.007,0.361,0.018,0.0,0.357,1.0,0.007,0.003,0.023,0.005,0.013,0.087,0.01,0.025,0.008,0.03,0.022,0.037,0.003,0.004,0.516,0.0,0.026,0.423,0.069,0.041,0.008,0.119,0.026,0.473,0.001,0.857,0.291,0.015,0.012,0.019,0.41,0.017,0.002,0.001,0.004,0.001,0.046,0.056,0.002,0.029,0.026,0.041,0.038
37,0.708,0.057,0.007,0.018,0.028,0.077,0.346,0.013,0.419,0.005,0.015,0.628,0.002,0.307,0.009,0.811,0.003,0.022,0.793,0.809,0.13,0.823,0.009,0.0,0.81,0.003,0.014,0.021,0.007,0.357,0.003,0.645,0.008,0.014,0.673,0.009,0.007,1.0,0.791,0.058,0.027,0.017,0.001,0.093,0.02,0.026,0.065,0.052,0.009,0.821,0.767,0.005,0.05,0.0,0.002,0.011,0.005,0.257,0.002,0.05,0.008,0.738,0.005,0.011,0.243,0.153,0.015,0.008,0.046,0.518,0.745,0.211,0.665,0.008,0.001,0.738,0.012,0.258,0.003,0.001
38,0.829,0.034,0.003,0.014,0.024,0.054,0.565,0.003,0.347,0.003,0.009,0.493,0.0,0.206,0.005,0.917,0.002,0.014,0.837,1.0,0.11,0.67,0.005,0.001,0.907,0.001,0.003,0.01,0.012,0.233,0.001,0.445,0.007,0.007,0.805,0.015,0.003,0.791,1.0,0.043,0.013,0.01,0.0,0.049,0.016,0.012,0.032,0.056,0.005,0.719,0.745,0.005,0.083,0.0,0.006,0.001,0.004,0.216,0.006,0.032,0.006,0.668,0.003,0.002,0.164,0.08,0.012,0.002,0.033,0.403,0.822,0.133,0.889,0.006,0.0,0.53,0.009,0.172,0.002,0.0
39,0.018,0.581,0.486,0.696,0.881,0.896,0.005,0.388,0.41,0.032,0.618,0.265,0.178,0.514,0.589,0.053,0.005,0.061,0.119,0.038,0.825,0.121,0.547,0.116,0.101,0.438,0.073,0.106,0.011,0.566,0.004,0.307,0.064,0.505,0.02,0.066,0.023,0.058,0.043,1.0,0.641,0.772,0.025,0.921,0.825,0.688,0.902,0.864,0.659,0.098,0.075,0.014,0.08,0.026,0.005,0.361,0.494,0.576,0.011,0.583,0.038,0.177,0.028,0.1,0.605,0.865,0.756,0.077,0.873,0.319,0.04,0.702,0.019,0.311,0.01,0.229,0.52,0.661,0.539,0.171
40,0.008,0.826,0.36,0.426,0.478,0.749,0.002,0.799,0.241,0.009,0.915,0.138,0.145,0.458,0.503,0.014,0.001,0.018,0.061,0.016,0.426,0.054,0.545,0.079,0.038,0.691,0.02,0.051,0.001,0.428,0.001,0.175,0.013,0.501,0.008,0.026,0.005,0.027,0.013,0.641,1.0,0.639,0.014,0.526,0.588,0.654,0.538,0.548,0.5,0.053,0.026,0.005,0.082,0.057,0.003,0.387,0.421,0.393,0.004,0.511,0.02,0.088,0.006,0.069,0.343,0.54,0.429,0.051,0.438,0.206,0.006,0.54,0.001,0.247,0.005,0.136,0.431,0.44,0.525,0.129
41,0.008,0.513,0.812,0.853,0.758,0.687,0.003,0.556,0.154,0.044,0.699,0.067,0.358,0.294,0.773,0.007,0.01,0.064,0.038,0.01,0.465,0.026,0.871,0.197,0.03,0.712,0.085,0.112,0.015,0.305,0.016,0.129,0.067,0.554,0.002,0.075,0.013,0.017,0.01,0.772,0.639,1.0,0.046,0.691,0.961,0.643,0.71,0.726,0.801,0.03,0.016,0.02,0.047,0.135,0.014,0.632,0.834,0.275,0.019,0.77,0.042,0.033,0.023,0.116,0.321,0.625,0.707,0.112,0.793,0.105,0.005,0.443,0.003,0.575,0.033,0.069,0.829,0.439,0.863,0.341
42,0.0,0.019,0.047,0.047,0.021,0.015,0.0,0.02,0.003,0.086,0.006,0.0,0.053,0.007,0.136,0.001,0.061,0.127,0.0,0.001,0.007,0.0,0.033,0.062,0.001,0.025,0.208,0.208,0.108,0.007,0.41,0.0,0.096,0.116,0.0,0.089,0.087,0.001,0.0,0.025,0.014,0.046,1.0,0.019,0.032,0.032,0.044,0.034,0.06,0.0,0.0,0.053,0.002,0.108,0.046,0.126,0.052,0.004,0.445,0.036,0.198,0.0,0.056,0.199,0.006,0.019,0.026,0.318,0.026,0.001,0.0,0.007,0.0,0.05,0.899,0.002,0.071,0.006,0.048,0.052
43,0.023,0.47,0.431,0.719,0.838,0.861,0.006,0.298,0.449,0.018,0.527,0.284,0.139,0.502,0.559,0.048,0.006,0.052,0.142,0.063,0.852,0.112,0.438,0.08,0.158,0.362,0.06,0.086,0.012,0.544,0.009,0.378,0.048,0.545,0.044,0.037,0.01,0.093,0.049,0.921,0.526,0.691,0.019,1.0,0.751,0.644,0.889,0.873,0.572,0.125,0.086,0.01,0.105,0.02,0.005,0.342,0.388,0.589,0.017,0.577,0.03,0.184,0.012,0.09,0.655,0.937,0.696,0.06,0.855,0.359,0.025,0.695,0.021,0.274,0.02,0.247,0.507,0.663,0.414,0.12
44,0.01,0.469,0.789,0.852,0.835,0.725,0.004,0.495,0.205,0.048,0.615,0.098,0.342,0.329,0.737,0.017,0.009,0.076,0.036,0.021,0.509,0.039,0.823,0.176,0.032,0.588,0.096,0.122,0.028,0.286,0.018,0.14,0.071,0.557,0.005,0.07,0.025,0.02,0.016,0.825,0.588,0.961,0.032,0.751,1.0,0.579,0.769,0.731,0.82,0.035,0.022,0.02,0.057,0.106,0.007,0.545,0.822,0.304,0.014,0.701,0.056,0.064,0.025,0.126,0.321,0.66,0.801,0.12,0.868,0.118,0.005,0.457,0.008,0.505,0.04,0.076,0.746,0.397,0.804,0.321
45,0.007,0.406,0.338,0.57,0.738,0.649,0.003,0.421,0.21,0.014,0.511,0.138,0.173,0.256,0.627,0.008,0.003,0.024,0.065,0.013,0.62,0.035,0.372,0.09,0.036,0.511,0.038,0.073,0.007,0.262,0.013,0.129,0.039,0.697,0.005,0.019,0.008,0.026,0.012,0.688,0.654,0.643,0.032,0.644,0.579,1.0,0.686,0.718,0.549,0.055,0.023,0.008,0.082,0.068,0.004,0.424,0.381,0.349,0.025,0.373,0.045,0.073,0.019,0.078,0.338,0.542,0.715,0.049,0.663,0.178,0.006,0.394,0.001,0.225,0.037,0.098,0.338,0.327,0.408,0.152
46,0.012,0.459,0.485,0.799,0.826,0.752,0.003,0.337,0.295,0.046,0.524,0.213,0.214,0.387,0.66,0.044,0.022,0.068,0.098,0.031,0.75,0.092,0.471,0.119,0.094,0.428,0.092,0.186,0.012,0.394,0.022,0.256,0.088,0.568,0.012,0.086,0.03,0.065,0.032,0.902,0.538,0.71,0.044,0.889,0.769,0.686,1.0,1.0,0.765,0.099,0.052,0.027,0.063,0.055,0.013,0.384,0.436,0.47,0.014,0.546,0.075,0.136,0.045,0.149,0.589,0.783,0.845,0.117,0.887,0.236,0.017,0.546,0.012,0.328,0.022,0.168,0.557,0.624,0.537,0.179
47,0.011,0.461,0.5,0.812,0.848,0.776,0.008,0.333,0.32,0.047,0.507,0.218,0.204,0.39,0.697,0.037,0.013,0.055,0.092,0.04,0.746,0.092,0.486,0.128,0.083,0.408,0.113,0.212,0.016,0.414,0.011,0.26,0.085,0.6,0.013,0.094,0.022,0.052,0.056,0.864,0.548,0.726,0.034,0.873,0.731,0.718,1.0,1.0,0.777,0.103,0.067,0.02,0.052,0.051,0.01,0.406,0.451,0.469,0.027,0.571,0.062,0.141,0.039,0.172,0.584,0.813,0.858,0.142,0.895,0.239,0.018,0.543,0.012,0.316,0.031,0.185,0.547,0.606,0.519,0.179
48,0.002,0.358,0.768,0.853,0.68,0.521,0.002,0.42,0.083,0.068,0.543,0.044,0.395,0.193,0.862,0.005,0.022,0.094,0.017,0.006,0.34,0.023,0.688,0.248,0.014,0.535,0.134,0.205,0.018,0.182,0.018,0.069,0.12,0.566,0.003,0.096,0.037,0.009,0.005,0.659,0.5,0.801,0.06,0.572,0.82,0.549,0.765,0.777,1.0,0.018,0.011,0.034,0.011,0.131,0.015,0.578,0.671,0.186,0.016,0.531,0.066,0.024,0.022,0.208,0.295,0.505,0.789,0.212,0.713,0.056,0.001,0.276,0.0,0.47,0.053,0.062,0.69,0.325,0.821,0.362
49,0.695,0.117,0.005,0.025,0.046,0.111,0.269,0.007,0.561,0.002,0.049,0.775,0.001,0.433,0.019,0.699,0.0,0.034,0.778,0.703,0.187,0.82,0.015,0.002,0.83,0.011,0.01,0.018,0.007,0.428,0.001,0.791,0.013,0.032,0.578,0.007,0.003,0.821,0.719,0.098,0.053,0.03,0.0,0.125,0.035,0.055,0.099,0.103,0.018,1.0,0.768,0.002,0.116,0.0,0.006,0.013,0.004,0.378,0.003,0.049,0.01,0.947,0.004,0.02,0.322,0.196,0.024,0.006,0.044,0.712,0.666,0.322,0.519,0.005,0.0,0.849,0.02,0.304,0.005,0.0
50,0.724,0.051,0.008,0.026,0.031,0.045,0.595,0.011,0.356,0.008,0.023,0.589,0.0,0.292,0.013,0.87,0.005,0.023,0.642,0.774,0.136,0.951,0.013,0.001,0.702,0.003,0.005,0.016,0.013,0.287,0.005,0.562,0.02,0.023,0.739,0.018,0.004,0.767,0.745,0.075,0.026,0.016,0.0,0.086,0.022,0.023,0.052,0.067,0.011,0.768,1.0,0.009,0.038,0.0,0.008,0.014,0.008,0.25,0.003,0.086,0.024,0.699,0.01,0.013,0.296,0.124,0.02,0.003,0.039,0.454,0.737,0.18,0.583,0.007,0.002,0.659,0.014,0.293,0.01,0.001
51,0.0,0.001,0.04,0.051,0.008,0.007,0.004,0.005,0.001,0.347,0.002,0.007,0.042,0.006,0.028,0.005,0.703,0.08,0.003,0.006,0.007,0.01,0.032,0.07,0.003,0.005,0.111,0.266,0.319,0.005,0.153,0.007,0.722,0.015,0.001,0.729,0.516,0.005,0.005,0.014,0.005,0.02,0.053,0.01,0.02,0.008,0.027,0.02,0.034,0.002,0.009,1.0,0.0,0.063,0.739,0.091,0.032,0.005,0.079,0.038,0.527,0.0,0.348,0.13,0.015,0.004,0.023,0.166,0.012,0.005,0.002,0.004,0.003,0.067,0.036,0.007,0.049,0.017,0.037,0.071
52,0.099,0.1,0.015,0.016,0.05,0.139,0.023,0.026,0.289,0.0,0.054,0.152,0.007,0.191,0.038,0.042,0.0,0.009,0.167,0.091,0.122,0.041,0.015,0.009,0.128,0.037,0.0,0.0,0.001,0.151,0.004,0.128,0.001,0.068,0.034,0.0,0.0,0.05,0.083,0.08,0.082,0.047,0.002,0.105,0.057,0.082,0.063,0.052,0.011,0.116,0.038,0.0,1.0,0.003,0.0,0.007,0.02,0.193,0.0,0.028,0.0,0.128,0.0,0.004,0.059,0.101,0.039,0.002,0.052,0.231,0.068,0.213,0.049,0.013,0.004,0.087,0.014,0.071,0.025,0.009
53,0.0,0.021,0.287,0.122,0.054,0.028,0.0,0.162,0.001,0.037,0.067,0.001,0.595,0.011,0.198,0.001,0.026,0.017,0.0,0.0,0.007,0.0,0.264,0.69,0.0,0.247,0.045,0.051,0.023,0.008,0.041,0.004,0.077,0.124,0.0,0.063,0.026,0.0,0.0,0.026,0.057,0.135,0.108,0.02,0.106,0.068,0.055,0.051,0.131,0.0,0.0,0.063,0.003,1.0,0.027,0.361,0.279,0.001,0.008,0.142,0.087,0.001,0.013,0.059,0.01,0.024,0.074,0.095,0.035,0.0,0.0,0.012,0.0,0.432,0.121,0.001,0.239,0.013,0.273,0.656
54,0.001,0.001,0.011,0.018,0.004,0.002,0.007,0.002,0.002,0.178,0.003,0.0,0.021,0.003,0.01,0.003,0.58,0.081,0.002,0.0,0.005,0.005,0.009,0.03,0.003,0.001,0.057,0.164,0.548,0.003,0.233,0.005,0.702,0.01,0.004,0.681,0.423,0.002,0.006,0.005,0.003,0.014,0.046,0.005,0.007,0.004,0.013,0.01,0.015,0.006,0.008,0.739,0.0,0.027,1.0,0.054,0.011,0.002,0.179,0.023,0.373,0.002,0.319,0.061,0.012,0.002,0.004,0.08,0.003,0.0,0.002,0.003,0.004,0.03,0.032,0.006,0.027,0.009,0.019,0.021
55,0.003,0.282,0.655,0.602,0.313,0.305,0.001,0.448,0.06,0.048,0.425,0.019,0.366,0.139,0.743,0.003,0.042,0.055,0.017,0.004,0.174,0.027,0.682,0.227,0.011,0.574,0.148,0.164,0.07,0.109,0.064,0.052,0.199,0.544,0.002,0.214,0.069,0.011,0.001,0.361,0.387,0.632,0.126,0.342,0.545,0.424,0.384,0.406,0.578,0.013,0.014,0.091,0.007,0.361,0.054,1.0,0.7,0.096,0.039,0.691,0.152,0.019,0.047,0.175,0.159,0.257,0.406,0.194,0.356,0.037,0.001,0.161,0.001,0.71,0.143,0.026,0.79,0.222,0.668,0.319
56,0.001,0.276,0.95,0.694,0.478,0.393,0.001,0.575,0.055,0.049,0.523,0.02,0.54,0.136,0.643,0.003,0.019,0.071,0.005,0.005,0.198,0.018,0.958,0.324,0.005,0.695,0.134,0.102,0.025,0.128,0.019,0.048,0.095,0.374,0.002,0.091,0.041,0.005,0.004,0.494,0.421,0.834,0.052,0.388,0.822,0.381,0.436,0.451,0.671,0.004,0.008,0.032,0.02,0.279,0.011,0.7,1.0,0.087,0.01,0.695,0.046,0.007,0.027,0.13,0.186,0.338,0.484,0.137,0.488,0.028,0.001,0.208,0.0,0.792,0.049,0.026,0.873,0.239,0.948,0.53
57,0.133,0.539,0.105,0.235,0.395,0.721,0.037,0.13,0.876,0.012,0.374,0.695,0.03,0.78,0.178,0.153,0.0,0.037,0.415,0.182,0.75,0.283,0.151,0.016,0.388,0.128,0.028,0.031,0.004,0.868,0.002,0.676,0.012,0.183,0.094,0.02,0.008,0.257,0.216,0.576,0.393,0.275,0.004,0.589,0.304,0.349,0.47,0.469,0.186,0.378,0.25,0.005,0.193,0.001,0.002,0.096,0.087,1.0,0.004,0.271,0.012,0.5,0.004,0.039,0.625,0.698,0.289,0.012,0.345,0.767,0.105,0.919,0.08,0.081,0.003,0.521,0.133,0.695,0.127,0.023
58,0.002,0.003,0.016,0.034,0.009,0.009,0.009,0.003,0.001,0.065,0.003,0.003,0.003,0.004,0.034,0.005,0.104,0.052,0.001,0.003,0.011,0.003,0.01,0.002,0.003,0.004,0.058,0.135,0.274,0.003,0.665,0.0,0.135,0.034,0.006,0.159,0.119,0.002,0.006,0.011,0.004,0.019,0.445,0.017,0.014,0.025,0.014,0.027,0.016,0.003,0.003,0.079,0.0,0.008,0.179,0.039,0.01,0.004,1.0,0.024,0.254,0.005,0.094,0.058,0.008,0.012,0.023,0.117,0.019,0.0,0.003,0.005,0.001,0.013,0.407,0.0,0.022,0.019,0.009,0.005
59,0.009,0.487,0.673,0.624,0.417,0.54,0.022,0.431,0.191,0.037,0.578,0.102,0.26,0.355,0.544,0.039,0.024,0.074,0.057,0.024,0.32,0.083,0.782,0.123,0.043,0.545,0.108,0.087,0.047,0.335,0.029,0.191,0.138,0.407,0.02,0.118,0.026,0.05,0.032,0.583,0.511,0.77,0.036,0.577,0.701,0.373,0.546,0.571,0.531,0.049,0.086,0.038,0.028,0.142,0.023,0.691,0.695,0.271,0.024,1.0,0.083,0.084,0.025,0.12,0.487,0.593,0.402,0.104,0.47,0.154,0.012,0.453,0.008,0.695,0.038,0.147,0.87,0.565,0.684,0.217
60,0.004,0.009,0.066,0.102,0.04,0.011,0.003,0.015,0.008,0.257,0.013,0.011,0.033,0.018,0.102,0.005,0.454,0.121,0.008,0.008,0.018,0.016,0.05,0.037,0.01,0.023,0.121,0.555,0.206,0.016,0.233,0.009,0.584,0.101,0.004,0.591,0.473,0.008,0.006,0.038,0.02,0.042,0.198,0.03,0.056,0.045,0.075,0.062,0.066,0.01,0.024,0.527,0.0,0.087,0.373,0.152,0.046,0.012,0.254,0.083,1.0,0.001,0.321,0.228,0.056,0.028,0.055,0.335,0.031,0.006,0.002,0.011,0.003,0.092,0.164,0.012,0.08,0.045,0.062,0.042
61,0.57,0.141,0.013,0.042,0.085,0.189,0.221,0.01,0.706,0.007,0.074,0.941,0.002,0.526,0.032,0.65,0.0,0.016,0.775,0.667,0.311,0.8,0.015,0.002,0.831,0.019,0.007,0.014,0.005,0.546,0.001,0.844,0.006,0.049,0.515,0.007,0.001,0.738,0.668,0.177,0.088,0.033,0.0,0.184,0.064,0.073,0.136,0.141,0.024,0.947,0.699,0.0,0.128,0.001,0.002,0.019,0.007,0.5,0.005,0.084,0.001,1.0,0.007,0.014,0.415,0.293,0.055,0.007,0.111,0.854,0.561,0.41,0.424,0.011,0.0,0.896,0.029,0.405,0.012,0.001
62,0.001,0.01,0.016,0.033,0.026,0.005,0.001,0.005,0.003,0.766,0.004,0.006,0.028,0.016,0.023,0.004,0.583,0.228,0.006,0.002,0.013,0.005,0.017,0.044,0.001,0.007,0.232,0.493,0.117,0.007,0.063,0.005,0.296,0.018,0.001,0.285,0.857,0.005,0.003,0.028,0.006,0.023,0.056,0.012,0.025,0.019,0.045,0.039,0.022,0.004,0.01,0.348,0.0,0.013,0.319,0.047,0.027,0.004,0.094,0.025,0.321,0.007,1.0,0.266,0.02,0.017,0.03,0.32,0.015,0.006,0.008,0.015,0.003,0.03,0.024,0.014,0.022,0.017,0.03,0.037
63,0.007,0.083,0.145,0.131,0.067,0.087,0.002,0.089,0.029,0.452,0.111,0.023,0.122,0.071,0.174,0.007,0.138,0.513,0.014,0.004,0.035,0.021,0.163,0.077,0.009,0.064,0.586,0.667,0.027,0.059,0.054,0.044,0.166,0.084,0.001,0.154,0.291,0.011,0.002,0.1,0.069,0.116,0.199,0.09,0.126,0.078,0.149,0.172,0.208,0.02,0.013,0.13,0.004,0.059,0.061,0.175,0.13,0.039,0.058,0.12,0.228,0.014,0.266,1.0,0.104,0.119,0.089,0.783,0.081,0.017,0.004,0.063,0.003,0.11,0.104,0.026,0.156,0.082,0.182,0.117
64,0.084,0.346,0.161,0.332,0.375,0.538,0.048,0.143,0.487,0.026,0.341,0.507,0.035,0.583,0.273,0.209,0.012,0.041,0.286,0.183,0.655,0.363,0.221,0.027,0.286,0.147,0.038,0.102,0.014,0.642,0.006,0.509,0.065,0.281,0.112,0.067,0.015,0.243,0.164,0.605,0.343,0.321,0.006,0.655,0.321,0.338,0.589,0.584,0.295,0.322,0.296,0.015,0.059,0.01,0.012,0.159,0.186,0.625,0.008,0.487,0.056,0.415,0.02,0.104,1.0,0.811,0.287,0.066,0.392,0.5,0.1,0.608,0.092,0.145,0.018,0.547,0.294,0.935,0.195,0.027
65,0.058,0.504,0.37,0.575,0.638,0.827,0.016,0.269,0.557,0.025,0.542,0.331,0.118,0.644,0.412,0.079,0.003,0.059,0.197,0.093,0.785,0.209,0.424,0.066,0.175,0.322,0.067,0.099,0.011,0.664,0.008,0.452,0.034,0.4,0.043,0.059,0.012,0.153,0.08,0.865,0.54,0.625,0.019,0.937,0.66,0.542,0.783,0.813,0.505,0.196,0.124,0.004,0.101,0.024,0.002,0.257,0.338,0.698,0.012,0.593,0.028,0.293,0.017,0.119,0.811,1.0,0.524,0.068,0.692,0.426,0.058,0.799,0.035,0.213,0.013,0.38,0.478,0.838,0.433,0.08
66,0.005,0.308,0.582,0.847,0.94,0.607,0.001,0.316,0.152,0.041,0.411,0.083,0.34,0.213,0.728,0.006,0.01,0.041,0.036,0.012,0.608,0.023,0.52,0.199,0.026,0.41,0.081,0.121,0.01,0.184,0.019,0.092,0.081,0.546,0.004,0.061,0.019,0.015,0.012,0.756,0.429,0.707,0.026,0.696,0.801,0.715,0.845,0.858,0.789,0.024,0.02,0.023,0.039,0.074,0.004,0.406,0.484,0.289,0.023,0.402,0.055,0.055,0.03,0.089,0.287,0.524,1.0,0.085,0.929,0.12,0.004,0.323,0.002,0.311,0.015,0.061,0.462,0.318,0.58,0.286
67,0.004,0.047,0.164,0.129,0.062,0.046,0.0,0.068,0.005,0.484,0.075,0.007,0.148,0.05,0.17,0.004,0.222,0.414,0.003,0.001,0.027,0.011,0.144,0.098,0.004,0.066,0.598,0.7,0.035,0.034,0.049,0.013,0.201,0.099,0.0,0.206,0.41,0.008,0.002,0.077,0.051,0.112,0.318,0.06,0.12,0.049,0.117,0.142,0.212,0.006,0.003,0.166,0.002,0.095,0.08,0.194,0.137,0.012,0.117,0.104,0.335,0.007,0.32,0.783,0.066,0.068,0.085,1.0,0.088,0.007,0.001,0.031,0.0,0.123,0.175,0.012,0.139,0.063,0.165,0.113
68,0.008,0.342,0.562,0.861,0.981,0.687,0.002,0.282,0.215,0.032,0.399,0.15,0.305,0.291,0.68,0.023,0.01,0.045,0.074,0.03,0.713,0.048,0.491,0.158,0.067,0.352,0.079,0.127,0.012,0.335,0.018,0.165,0.068,0.551,0.013,0.062,0.017,0.046,0.033,0.873,0.438,0.793,0.026,0.855,0.868,0.663,0.887,0.895,0.713,0.044,0.039,0.012,0.052,0.035,0.003,0.356,0.488,0.345,0.019,0.47,0.031,0.111,0.015,0.081,0.392,0.692,0.929,0.088,1.0,0.195,0.006,0.46,0.015,0.336,0.015,0.113,0.525,0.442,0.588,0.249
69,0.344,0.325,0.02,0.094,0.194,0.367,0.106,0.058,0.886,0.009,0.15,0.939,0.009,0.761,0.08,0.415,0.001,0.037,0.628,0.399,0.491,0.584,0.054,0.004,0.65,0.058,0.014,0.017,0.001,0.731,0.0,0.889,0.005,0.11,0.247,0.004,0.002,0.518,0.403,0.319,0.206,0.105,0.001,0.359,0.118,0.178,0.236,0.239,0.056,0.712,0.454,0.005,0.231,0.0,0.0,0.037,0.028,0.767,0.0,0.154,0.006,0.854,0.006,0.017,0.5,0.426,0.12,0.007,0.195,1.0,0.291,0.685,0.259,0.022,0.003,0.834,0.046,0.517,0.045,0.008
70,0.912,0.018,0.001,0.008,0.007,0.024,0.651,0.0,0.226,0.005,0.003,0.378,0.0,0.141,0.002,0.841,0.003,0.007,0.599,0.833,0.061,0.654,0.001,0.001,0.683,0.002,0.004,0.006,0.009,0.134,0.002,0.355,0.004,0.007,0.924,0.006,0.001,0.745,0.822,0.04,0.006,0.005,0.0,0.025,0.005,0.006,0.017,0.018,0.001,0.666,0.737,0.002,0.068,0.0,0.002,0.001,0.001,0.105,0.003,0.012,0.002,0.561,0.008,0.004,0.1,0.058,0.004,0.001,0.006,0.291,1.0,0.095,0.915,0.002,0.0,0.419,0.001,0.096,0.001,0.0
71,0.1,0.716,0.196,0.328,0.427,0.833,0.04,0.21,0.819,0.01,0.508,0.556,0.045,0.875,0.245,0.12,0.002,0.045,0.353,0.134,0.705,0.243,0.277,0.026,0.265,0.245,0.055,0.046,0.002,0.866,0.002,0.649,0.019,0.291,0.06,0.019,0.004,0.211,0.133,0.702,0.54,0.443,0.007,0.695,0.457,0.394,0.546,0.543,0.276,0.322,0.18,0.004,0.213,0.012,0.003,0.161,0.208,0.919,0.005,0.453,0.011,0.41,0.015,0.063,0.608,0.799,0.323,0.031,0.46,0.685,0.095,1.0,0.058,0.132,0.009,0.515,0.277,0.737,0.258,0.041
72,0.87,0.01,0.0,0.003,0.011,0.015,0.668,0.002,0.188,0.004,0.002,0.287,0.0,0.087,0.002,0.829,0.002,0.004,0.589,0.872,0.051,0.521,0.001,0.0,0.672,0.0,0.0,0.004,0.014,0.115,0.001,0.266,0.001,0.004,0.892,0.0,0.001,0.665,0.889,0.019,0.001,0.003,0.0,0.021,0.008,0.001,0.012,0.012,0.0,0.519,0.583,0.003,0.049,0.0,0.004,0.001,0.0,0.08,0.001,0.008,0.003,0.424,0.003,0.003,0.092,0.035,0.002,0.0,0.015,0.259,0.915,0.058,1.0,0.001,0.0,0.286,0.0,0.064,0.0,0.0
73,0.002,0.175,0.809,0.588,0.304,0.24,0.002,0.349,0.032,0.041,0.315,0.02,0.566,0.092,0.523,0.007,0.042,0.07,0.008,0.002,0.106,0.016,0.748,0.438,0.007,0.471,0.099,0.122,0.055,0.112,0.032,0.041,0.176,0.325,0.001,0.164,0.046,0.008,0.006,0.311,0.247,0.575,0.05,0.274,0.505,0.225,0.328,0.316,0.47,0.005,0.007,0.067,0.013,0.432,0.03,0.71,0.792,0.081,0.013,0.695,0.092,0.011,0.03,0.11,0.145,0.213,0.311,0.123,0.336,0.022,0.002,0.132,0.001,1.0,0.072,0.019,0.826,0.203,0.748,0.565
74,0.0,0.012,0.038,0.053,0.013,0.011,0.001,0.018,0.0,0.042,0.01,0.001,0.058,0.007,0.121,0.002,0.054,0.071,0.002,0.001,0.007,0.002,0.046,0.064,0.0,0.022,0.138,0.133,0.108,0.003,0.413,0.003,0.078,0.126,0.0,0.062,0.056,0.001,0.0,0.01,0.005,0.033,0.899,0.02,0.04,0.037,0.022,0.031,0.053,0.0,0.002,0.036,0.004,0.121,0.032,0.143,0.049,0.003,0.407,0.038,0.164,0.0,0.024,0.104,0.018,0.013,0.015,0.175,0.015,0.003,0.0,0.009,0.0,0.072,1.0,0.001,0.063,0.009,0.034,0.06
75,0.456,0.225,0.023,0.072,0.093,0.223,0.16,0.043,0.712,0.014,0.123,0.875,0.006,0.698,0.046,0.527,0.002,0.034,0.664,0.487,0.319,0.805,0.052,0.005,0.643,0.026,0.02,0.031,0.003,0.694,0.001,0.946,0.014,0.073,0.347,0.007,0.002,0.738,0.53,0.229,0.136,0.069,0.002,0.247,0.076,0.098,0.168,0.185,0.062,0.849,0.659,0.007,0.087,0.001,0.006,0.026,0.026,0.521,0.0,0.147,0.012,0.896,0.014,0.026,0.547,0.38,0.061,0.012,0.113,0.834,0.419,0.515,0.286,0.019,0.001,1.0,0.06,0.566,0.031,0.006
76,0.003,0.307,0.885,0.784,0.49,0.412,0.002,0.411,0.084,0.045,0.471,0.036,0.353,0.195,0.718,0.007,0.022,0.093,0.016,0.009,0.266,0.036,0.862,0.198,0.013,0.539,0.123,0.139,0.055,0.184,0.035,0.076,0.148,0.488,0.005,0.149,0.029,0.012,0.009,0.52,0.431,0.829,0.071,0.507,0.746,0.338,0.557,0.547,0.69,0.02,0.014,0.049,0.014,0.239,0.027,0.79,0.873,0.133,0.022,0.87,0.08,0.029,0.022,0.156,0.294,0.478,0.462,0.139,0.525,0.046,0.001,0.277,0.0,0.826,0.063,0.06,1.0,0.343,0.816,0.325
77,0.088,0.534,0.253,0.366,0.399,0.622,0.048,0.217,0.548,0.028,0.452,0.504,0.074,0.712,0.28,0.165,0.005,0.058,0.283,0.167,0.669,0.327,0.309,0.05,0.268,0.234,0.055,0.075,0.008,0.775,0.005,0.603,0.077,0.272,0.09,0.066,0.026,0.258,0.172,0.661,0.44,0.439,0.006,0.663,0.397,0.327,0.624,0.606,0.325,0.304,0.293,0.017,0.071,0.013,0.009,0.222,0.239,0.695,0.019,0.565,0.045,0.405,0.017,0.082,0.935,0.838,0.318,0.063,0.442,0.517,0.096,0.737,0.064,0.203,0.009,0.566,0.343,1.0,0.275,0.065
78,0.002,0.364,0.956,0.736,0.533,0.461,0.0,0.614,0.082,0.062,0.582,0.021,0.608,0.16,0.716,0.001,0.017,0.073,0.009,0.003,0.205,0.008,0.95,0.383,0.006,0.69,0.118,0.133,0.014,0.135,0.014,0.065,0.104,0.402,0.002,0.103,0.041,0.003,0.002,0.539,0.525,0.863,0.048,0.414,0.804,0.408,0.537,0.519,0.821,0.005,0.01,0.037,0.025,0.273,0.019,0.668,0.948,0.127,0.009,0.684,0.062,0.012,0.03,0.182,0.195,0.433,0.58,0.165,0.588,0.045,0.001,0.258,0.0,0.748,0.034,0.031,0.816,0.275,1.0,0.547
79,0.0,0.085,0.565,0.326,0.242,0.117,0.001,0.225,0.015,0.083,0.155,0.0,0.98,0.036,0.303,0.0,0.038,0.049,0.0,0.0,0.049,0.004,0.456,0.945,0.001,0.313,0.082,0.077,0.016,0.032,0.017,0.012,0.094,0.143,0.0,0.11,0.038,0.001,0.0,0.171,0.129,0.341,0.052,0.12,0.321,0.152,0.179,0.179,0.362,0.0,0.001,0.071,0.009,0.656,0.021,0.319,0.53,0.023,0.005,0.217,0.042,0.001,0.037,0.117,0.027,0.08,0.286,0.113,0.249,0.008,0.0,0.041,0.0,0.565,0.06,0.006,0.325,0.065,0.547,1.0
