,0,1,2,3,4,5,6,7,8,9,10,11,12,13,14,15,16,17,18,19,20,21,22,23,24,25,26,27,28,29,30,31,32,33,34,35,36,37,38,39,40,41,42,43,44,45,46,47,48,49,50,51,52,53,54,55,56,57,58,59,60,61,62,63,64,65,66,67,68,69,70,71,72,73,74,75,76,77,78,79,80,81,82,83,84,85,86,87,88,89,90,91,92,93,94,95,96,97,98,99,100,101,102,103,104,105,106,107,108,109,110,111,112,113,114,115,116,117,118,119,120,121,122,123,124,125,126,127,128,129,130,131,132,133,134,135,136,137,138,139,140,141,142,143,144,145,146,147,148,149,150,151,152,153,154,155,156,157,158,159,160,161,162,163,164,165,166,167,168,169,170,171,172,173,174,175,176,177,178,179,180,181,182,183,184,185,186,187,188,189,190,191,192,193,194,195,196,197,198,199
0,1.0,0.023,0.051,0.002,0.0,0.349,0.043,0.0,0.0,0.002,0.0,0.012,0.003,0.0,0.015,0.006,0.011,0.0,0.0,0.004,0.017,0.004,0.0,0.706,0.0,0.01,0.165,0.0,0.057,0.0,0.044,0.014,0.003,0.003,0.0,0.0,0.0,0.0,0.0,0.305,0.0,0.034,0.0,0.0,0.0,0.501,0.0,0.514,0.485,0.0,0.0,0.0,0.0,0.143,0.0,0.731,0.032,0.571,0.0,0.168,0.001,0.002,0.001,0.048,0.0,0.002,0.045,0.291,0.0,0.535,0.009,0.003,0.011,0.0,0.175,0.035,0.615,0.44,0.034,0.0,0.308,0.429,0.0,0.0,0.021,0.0,0.001,0.667,0.39,0.393,0.086,0.013,0.0,0.0,0.035,0.051,0.002,0.007,0.035,0.062,0.0,0.032,0.012,0.303,0.0,0.0,0.019,0.018,0.224,0.0,0.009,0.068,0.28,0.054,0.002,0.0,0.0,0.256,0.397,0.029,0.044,0.009,0.502,0.006,0.019,0.003,0.547,0.005,0.0,0.033,0.311,0.372,0.029,0.0,0.0,0.001,0.0,0.0,0.0,0.505,0.0,0.184,0.0,0.007,0.0,0.181,0.566,0.44,0.0,0.047,0.268,0.421,0.007,0.0,0.001,0.0,0.006,0.868,0.276,0.02,0.034,0.004,0.006,0.01,0.586,0.003,0.017,0.004,0.05,0.013,0.0,0.005,0.313,0.004,0.0,0.001,0.0,0.137,0.0,0.0,0.247,0.001,0.0,0.043,0.004,0.472,0.008,0.028,0.024,0.0,0.153,0.413,0.001,0.009,0.211,0.707,0.466,0.205,0.006,0.0
1,0.023,1.0,0.0,0.008,0.046,0.075,0.028,0.055,0.597,0.052,0.001,0.003,0.015,0.007,0.007,0.011,0.004,0.0,0.007,0.003,0.05,0.501,0.0,0.008,0.052,0.352,0.006,0.002,0.003,0.539,0.076,0.158,0.0,0.0,0.006,0.142,0.003,0.47,0.019,0.007,0.0,0.001,0.002,0.14,0.057,0.006,0.361,0.003,0.009,0.005,0.0,0.001,0.037,0.016,0.085,0.01,0.559,0.002,0.0,0.075,0.274,0.387,0.004,0.035,0.21,0.053,0.047,0.164,0.009,0.0,0.001,0.0,0.028,0.0,0.019,0.002,0.005,0.122,0.574,0.751,0.001,0.0,0.0,0.295,0.003,0.162,0.408,0.005,0.075,0.003,0.137,0.161,0.226,0.073,0.003,0.001,0.147,0.0,0.018,0.0,0.007,0.008,0.101,0.006,0.724,0.013,0.011,0.0,0.016,0.571,0.0,0.021,0.001,0.064,0.002,0.019,0.007,0.003,0.118,0.002,0.095,0.005,0.002,0.033,0.029,0.017,0.002,0.319,0.108,0.0,0.193,0.001,0.007,0.0,0.008,0.07,0.0,0.548,0.0,0.003,0.0,0.009,0.001,0.0,0.0,0.001,0.003,0.131,0.0,0.005,0.004,0.115,0.101,0.0,0.0,0.0,0.04,0.032,0.001,0.0,0.002,0.01,0.042,0.006,0.005,0.09,0.01,0.004,0.032,0.0,0.178,0.01,0.005,0.046,0.225,0.117,0.0,0.0,0.161,0.194,0.01,0.029,0.064,0.02,0.0,0.026,0.004,0.002,0.016,0.008,0.0,0.02,0.023,0.0,0.003,0.006,0.0,0.004,0.07,0.807
2,0.051,0.0,1.0,0.18,0.046,0.365,0.002,0.001,0.0,0.001,0.0,0.0,0.0,0.0,0.422,0.627,0.0,0.0,0.0,0.045,0.045,0.0,0.0,0.026,0.042,0.001,0.336,0.0,0.0,0.0,0.002,0.081,0.003,0.027,0.0,0.0,0.0,0.0,0.012,0.427,0.001,0.0,0.001,0.002,0.062,0.333,0.0,0.343,0.458,0.0,0.0,0.081,0.009,0.629,0.034,0.093,0.009,0.056,0.0,0.557,0.004,0.001,0.082,0.45,0.016,0.002,0.414,0.077,0.0,0.018,0.007,0.48,0.06,0.005,0.728,0.0,0.065,0.037,0.005,0.001,0.543,0.046,0.0,0.0,0.0,0.013,0.0,0.013,0.462,0.525,0.129,0.0,0.004,0.012,0.0,0.0,0.034,0.0,0.0,0.269,0.0,0.0,0.077,0.28,0.001,0.0,0.7,0.0,0.475,0.0,0.0,0.292,0.361,0.046,0.001,0.031,0.004,0.714,0.318,0.0,0.174,0.0,0.255,0.116,0.0,0.001,0.317,0.01,0.0,0.0,0.159,0.263,0.266,0.0,0.0,0.0,0.002,0.005,0.0,0.044,0.0,0.647,0.0,0.0,0.0,0.846,0.134,0.268,0.0,0.0,0.4,0.311,0.141,0.001,0.0,0.0,0.044,0.139,0.015,0.0,0.0,0.0,0.037,0.0,0.199,0.0,0.0,0.0,0.0,0.0,0.04,0.0,0.547,0.25,0.0,0.002,0.0,0.691,0.0,0.0,0.518,0.259,0.009,0.266,0.0,0.393,0.0,0.0,0.0,0.013,0.674,0.348,0.046,0.225,0.002,0.011,0.015,0.286,0.001,0.009
3,0.002,0.008,0.18,1.0,0.007,0.225,0.118,0.002,0.0,0.011,0.0,0.004,0.012,0.003,0.669,0.26,0.002,0.003,0.004,0.021,0.412,0.02,0.0,0.002,0.004,0.0,0.384,0.0,0.004,0.002,0.135,0.436,0.004,0.067,0.013,0.004,0.0,0.0,0.009,0.014,0.0,0.017,0.0,0.0,0.009,0.047,0.002,0.045,0.097,0.002,0.0,0.028,0.001,0.084,0.014,0.0,0.01,0.0,0.0,0.277,0.038,0.012,0.019,0.591,0.001,0.006,0.595,0.183,0.0,0.0,0.009,0.612,0.051,0.004,0.077,0.015,0.0,0.054,0.001,0.0,0.174,0.0,0.0,0.002,0.031,0.0,0.009,0.003,0.11,0.061,0.436,0.061,0.04,0.0,0.015,0.01,0.002,0.013,0.013,0.351,0.0,0.001,0.004,0.385,0.013,0.0,0.261,0.01,0.073,0.0,0.007,0.63,0.025,0.478,0.02,0.015,0.0,0.142,0.213,0.016,0.641,0.018,0.023,0.631,0.0,0.008,0.04,0.011,0.011,0.01,0.163,0.016,0.706,0.0,0.018,0.006,0.0,0.004,0.0,0.015,0.0,0.16,0.0,0.016,0.021,0.153,0.006,0.045,0.0,0.055,0.243,0.209,0.568,0.002,0.001,0.0,0.049,0.046,0.0,0.007,0.017,0.012,0.051,0.054,0.016,0.022,0.0,0.001,0.009,0.023,0.016,0.014,0.202,0.59,0.0,0.042,0.002,0.067,0.001,0.001,0.176,0.568,0.006,0.662,0.001,0.065,0.001,0.05,0.017,0.001,0.055,0.074,0.0,0.455,0.0,0.0,0.004,0.447,0.023,0.0
4,0.0,0.046,0.046,0.007,1.0,0.001,0.017,0.156,0.071,0.307,0.011,0.0,0.031,0.005,0.008,0.014,0.003,0.233,0.006,0.584,0.001,0.078,0.002,0.0,0.879,0.073,0.005,0.007,0.0,0.038,0.003,0.002,0.026,0.018,0.003,0.014,0.024,0.032,0.846,0.002,0.0,0.002,0.461,0.329,0.588,0.003,0.03,0.005,0.01,0.285,0.0,0.46,0.433,0.043,0.755,0.0,0.061,0.0,0.0,0.001,0.049,0.093,0.161,0.004,0.38,0.284,0.003,0.004,0.182,0.0,0.064,0.014,0.148,0.084,0.01,0.001,0.002,0.004,0.057,0.091,0.008,0.002,0.001,0.025,0.014,0.393,0.038,0.0,0.002,0.002,0.002,0.045,0.144,0.523,0.0,0.001,0.532,0.009,0.0,0.004,0.001,0.001,0.005,0.002,0.066,0.118,0.02,0.0,0.025,0.06,0.006,0.004,0.02,0.0,0.003,0.658,0.573,0.013,0.0,0.0,0.0,0.004,0.005,0.0,0.0,0.001,0.001,0.099,0.016,0.0,0.004,0.008,0.001,0.0,0.001,0.026,0.008,0.077,0.001,0.0,0.002,0.005,0.001,0.0,0.0,0.025,0.001,0.003,0.015,0.006,0.0,0.003,0.0,0.16,0.085,0.0,0.237,0.0,0.0,0.0,0.001,0.002,0.248,0.011,0.0,0.049,0.0,0.0,0.008,0.002,0.509,0.071,0.005,0.002,0.023,0.093,0.003,0.017,0.024,0.03,0.005,0.002,0.54,0.001,0.0,0.001,0.0,0.059,0.007,0.087,0.011,0.0,0.814,0.01,0.0,0.0,0.0,0.001,0.015,0.066
5,0.349,0.075,0.365,0.225,0.001,1.0,0.003,0.001,0.028,0.001,0.0,0.0,0.0,0.0,0.462,0.323,0.001,0.002,0.0,0.011,0.099,0.032,0.0,0.196,0.0,0.043,0.525,0.0,0.0,0.002,0.008,0.341,0.002,0.016,0.002,0.0,0.0,0.01,0.0,0.416,0.0,0.002,0.0,0.0,0.0,0.507,0.014,0.546,0.749,0.0,0.0,0.008,0.0,0.345,0.005,0.296,0.17,0.22,0.0,0.858,0.021,0.021,0.004,0.68,0.0,0.0,0.627,0.379,0.001,0.089,0.0,0.318,0.014,0.0,0.566,0.0,0.303,0.203,0.17,0.034,0.634,0.17,0.0,0.017,0.0,0.0,0.009,0.165,0.772,0.65,0.454,0.011,0.035,0.0,0.002,0.0,0.0,0.0,0.002,0.299,0.001,0.001,0.153,0.596,0.067,0.0,0.327,0.001,0.405,0.031,0.0,0.606,0.266,0.105,0.002,0.0,0.0,0.63,0.734,0.0,0.407,0.0,0.397,0.284,0.0,0.0,0.511,0.085,0.003,0.004,0.551,0.267,0.411,0.0,0.0,0.003,0.0,0.035,0.0,0.214,0.0,0.554,0.005,0.0,0.0,0.523,0.454,0.681,0.0,0.0,0.571,0.721,0.295,0.0,0.0,0.0,0.006,0.478,0.082,0.0,0.0,0.0,0.002,0.0,0.475,0.008,0.0,0.0,0.005,0.0,0.0,0.0,0.789,0.406,0.007,0.011,0.0,0.371,0.002,0.0,0.562,0.21,0.0,0.501,0.002,0.751,0.001,0.0,0.003,0.0,0.388,0.531,0.0,0.234,0.023,0.138,0.145,0.604,0.02,0.006
6,0.043,0.028,0.002,0.118,0.017,0.003,1.0,0.0,0.115,0.001,0.001,0.143,0.348,0.002,0.041,0.059,0.141,0.001,0.047,0.0,0.063,0.251,0.002,0.05,0.01,0.008,0.015,0.0,0.113,0.115,0.686,0.076,0.0,0.054,0.243,0.223,0.0,0.103,0.003,0.002,0.001,0.384,0.004,0.008,0.016,0.004,0.171,0.0,0.003,0.002,0.006,0.0,0.003,0.0,0.006,0.008,0.004,0.007,0.009,0.007,0.55,0.391,0.0,0.044,0.002,0.0,0.037,0.007,0.0,0.003,0.0,0.018,0.001,0.011,0.0,0.354,0.014,0.0,0.017,0.048,0.0,0.004,0.004,0.302,0.513,0.01,0.266,0.036,0.002,0.003,0.049,0.721,0.485,0.007,0.455,0.35,0.011,0.301,0.245,0.001,0.001,0.164,0.005,0.009,0.126,0.0,0.047,0.423,0.0,0.109,0.262,0.037,0.0,0.185,0.584,0.019,0.005,0.0,0.0,0.421,0.086,0.428,0.004,0.067,0.092,0.295,0.004,0.111,0.239,0.392,0.002,0.004,0.036,0.004,0.443,0.336,0.002,0.005,0.012,0.0,0.006,0.0,0.071,0.345,0.349,0.0,0.028,0.001,0.0,0.849,0.0,0.0,0.086,0.009,0.001,0.006,0.003,0.017,0.0,0.339,0.425,0.41,0.01,0.772,0.012,0.588,0.046,0.196,0.216,0.483,0.003,0.392,0.001,0.082,0.184,0.693,0.0,0.0,0.139,0.131,0.0,0.13,0.006,0.053,0.006,0.005,0.195,0.741,0.269,0.0,0.0,0.001,0.005,0.066,0.0,0.05,0.019,0.012,0.354,0.032
7,0.0,0.055,0.001,0.002,0.156,0.001,0.0,1.0,0.048,0.226,0.0,0.0,0.0,0.135,0.0,0.0,0.0,0.012,0.001,0.159,0.0,0.007,0.008,0.002,0.155,0.082,0.007,0.034,0.0,0.011,0.0,0.0,0.261,0.225,0.003,0.0,0.031,0.017,0.162,0.0,0.002,0.0,0.137,0.198,0.199,0.003,0.011,0.001,0.001,0.023,0.133,0.088,0.255,0.023,0.203,0.002,0.104,0.007,0.202,0.004,0.006,0.014,0.082,0.0,0.308,0.238,0.0,0.0,0.006,0.015,0.536,0.004,0.113,0.01,0.002,0.0,0.0,0.0,0.133,0.094,0.0,0.004,0.303,0.006,0.001,0.158,0.005,0.001,0.005,0.0,0.0,0.001,0.017,0.153,0.0,0.0,0.187,0.0,0.004,0.0,0.394,0.0,0.005,0.003,0.044,0.028,0.0,0.0,0.005,0.043,0.0,0.0,0.019,0.0,0.0,0.133,0.142,0.001,0.002,0.0,0.0,0.0,0.002,0.0,0.0,0.0,0.0,0.069,0.0,0.0,0.007,0.011,0.0,0.005,0.001,0.004,0.312,0.162,0.016,0.008,0.012,0.0,0.0,0.0,0.0,0.004,0.0,0.015,0.019,0.0,0.001,0.004,0.0,0.031,0.0,0.0,0.11,0.001,0.007,0.001,0.0,0.01,0.143,0.0,0.001,0.002,0.001,0.0,0.0,0.0,0.449,0.0,0.0,0.0,0.003,0.003,0.221,0.001,0.0,0.0,0.0,0.0,0.211,0.0,0.112,0.001,0.0,0.0,0.0,0.329,0.002,0.0,0.184,0.0,0.0,0.002,0.002,0.001,0.002,0.041
8,0.0,0.597,0.0,0.0,0.071,0.028,0.115,0.048,1.0,0.071,0.0,0.0,0.136,0.036,0.002,0.047,0.019,0.011,0.049,0.018,0.017,0.826,0.0,0.001,0.075,0.536,0.001,0.002,0.0,0.712,0.229,0.079,0.0,0.001,0.12,0.465,0.031,0.801,0.021,0.0,0.0,0.01,0.014,0.15,0.177,0.0,0.741,0.0,0.0,0.02,0.001,0.011,0.049,0.025,0.118,0.0,0.5,0.0,0.0,0.039,0.609,0.794,0.023,0.02,0.145,0.066,0.02,0.054,0.0,0.001,0.0,0.001,0.076,0.0,0.011,0.007,0.0,0.011,0.516,0.869,0.003,0.0,0.0,0.764,0.116,0.121,0.599,0.0,0.016,0.0,0.021,0.419,0.435,0.08,0.015,0.007,0.157,0.012,0.009,0.005,0.0,0.0,0.185,0.002,0.9,0.0,0.012,0.005,0.004,1.0,0.01,0.018,0.005,0.063,0.037,0.073,0.04,0.0,0.01,0.004,0.015,0.041,0.0,0.016,0.001,0.066,0.001,0.594,0.363,0.007,0.05,0.0,0.0,0.0,0.113,0.334,0.0,0.559,0.0,0.0,0.001,0.0,0.0,0.001,0.005,0.0,0.0,0.095,0.0,0.073,0.003,0.016,0.026,0.001,0.0,0.0,0.142,0.0,0.002,0.007,0.012,0.144,0.138,0.073,0.0,0.376,0.001,0.0,0.001,0.048,0.172,0.06,0.001,0.037,0.664,0.315,0.003,0.0,0.371,0.389,0.0,0.009,0.085,0.002,0.005,0.0,0.0,0.093,0.017,0.022,0.001,0.001,0.039,0.002,0.0,0.001,0.001,0.0,0.364,0.641
9,0.002,0.052,0.001,0.011,0.307,0.001,0.001,0.226,0.071,1.0,0.0,0.001,0.011,0.029,0.001,0.001,0.0,0.239,0.014,0.272,0.001,0.042,0.0,0.002,0.278,0.067,0.02,0.006,0.0,0.022,0.003,0.0,0.035,0.166,0.0,0.003,0.005,0.05,0.314,0.002,0.0,0.0,0.12,0.262,0.351,0.004,0.032,0.005,0.002,0.215,0.001,0.182,0.171,0.011,0.42,0.003,0.09,0.006,0.002,0.004,0.023,0.051,0.111,0.0,0.293,0.787,0.0,0.0,0.123,0.011,0.176,0.001,0.187,0.042,0.0,0.0,0.003,0.0,0.064,0.097,0.003,0.008,0.003,0.013,0.0,0.27,0.024,0.006,0.001,0.001,0.0,0.02,0.115,0.251,0.007,0.0,0.358,0.022,0.011,0.003,0.018,0.003,0.061,0.021,0.068,0.222,0.001,0.002,0.011,0.083,0.006,0.0,0.01,0.0,0.0,0.29,0.222,0.004,0.0,0.002,0.0,0.0,0.002,0.002,0.004,0.002,0.001,0.125,0.006,0.003,0.003,0.004,0.003,0.0,0.001,0.0,0.004,0.092,0.001,0.019,0.001,0.001,0.0,0.0,0.0,0.002,0.0,0.003,0.003,0.001,0.007,0.0,0.001,0.279,0.011,0.0,0.249,0.002,0.009,0.003,0.01,0.01,0.253,0.002,0.002,0.016,0.002,0.005,0.015,0.002,0.441,0.083,0.004,0.0,0.018,0.033,0.038,0.001,0.009,0.007,0.005,0.0,0.243,0.002,0.039,0.0,0.0,0.011,0.001,0.121,0.001,0.0,0.263,0.007,0.001,0.009,0.001,0.002,0.005,0.086
10,0.0,0.001,0.0,0.0,0.011,0.0,0.001,0.0,0.0,0.0,1.0,0.0,0.001,0.0,0.0,0.0,0.0,0.002,0.002,0.003,0.0,0.001,0.001,0.0,0.014,0.0,0.0,0.161,0.0,0.0,0.0,0.0,0.007,0.007,0.0,0.002,0.144,0.0,0.005,0.0,0.209,0.013,0.039,0.023,0.006,0.0,0.0,0.0,0.0,0.0,0.075,0.0,0.036,0.0,0.001,0.0,0.0,0.001,0.003,0.0,0.002,0.001,0.0,0.0,0.003,0.003,0.0,0.0,0.001,0.001,0.0,0.0,0.0,0.001,0.0,0.012,0.0,0.0,0.0,0.0,0.0,0.0,0.053,0.0,0.0,0.004,0.0,0.0,0.0,0.0,0.0,0.0,0.0,0.009,0.014,0.006,0.001,0.028,0.001,0.0,0.01,0.001,0.0,0.0,0.0,0.0,0.0,0.013,0.0,0.002,0.058,0.0,0.002,0.0,0.025,0.002,0.009,0.0,0.0,0.006,0.0,0.035,0.0,0.0,0.012,0.121,0.0,0.0,0.001,0.007,0.0,0.0,0.0,0.298,0.0,0.001,0.032,0.001,0.42,0.0,0.463,0.0,0.0,0.002,0.005,0.0,0.0,0.0,0.0,0.002,0.0,0.0,0.0,0.002,0.0,0.677,0.0,0.0,0.0,0.02,0.011,0.0,0.0,0.0,0.0,0.0,0.005,0.005,0.01,0.029,0.001,0.022,0.0,0.0,0.001,0.0,0.078,0.0,0.001,0.003,0.0,0.0,0.017,0.0,0.015,0.0,0.001,0.002,0.001,0.003,0.001,0.0,0.009,0.0,0.0,0.0,0.0,0.0,0.0,0.001
11,0.012,0.003,0.0,0.004,0.0,0.0,0.143,0.0,0.0,0.001,0.0,1.0,0.03,0.0,0.0,0.0,0.074,0.0,0.002,0.0,0.008,0.005,0.102,0.021,0.0,0.0,0.002,0.001,0.524,0.0,0.059,0.001,0.0,0.0,0.009,0.002,0.002,0.001,0.001,0.0,0.0,0.46,0.001,0.0,0.0,0.0,0.0,0.0,0.0,0.001,0.001,0.0,0.0,0.0,0.0,0.003,0.0,0.0,0.001,0.0,0.009,0.005,0.0,0.0,0.0,0.002,0.0,0.004,0.005,0.003,0.0,0.0,0.0,0.0,0.0,0.443,0.0,0.011,0.001,0.0,0.0,0.0,0.0,0.002,0.044,0.0,0.006,0.03,0.0,0.001,0.0,0.028,0.021,0.0,0.299,0.709,0.001,0.395,0.115,0.0,0.003,0.847,0.0,0.0,0.001,0.0,0.0,0.341,0.002,0.0,0.24,0.001,0.0,0.011,0.155,0.0,0.0,0.0,0.001,0.458,0.0,0.192,0.0,0.002,0.335,0.065,0.0,0.0,0.004,0.417,0.001,0.001,0.0,0.0,0.027,0.012,0.0,0.0,0.002,0.0,0.002,0.0,0.699,0.194,0.216,0.0,0.001,0.0,0.011,0.228,0.001,0.0,0.0,0.0,0.0,0.0,0.0,0.003,0.008,0.478,0.283,0.024,0.0,0.162,0.0,0.034,0.402,0.582,0.46,0.153,0.0,0.123,0.0,0.002,0.002,0.033,0.0,0.0,0.003,0.001,0.0,0.0,0.0,0.001,0.001,0.0,0.495,0.183,0.122,0.0,0.0,0.0,0.0,0.0,0.0,0.036,0.0,0.0,0.004,0.0
12,0.003,0.015,0.0,0.012,0.031,0.0,0.348,0.0,0.136,0.011,0.001,0.03,1.0,0.0,0.005,0.006,0.556,0.012,0.456,0.01,0.04,0.356,0.001,0.001,0.013,0.001,0.012,0.001,0.002,0.273,0.399,0.046,0.0,0.024,0.606,0.645,0.0,0.282,0.006,0.0,0.004,0.382,0.025,0.026,0.014,0.0,0.374,0.0,0.0,0.033,0.002,0.001,0.006,0.004,0.027,0.0,0.0,0.002,0.001,0.0,0.463,0.351,0.0,0.005,0.003,0.005,0.001,0.026,0.0,0.051,0.0,0.0,0.001,0.0,0.0,0.373,0.008,0.003,0.0,0.067,0.0,0.02,0.0,0.457,0.939,0.019,0.499,0.002,0.001,0.0,0.017,0.582,0.281,0.02,0.408,0.173,0.01,0.297,0.618,0.0,0.0,0.043,0.002,0.009,0.171,0.021,0.001,0.315,0.002,0.154,0.356,0.005,0.001,0.058,0.195,0.012,0.028,0.0,0.0,0.241,0.01,0.526,0.001,0.013,0.133,0.344,0.0,0.036,0.697,0.249,0.001,0.006,0.0,0.009,0.633,0.788,0.001,0.0,0.018,0.001,0.008,0.0,0.011,0.06,0.048,0.001,0.0,0.0,0.0,0.474,0.0,0.0,0.023,0.016,0.001,0.003,0.001,0.001,0.056,0.26,0.417,0.84,0.008,0.487,0.001,0.764,0.014,0.073,0.119,0.653,0.003,0.428,0.0,0.009,0.467,0.449,0.001,0.0,0.563,0.568,0.0,0.018,0.022,0.008,0.018,0.0,0.133,0.611,0.666,0.0,0.0,0.001,0.005,0.001,0.0,0.003,0.018,0.005,0.28,0.038
13,0.0,0.007,0.0,0.003,0.005,0.0,0.002,0.135,0.036,0.029,0.0,0.0,0.0,1.0,0.0,0.012,0.0,0.01,0.0,0.003,0.0,0.006,0.0,0.0,0.002,0.05,0.005,0.0,0.0,0.013,0.0,0.001,0.21,0.358,0.001,0.004,0.019,0.019,0.005,0.0,0.0,0.001,0.0,0.0,0.039,0.0,0.012,0.001,0.004,0.007,0.047,0.02,0.0,0.005,0.011,0.002,0.07,0.003,0.006,0.004,0.001,0.006,0.053,0.001,0.002,0.008,0.001,0.0,0.0,0.003,0.216,0.0,0.163,0.003,0.002,0.0,0.0,0.0,0.094,0.045,0.006,0.003,0.021,0.009,0.001,0.0,0.0,0.001,0.001,0.0,0.0,0.001,0.001,0.0,0.0,0.0,0.009,0.0,0.0,0.001,0.101,0.0,0.09,0.008,0.024,0.031,0.004,0.001,0.0,0.034,0.0,0.0,0.006,0.0,0.002,0.012,0.0,0.001,0.0,0.0,0.0,0.002,0.004,0.0,0.0,0.001,0.003,0.051,0.002,0.0,0.001,0.001,0.0,0.0,0.005,0.001,0.052,0.081,0.0,0.003,0.015,0.0,0.0,0.0,0.0,0.0,0.002,0.006,0.0,0.0,0.008,0.0,0.0,0.005,0.0,0.001,0.122,0.002,0.002,0.0,0.002,0.001,0.115,0.0,0.002,0.0,0.0,0.0,0.0,0.002,0.02,0.0,0.003,0.001,0.016,0.0,0.049,0.001,0.0,0.0,0.0,0.0,0.001,0.0,0.025,0.0,0.0,0.003,0.0,0.145,0.0,0.001,0.001,0.002,0.001,0.0,0.0,0.002,0.007,0.007
14,0.015,0.007,0.422,0.669,0.008,0.462,0.041,0.0,0.002,0.001,0.0,0.0,0.005,0.0,1.0,0.585,0.0,0.0,0.0,0.009,0.342,0.016,0.0,0.001,0.003,0.0,0.525,0.0,0.0,0.001,0.097,0.49,0.0,0.043,0.012,0.005,0.0,0.004,0.003,0.079,0.0,0.003,0.0,0.0,0.011,0.117,0.007,0.111,0.265,0.001,0.0,0.024,0.0,0.246,0.025,0.017,0.019,0.01,0.0,0.609,0.026,0.007,0.014,0.928,0.005,0.0,0.94,0.199,0.001,0.003,0.003,0.873,0.026,0.0,0.289,0.002,0.012,0.072,0.021,0.002,0.363,0.014,0.0,0.009,0.012,0.003,0.015,0.003,0.274,0.21,0.484,0.03,0.031,0.003,0.002,0.001,0.008,0.0,0.001,0.357,0.001,0.0,0.058,0.449,0.012,0.0,0.54,0.0,0.204,0.009,0.001,0.895,0.086,0.517,0.006,0.01,0.0,0.367,0.346,0.002,0.598,0.002,0.069,0.643,0.0,0.001,0.138,0.017,0.012,0.003,0.254,0.054,0.863,0.0,0.007,0.009,0.0,0.0,0.0,0.031,0.0,0.344,0.0,0.001,0.002,0.418,0.037,0.166,0.0,0.009,0.367,0.335,0.553,0.0,0.0,0.0,0.018,0.066,0.011,0.0,0.002,0.006,0.023,0.018,0.057,0.003,0.0,0.0,0.0,0.001,0.005,0.005,0.385,0.886,0.005,0.027,0.003,0.173,0.0,0.0,0.321,0.619,0.001,0.848,0.003,0.226,0.0,0.01,0.006,0.0,0.224,0.15,0.006,0.465,0.0,0.001,0.005,0.66,0.022,0.0
15,0.006,0.011,0.627,0.26,0.014,0.323,0.059,0.0,0.047,0.001,0.0,0.0,0.006,0.012,0.585,1.0,0.0,0.0,0.0,0.009,0.094,0.052,0.0,0.0,0.023,0.011,0.245,0.0,0.0,0.003,0.108,0.188,0.001,0.026,0.018,0.005,0.0,0.025,0.008,0.11,0.0,0.001,0.001,0.005,0.0,0.071,0.029,0.065,0.162,0.0,0.0,0.016,0.012,0.245,0.018,0.013,0.049,0.002,0.0,0.556,0.077,0.034,0.003,0.626,0.011,0.0,0.607,0.09,0.001,0.0,0.004,0.474,0.003,0.004,0.424,0.001,0.003,0.028,0.064,0.019,0.17,0.001,0.001,0.036,0.002,0.013,0.018,0.001,0.242,0.182,0.169,0.037,0.056,0.012,0.0,0.0,0.014,0.0,0.0,0.178,0.0,0.0,0.226,0.196,0.04,0.0,0.901,0.0,0.203,0.031,0.001,0.398,0.065,0.244,0.013,0.0,0.0,0.298,0.223,0.001,0.278,0.007,0.041,0.182,0.0,0.004,0.068,0.074,0.02,0.001,0.121,0.05,0.281,0.0,0.014,0.006,0.003,0.006,0.0,0.008,0.0,0.303,0.0,0.001,0.006,0.422,0.014,0.235,0.0,0.015,0.185,0.196,0.254,0.001,0.0,0.0,0.0,0.029,0.0,0.0,0.0,0.004,0.0,0.02,0.046,0.022,0.0,0.0,0.0,0.007,0.012,0.002,0.241,0.544,0.021,0.045,0.0,0.249,0.0,0.0,0.208,0.459,0.004,0.324,0.001,0.136,0.0,0.014,0.0,0.002,0.318,0.116,0.017,0.304,0.0,0.001,0.0,0.229,0.08,0.0
16,0.011,0.004,0.0,0.002,0.003,0.001,0.141,0.0,0.019,0.0,0.0,0.074,0.556,0.0,0.0,0.0,1.0,0.001,0.539,0.001,0.028,0.093,0.0,0.0,0.002,0.005,0.001,0.0,0.033,0.11,0.075,0.006,0.0,0.007,0.111,0.228,0.0,0.075,0.0,0.003,0.0,0.421,0.002,0.003,0.0,0.004,0.145,0.005,0.007,0.0,0.002,0.001,0.0,0.02,0.0,0.0,0.005,0.004,0.0,0.0,0.115,0.072,0.0,0.0,0.003,0.002,0.0,0.001,0.002,0.046,0.0,0.0,0.0,0.002,0.001,0.422,0.019,0.001,0.005,0.001,0.001,0.066,0.0,0.087,0.507,0.0,0.251,0.002,0.0,0.004,0.003,0.139,0.042,0.001,0.39,0.232,0.0,0.197,0.806,0.0,0.0,0.105,0.0,0.0,0.024,0.003,0.0,0.269,0.044,0.017,0.417,0.0,0.004,0.008,0.083,0.001,0.001,0.001,0.002,0.276,0.004,0.416,0.0,0.001,0.354,0.185,0.005,0.0,0.291,0.303,0.0,0.043,0.0,0.001,0.186,0.311,0.0,0.01,0.003,0.0,0.001,0.0,0.087,0.029,0.028,0.0,0.0,0.0,0.0,0.314,0.0,0.001,0.01,0.019,0.0,0.001,0.0,0.003,0.05,0.334,0.402,0.51,0.0,0.16,0.0,0.249,0.085,0.208,0.193,0.422,0.002,0.198,0.0,0.001,0.12,0.081,0.0,0.0,0.381,0.373,0.001,0.008,0.002,0.0,0.009,0.0,0.186,0.314,0.689,0.0,0.0,0.0,0.0,0.0,0.0,0.001,0.031,0.0,0.039,0.002
17,0.0,0.0,0.0,0.003,0.233,0.002,0.001,0.012,0.011,0.239,0.002,0.0,0.012,0.01,0.0,0.0,0.001,1.0,0.001,0.112,0.001,0.005,0.004,0.0,0.15,0.021,0.003,0.0,0.002,0.0,0.0,0.002,0.002,0.052,0.001,0.0,0.0,0.005,0.325,0.0,0.012,0.001,0.247,0.091,0.136,0.0,0.002,0.0,0.0,0.599,0.0,0.1,0.042,0.0,0.216,0.0,0.01,0.0,0.044,0.0,0.007,0.023,0.051,0.0,0.047,0.156,0.0,0.0,0.05,0.0,0.018,0.0,0.144,0.019,0.0,0.0,0.0,0.0,0.018,0.007,0.0,0.001,0.002,0.001,0.002,0.091,0.0,0.0,0.002,0.0,0.0,0.01,0.148,0.086,0.019,0.0,0.104,0.057,0.009,0.001,0.003,0.0,0.037,0.002,0.005,0.515,0.0,0.012,0.002,0.007,0.004,0.0,0.001,0.0,0.004,0.231,0.401,0.0,0.0,0.013,0.0,0.0,0.0,0.001,0.004,0.016,0.0,0.103,0.0,0.009,0.0,0.001,0.0,0.016,0.003,0.0,0.017,0.007,0.049,0.0,0.005,0.0,0.0,0.001,0.002,0.0,0.0,0.001,0.0,0.001,0.0,0.0,0.0,0.574,0.063,0.002,0.257,0.0,0.01,0.002,0.022,0.002,0.227,0.003,0.0,0.02,0.001,0.002,0.011,0.004,0.07,0.157,0.0,0.0,0.002,0.07,0.002,0.0,0.0,0.001,0.0,0.0,0.145,0.0,0.009,0.0,0.001,0.029,0.001,0.018,0.0,0.0,0.136,0.002,0.0,0.0,0.005,0.001,0.011,0.004
18,0.0,0.007,0.0,0.004,0.006,0.0,0.047,0.001,0.049,0.014,0.002,0.002,0.456,0.0,0.0,0.0,0.539,0.001,1.0,0.007,0.032,0.13,0.0,0.003,0.006,0.0,0.001,0.0,0.001,0.264,0.087,0.015,0.001,0.0,0.231,0.273,0.0,0.247,0.003,0.0,0.0,0.102,0.001,0.019,0.001,0.001,0.255,0.001,0.001,0.008,0.0,0.001,0.004,0.003,0.013,0.0,0.0,0.0,0.0,0.0,0.124,0.066,0.0,0.0,0.002,0.006,0.0,0.017,0.001,0.049,0.0,0.0,0.0,0.0,0.0,0.112,0.008,0.014,0.0,0.017,0.0,0.025,0.0,0.151,0.361,0.018,0.32,0.002,0.002,0.0,0.007,0.089,0.035,0.009,0.077,0.035,0.007,0.067,0.364,0.0,0.0,0.003,0.0,0.001,0.051,0.004,0.0,0.041,0.007,0.058,0.091,0.0,0.002,0.012,0.019,0.003,0.003,0.0,0.0,0.026,0.003,0.123,0.0,0.01,0.075,0.071,0.0,0.005,0.414,0.034,0.005,0.015,0.0,0.0,0.11,0.248,0.0,0.001,0.0,0.004,0.001,0.0,0.002,0.005,0.001,0.0,0.0,0.0,0.0,0.064,0.001,0.0,0.007,0.002,0.0,0.0,0.0,0.001,0.014,0.035,0.074,0.352,0.001,0.063,0.0,0.183,0.001,0.008,0.03,0.162,0.003,0.082,0.0,0.001,0.178,0.053,0.0,0.001,0.383,0.382,0.0,0.005,0.001,0.0,0.0,0.0,0.027,0.106,0.373,0.0,0.0,0.0,0.0,0.0,0.0,0.005,0.014,0.001,0.029,0.061
19,0.004,0.003,0.045,0.021,0.584,0.011,0.0,0.159,0.018,0.272,0.003,0.0,0.01,0.003,0.009,0.009,0.001,0.112,0.007,1.0,0.0,0.008,0.004,0.0,0.437,0.012,0.028,0.006,0.0,0.003,0.001,0.0,0.065,0.161,0.0,0.002,0.014,0.004,0.478,0.011,0.002,0.0,0.262,0.204,0.431,0.013,0.002,0.011,0.012,0.161,0.001,0.644,0.303,0.031,0.424,0.004,0.005,0.0,0.0,0.008,0.004,0.017,0.322,0.002,0.198,0.22,0.011,0.005,0.153,0.001,0.193,0.014,0.228,0.222,0.027,0.001,0.001,0.002,0.007,0.021,0.018,0.002,0.006,0.002,0.003,0.184,0.005,0.0,0.011,0.008,0.003,0.003,0.034,0.24,0.0,0.0,0.269,0.001,0.0,0.005,0.005,0.0,0.0,0.026,0.008,0.083,0.019,0.0,0.011,0.015,0.001,0.007,0.026,0.0,0.0,0.525,0.346,0.031,0.012,0.0,0.004,0.0,0.013,0.002,0.0,0.0,0.017,0.014,0.002,0.0,0.001,0.012,0.0,0.006,0.001,0.005,0.011,0.018,0.01,0.006,0.006,0.03,0.0,0.0,0.0,0.04,0.0,0.005,0.017,0.0,0.012,0.013,0.003,0.077,0.073,0.002,0.248,0.005,0.0,0.0,0.0,0.001,0.221,0.001,0.006,0.005,0.001,0.0,0.001,0.0,0.313,0.017,0.016,0.006,0.005,0.011,0.006,0.034,0.005,0.004,0.025,0.004,0.262,0.003,0.004,0.015,0.0,0.016,0.004,0.147,0.04,0.027,0.496,0.01,0.0,0.0,0.001,0.005,0.0,0.011
20,0.017,0.05,0.045,0.412,0.001,0.099,0.063,0.0,0.017,0.001,0.0,0.008,0.04,0.0,0.342,0.094,0.028,0.001,0.032,0.0,1.0,0.082,0.0,0.034,0.001,0.0,0.134,0.0,0.011,0.022,0.165,0.756,0.001,0.017,0.032,0.02,0.0,0.018,0.0,0.001,0.0,0.017,0.0,0.0,0.001,0.002,0.042,0.002,0.021,0.0,0.0,0.0,0.0,0.008,0.0,0.007,0.014,0.01,0.0,0.14,0.062,0.027,0.001,0.284,0.001,0.0,0.283,0.308,0.0,0.005,0.0,0.257,0.0,0.0,0.022,0.024,0.008,0.043,0.02,0.011,0.036,0.001,0.0,0.023,0.05,0.001,0.072,0.033,0.053,0.008,0.643,0.07,0.034,0.0,0.023,0.022,0.0,0.012,0.038,0.039,0.001,0.007,0.005,0.135,0.049,0.0,0.138,0.006,0.014,0.011,0.006,0.379,0.006,0.679,0.005,0.0,0.0,0.045,0.135,0.009,0.687,0.031,0.001,0.735,0.019,0.008,0.002,0.008,0.05,0.014,0.247,0.0,0.299,0.0,0.015,0.027,0.0,0.0,0.0,0.0,0.0,0.055,0.0,0.0,0.0,0.057,0.003,0.024,0.0,0.036,0.038,0.132,0.832,0.008,0.0,0.0,0.0,0.001,0.0,0.012,0.027,0.028,0.001,0.013,0.0,0.017,0.003,0.006,0.004,0.036,0.0,0.012,0.039,0.498,0.013,0.028,0.001,0.006,0.016,0.015,0.044,0.343,0.0,0.424,0.0,0.019,0.004,0.032,0.043,0.001,0.021,0.014,0.0,0.055,0.004,0.028,0.005,0.18,0.008,0.01
21,0.004,0.501,0.0,0.02,0.078,0.032,0.251,0.007,0.826,0.042,0.001,0.005,0.356,0.006,0.016,0.052,0.093,0.005,0.13,0.008,0.082,1.0,0.0,0.0,0.047,0.225,0.015,0.002,0.003,0.794,0.49,0.198,0.0,0.036,0.297,0.642,0.014,0.755,0.017,0.0,0.005,0.067,0.014,0.125,0.101,0.0,0.815,0.0,0.0,0.008,0.007,0.004,0.035,0.003,0.067,0.001,0.282,0.001,0.001,0.041,0.8,0.853,0.006,0.066,0.089,0.036,0.037,0.11,0.0,0.011,0.002,0.004,0.019,0.0,0.009,0.056,0.0,0.03,0.312,0.666,0.0,0.006,0.0,0.86,0.354,0.082,0.822,0.0,0.008,0.0,0.091,0.69,0.524,0.057,0.08,0.028,0.076,0.037,0.09,0.0,0.006,0.006,0.073,0.004,0.871,0.0,0.027,0.046,0.0,0.803,0.076,0.033,0.0,0.178,0.054,0.058,0.026,0.001,0.033,0.046,0.094,0.115,0.0,0.053,0.009,0.102,0.0,0.444,0.639,0.044,0.08,0.001,0.01,0.001,0.276,0.602,0.0,0.24,0.0,0.0,0.001,0.004,0.001,0.007,0.004,0.004,0.0,0.07,0.0,0.174,0.0,0.031,0.116,0.008,0.0,0.001,0.061,0.0,0.023,0.038,0.081,0.374,0.051,0.147,0.0,0.591,0.002,0.004,0.008,0.139,0.074,0.147,0.0,0.091,0.792,0.429,0.031,0.0,0.565,0.548,0.0,0.046,0.075,0.033,0.04,0.001,0.009,0.198,0.116,0.004,0.005,0.001,0.019,0.008,0.0,0.0,0.002,0.009,0.463,0.47
22,0.0,0.0,0.0,0.0,0.002,0.0,0.002,0.008,0.0,0.0,0.001,0.102,0.001,0.0,0.0,0.0,0.0,0.004,0.0,0.004,0.0,0.0,1.0,0.0,0.006,0.0,0.0,0.0,0.019,0.0,0.0,0.0,0.0,0.001,0.0,0.0,0.002,0.0,0.0,0.0,0.001,0.017,0.0,0.009,0.003,0.0,0.0,0.0,0.0,0.034,0.0,0.003,0.001,0.0,0.004,0.0,0.0,0.0,0.0,0.0,0.001,0.001,0.0,0.0,0.005,0.0,0.0,0.0,0.003,0.002,0.008,0.0,0.0,0.0,0.0,0.008,0.0,0.0,0.0,0.0,0.0,0.0,0.001,0.0,0.0,0.011,0.0,0.001,0.0,0.0,0.0,0.001,0.006,0.02,0.0,0.033,0.008,0.07,0.0,0.0,0.0,0.089,0.0,0.0,0.0,0.003,0.0,0.001,0.0,0.0,0.025,0.0,0.0,0.0,0.021,0.004,0.0,0.0,0.0,0.002,0.0,0.002,0.0,0.0,0.063,0.008,0.0,0.0,0.0,0.004,0.0,0.0,0.0,0.001,0.0,0.0,0.001,0.0,0.0,0.0,0.0,0.0,0.069,0.017,0.021,0.0,0.0,0.0,0.697,0.002,0.0,0.0,0.0,0.014,0.001,0.0,0.0,0.0,0.0,0.003,0.0,0.0,0.002,0.007,0.0,0.001,0.128,0.001,0.09,0.0,0.004,0.025,0.0,0.0,0.0,0.009,0.0,0.0,0.0,0.0,0.0,0.0,0.011,0.0,0.0,0.0,0.021,0.005,0.013,0.0,0.0,0.0,0.008,0.0,0.0,0.001,0.0,0.0,0.0,0.0
23,0.706,0.008,0.026,0.002,0.0,0.196,0.05,0.002,0.001,0.002,0.0,0.021,0.001,0.0,0.001,0.0,0.0,0.0,0.003,0.0,0.034,0.0,0.0,1.0,0.0,0.0,0.095,0.0,0.059,0.001,0.02,0.0,0.0,0.0,0.013,0.007,0.0,0.004,0.0,0.116,0.0,0.015,0.0,0.0,0.0,0.43,0.01,0.434,0.337,0.0,0.0,0.0,0.0,0.126,0.0,0.624,0.002,0.693,0.0,0.087,0.004,0.0,0.001,0.015,0.002,0.004,0.016,0.198,0.0,0.637,0.003,0.0,0.02,0.0,0.068,0.009,0.633,0.475,0.0,0.0,0.253,0.642,0.0,0.006,0.0,0.0,0.0,0.917,0.215,0.276,0.034,0.0,0.003,0.0,0.015,0.034,0.003,0.003,0.006,0.06,0.001,0.047,0.001,0.154,0.0,0.0,0.003,0.011,0.242,0.0,0.006,0.028,0.186,0.072,0.01,0.0,0.0,0.159,0.225,0.02,0.002,0.003,0.307,0.0,0.019,0.0,0.416,0.0,0.017,0.018,0.205,0.432,0.007,0.0,0.005,0.011,0.001,0.005,0.0,0.504,0.0,0.154,0.0,0.005,0.004,0.116,0.586,0.157,0.0,0.037,0.208,0.227,0.0,0.002,0.0,0.001,0.007,0.587,0.529,0.013,0.017,0.003,0.002,0.005,0.604,0.0,0.019,0.006,0.039,0.0,0.006,0.001,0.209,0.001,0.006,0.002,0.002,0.067,0.005,0.002,0.202,0.016,0.0,0.02,0.021,0.295,0.015,0.016,0.004,0.0,0.06,0.268,0.001,0.0,0.285,0.93,0.616,0.173,0.002,0.0
24,0.0,0.052,0.042,0.004,0.879,0.0,0.01,0.155,0.075,0.278,0.014,0.0,0.013,0.002,0.003,0.023,0.002,0.15,0.006,0.437,0.001,0.047,0.006,0.0,1.0,0.064,0.002,0.004,0.0,0.047,0.007,0.001,0.043,0.012,0.001,0.02,0.02,0.033,0.729,0.002,0.0,0.0,0.513,0.571,0.436,0.002,0.033,0.003,0.001,0.189,0.0,0.265,0.605,0.049,0.796,0.0,0.057,0.002,0.001,0.001,0.048,0.079,0.06,0.005,0.53,0.267,0.004,0.003,0.168,0.001,0.081,0.01,0.056,0.103,0.01,0.001,0.0,0.004,0.068,0.081,0.005,0.001,0.004,0.033,0.013,0.574,0.033,0.0,0.0,0.006,0.003,0.036,0.086,0.783,0.0,0.001,0.621,0.0,0.0,0.002,0.005,0.0,0.0,0.003,0.073,0.06,0.02,0.0,0.018,0.067,0.004,0.0,0.017,0.0,0.0,0.466,0.612,0.006,0.001,0.0,0.001,0.002,0.0,0.0,0.0,0.0,0.002,0.079,0.022,0.0,0.005,0.013,0.002,0.0,0.002,0.022,0.009,0.064,0.0,0.0,0.014,0.002,0.0,0.0,0.0,0.017,0.0,0.0,0.016,0.001,0.0,0.003,0.0,0.124,0.06,0.002,0.128,0.0,0.0,0.001,0.0,0.007,0.129,0.004,0.001,0.031,0.0,0.0,0.003,0.001,0.61,0.037,0.002,0.001,0.031,0.055,0.001,0.006,0.038,0.034,0.002,0.001,0.764,0.001,0.005,0.0,0.0,0.035,0.008,0.073,0.013,0.0,0.881,0.0,0.0,0.0,0.0,0.001,0.016,0.084
25,0.01,0.352,0.001,0.0,0.073,0.043,0.008,0.082,0.536,0.067,0.0,0.0,0.001,0.05,0.0,0.011,0.005,0.021,0.0,0.012,0.0,0.225,0.0,0.0,0.064,1.0,0.0,0.011,0.0,0.212,0.015,0.016,0.0,0.021,0.0,0.078,0.007,0.237,0.037,0.01,0.0,0.001,0.015,0.068,0.171,0.0,0.168,0.0,0.003,0.031,0.0,0.02,0.051,0.025,0.08,0.003,0.741,0.0,0.001,0.026,0.199,0.295,0.019,0.008,0.131,0.054,0.007,0.026,0.0,0.0,0.004,0.001,0.101,0.0,0.032,0.0,0.0,0.001,0.702,0.514,0.0,0.002,0.0,0.2,0.0,0.083,0.112,0.0,0.055,0.007,0.013,0.07,0.154,0.064,0.002,0.001,0.113,0.0,0.008,0.0,0.011,0.0,0.182,0.0,0.432,0.002,0.003,0.002,0.013,0.493,0.001,0.003,0.011,0.003,0.002,0.058,0.029,0.0,0.02,0.005,0.01,0.0,0.002,0.0,0.001,0.001,0.0,0.561,0.022,0.002,0.025,0.006,0.001,0.0,0.0,0.03,0.004,0.77,0.0,0.0,0.002,0.002,0.0,0.0,0.0,0.0,0.003,0.144,0.0,0.0,0.0,0.029,0.005,0.014,0.0,0.0,0.131,0.008,0.003,0.0,0.005,0.0,0.118,0.006,0.002,0.052,0.001,0.001,0.002,0.0,0.134,0.001,0.007,0.004,0.178,0.081,0.002,0.001,0.05,0.062,0.004,0.018,0.061,0.004,0.005,0.006,0.0,0.0,0.006,0.05,0.001,0.011,0.054,0.0,0.0,0.0,0.0,0.0,0.141,0.291
26,0.165,0.006,0.336,0.384,0.005,0.525,0.015,0.007,0.001,0.02,0.0,0.002,0.012,0.005,0.525,0.245,0.001,0.003,0.001,0.028,0.134,0.015,0.0,0.095,0.002,0.0,1.0,0.0,0.0,0.0,0.028,0.263,0.002,0.152,0.022,0.007,0.0,0.0,0.004,0.238,0.001,0.0,0.0,0.002,0.025,0.337,0.003,0.342,0.473,0.003,0.0,0.031,0.0,0.358,0.013,0.196,0.005,0.148,0.0,0.391,0.019,0.007,0.037,0.565,0.001,0.005,0.514,0.297,0.001,0.068,0.008,0.433,0.153,0.0,0.291,0.0,0.136,0.158,0.006,0.002,0.602,0.113,0.001,0.007,0.018,0.001,0.003,0.071,0.398,0.376,0.461,0.024,0.008,0.0,0.0,0.0,0.001,0.0,0.003,0.451,0.001,0.001,0.0,0.906,0.004,0.001,0.23,0.0,0.253,0.002,0.0,0.615,0.251,0.164,0.001,0.015,0.001,0.422,0.498,0.0,0.441,0.003,0.369,0.362,0.001,0.0,0.342,0.01,0.013,0.0,0.344,0.163,0.496,0.0,0.02,0.02,0.0,0.013,0.001,0.175,0.0,0.457,0.002,0.0,0.0,0.416,0.223,0.308,0.0,0.002,0.698,0.474,0.34,0.002,0.0,0.0,0.117,0.334,0.088,0.0,0.001,0.009,0.106,0.008,0.331,0.017,0.0,0.002,0.0,0.004,0.021,0.0,0.636,0.34,0.006,0.025,0.002,0.297,0.003,0.001,0.493,0.351,0.0,0.568,0.01,0.436,0.0,0.006,0.005,0.003,0.379,0.343,0.002,0.508,0.01,0.077,0.091,0.716,0.019,0.001
27,0.0,0.002,0.0,0.0,0.007,0.0,0.0,0.034,0.002,0.006,0.161,0.001,0.001,0.0,0.0,0.0,0.0,0.0,0.0,0.006,0.0,0.002,0.0,0.0,0.004,0.011,0.0,1.0,0.0,0.0,0.0,0.001,0.001,0.0,0.0,0.003,0.086,0.0,0.008,0.0,0.014,0.0,0.025,0.004,0.011,0.0,0.0,0.0,0.0,0.0,0.022,0.003,0.012,0.0,0.001,0.0,0.005,0.0,0.025,0.0,0.003,0.006,0.002,0.0,0.0,0.008,0.0,0.0,0.0,0.0,0.011,0.0,0.008,0.0,0.0,0.003,0.0,0.001,0.006,0.001,0.0,0.0,0.002,0.002,0.001,0.0,0.0,0.0,0.0,0.0,0.0,0.001,0.004,0.0,0.003,0.001,0.0,0.016,0.0,0.0,0.004,0.0,0.0,0.0,0.001,0.0,0.0,0.001,0.0,0.006,0.015,0.0,0.0,0.0,0.024,0.006,0.017,0.0,0.0,0.001,0.0,0.005,0.0,0.0,0.001,0.037,0.0,0.011,0.001,0.0,0.001,0.0,0.0,0.01,0.0,0.001,0.005,0.003,0.028,0.0,0.191,0.0,0.0,0.007,0.004,0.0,0.0,0.0,0.0,0.0,0.0,0.0,0.0,0.013,0.002,0.017,0.006,0.0,0.0,0.003,0.003,0.0,0.003,0.001,0.0,0.0,0.0,0.0,0.003,0.005,0.0,0.01,0.0,0.0,0.004,0.0,0.005,0.0,0.0,0.0,0.0,0.0,0.005,0.0,0.003,0.0,0.0,0.0,0.002,0.003,0.0,0.0,0.001,0.0,0.0,0.0,0.0,0.0,0.009,0.0
28,0.057,0.003,0.0,0.004,0.0,0.0,0.113,0.0,0.0,0.0,0.0,0.524,0.002,0.0,0.0,0.0,0.033,0.002,0.001,0.0,0.011,0.003,0.019,0.059,0.0,0.0,0.0,0.0,1.0,0.0,0.059,0.003,0.001,0.0,0.0,0.0,0.0,0.0,0.0,0.0,0.0,0.203,0.0,0.0,0.0,0.0,0.0,0.002,0.001,0.0,0.0,0.0,0.0,0.001,0.0,0.005,0.001,0.0,0.0,0.002,0.009,0.002,0.0,0.0,0.0,0.006,0.001,0.013,0.001,0.028,0.001,0.001,0.001,0.0,0.0,0.194,0.0,0.061,0.002,0.0,0.0,0.001,0.0,0.0,0.016,0.002,0.001,0.097,0.002,0.001,0.001,0.015,0.002,0.0,0.102,0.506,0.001,0.132,0.054,0.001,0.0,0.73,0.002,0.001,0.001,0.0,0.001,0.113,0.0,0.0,0.117,0.0,0.0,0.022,0.025,0.0,0.0,0.0,0.006,0.185,0.0,0.048,0.0,0.004,0.316,0.004,0.0,0.001,0.0,0.195,0.005,0.0,0.0,0.001,0.004,0.001,0.0,0.0,0.0,0.01,0.0,0.0,0.595,0.047,0.045,0.0,0.0,0.0,0.005,0.124,0.0,0.007,0.001,0.0,0.0,0.0,0.0,0.017,0.009,0.169,0.112,0.004,0.0,0.046,0.002,0.005,0.504,0.326,0.352,0.044,0.0,0.023,0.0,0.001,0.0,0.012,0.001,0.0,0.005,0.002,0.0,0.004,0.0,0.0,0.0,0.001,0.15,0.081,0.067,0.0,0.0,0.003,0.0,0.0,0.002,0.112,0.0,0.0,0.0,0.0
29,0.0,0.539,0.0,0.002,0.038,0.002,0.115,0.011,0.712,0.022,0.0,0.0,0.273,0.013,0.001,0.003,0.11,0.0,0.264,0.003,0.022,0.794,0.0,0.001,0.047,0.212,0.0,0.0,0.0,1.0,0.242,0.068,0.0,0.007,0.194,0.612,0.008,0.917,0.003,0.0,0.0,0.033,0.005,0.171,0.07,0.0,0.846,0.0,0.0,0.003,0.001,0.001,0.054,0.01,0.071,0.0,0.211,0.002,0.001,0.006,0.555,0.642,0.001,0.001,0.15,0.03,0.007,0.067,0.004,0.022,0.0,0.0,0.011,0.0,0.004,0.042,0.0,0.029,0.225,0.633,0.001,0.009,0.0,0.68,0.239,0.138,0.864,0.004,0.002,0.0,0.023,0.401,0.263,0.08,0.045,0.013,0.12,0.017,0.065,0.0,0.0,0.0,0.028,0.0,0.728,0.002,0.0,0.011,0.003,0.738,0.052,0.002,0.0,0.03,0.021,0.022,0.018,0.0,0.006,0.012,0.011,0.081,0.0,0.011,0.001,0.081,0.0,0.257,0.582,0.018,0.044,0.0,0.0,0.002,0.144,0.468,0.0,0.233,0.001,0.0,0.0,0.0,0.0,0.0,0.001,0.0,0.0,0.039,0.0,0.083,0.0,0.009,0.022,0.01,0.0,0.0,0.014,0.0,0.01,0.019,0.045,0.37,0.019,0.054,0.0,0.386,0.001,0.005,0.0,0.091,0.1,0.076,0.0,0.011,0.692,0.183,0.007,0.0,0.712,0.684,0.0,0.004,0.081,0.0,0.02,0.0,0.002,0.114,0.075,0.0,0.0,0.0,0.012,0.0,0.0,0.001,0.008,0.0,0.184,0.757
30,0.044,0.076,0.002,0.135,0.003,0.008,0.686,0.0,0.229,0.003,0.0,0.059,0.399,0.0,0.097,0.108,0.075,0.0,0.087,0.001,0.165,0.49,0.0,0.02,0.007,0.015,0.028,0.0,0.059,0.242,1.0,0.223,0.0,0.069,0.556,0.355,0.002,0.292,0.0,0.014,0.0,0.182,0.001,0.008,0.017,0.008,0.433,0.002,0.006,0.0,0.0,0.0,0.002,0.0,0.008,0.004,0.027,0.003,0.001,0.027,0.659,0.483,0.0,0.128,0.003,0.001,0.104,0.053,0.0,0.001,0.005,0.041,0.0,0.003,0.001,0.183,0.028,0.006,0.029,0.119,0.0,0.003,0.0,0.543,0.507,0.006,0.432,0.019,0.001,0.008,0.103,0.795,0.422,0.004,0.278,0.125,0.003,0.127,0.201,0.001,0.001,0.06,0.015,0.019,0.28,0.0,0.057,0.18,0.001,0.258,0.116,0.093,0.0,0.393,0.243,0.011,0.001,0.0,0.005,0.177,0.135,0.277,0.001,0.137,0.042,0.175,0.012,0.139,0.496,0.196,0.02,0.009,0.05,0.0,0.588,0.553,0.0,0.013,0.001,0.0,0.0,0.0,0.013,0.095,0.079,0.001,0.034,0.01,0.0,0.526,0.0,0.005,0.162,0.017,0.001,0.0,0.011,0.01,0.01,0.143,0.243,0.447,0.009,0.539,0.007,0.658,0.013,0.044,0.087,0.395,0.002,0.242,0.0,0.168,0.429,0.557,0.009,0.0,0.194,0.212,0.001,0.136,0.008,0.1,0.009,0.005,0.059,0.416,0.247,0.001,0.003,0.001,0.001,0.04,0.0,0.012,0.01,0.024,0.462,0.071
31,0.014,0.158,0.081,0.436,0.002,0.341,0.076,0.0,0.079,0.0,0.0,0.001,0.046,0.001,0.49,0.188,0.006,0.002,0.015,0.0,0.756,0.198,0.0,0.0,0.001,0.016,0.263,0.001,0.003,0.068,0.223,1.0,0.0,0.027,0.074,0.042,0.002,0.083,0.0,0.007,0.0,0.006,0.0,0.003,0.006,0.061,0.11,0.06,0.112,0.0,0.0,0.0,0.002,0.031,0.0,0.015,0.088,0.007,0.0,0.364,0.092,0.082,0.0,0.521,0.003,0.0,0.525,0.567,0.0,0.012,0.003,0.291,0.002,0.0,0.087,0.02,0.006,0.19,0.084,0.102,0.108,0.005,0.0,0.086,0.059,0.002,0.136,0.002,0.149,0.058,0.831,0.12,0.102,0.003,0.016,0.007,0.005,0.004,0.017,0.082,0.0,0.001,0.029,0.252,0.165,0.005,0.182,0.004,0.058,0.095,0.008,0.62,0.036,0.745,0.007,0.001,0.0,0.128,0.366,0.006,0.791,0.035,0.028,0.809,0.0,0.019,0.069,0.053,0.094,0.007,0.525,0.024,0.436,0.0,0.043,0.065,0.0,0.014,0.0,0.044,0.0,0.136,0.001,0.0,0.0,0.151,0.015,0.175,0.0,0.042,0.119,0.378,0.85,0.01,0.0,0.0,0.0,0.059,0.022,0.008,0.021,0.048,0.0,0.033,0.029,0.061,0.001,0.001,0.0,0.029,0.0,0.02,0.123,0.695,0.052,0.065,0.003,0.04,0.032,0.019,0.125,0.363,0.002,0.6,0.001,0.116,0.0,0.038,0.021,0.0,0.061,0.1,0.0,0.109,0.0,0.001,0.002,0.341,0.031,0.044
32,0.003,0.0,0.003,0.004,0.026,0.002,0.0,0.261,0.0,0.035,0.007,0.0,0.0,0.21,0.0,0.001,0.0,0.002,0.001,0.065,0.001,0.0,0.0,0.0,0.043,0.0,0.002,0.001,0.001,0.0,0.0,0.0,1.0,0.173,0.0,0.0,0.007,0.0,0.03,0.0,0.007,0.0,0.011,0.021,0.036,0.001,0.0,0.004,0.0,0.005,0.166,0.048,0.03,0.005,0.065,0.003,0.002,0.004,0.154,0.0,0.0,0.001,0.072,0.0,0.04,0.015,0.001,0.002,0.0,0.001,0.368,0.003,0.044,0.0,0.0,0.0,0.001,0.002,0.004,0.002,0.003,0.003,0.235,0.001,0.0,0.029,0.0,0.001,0.0,0.0,0.0,0.0,0.0,0.026,0.0,0.0,0.034,0.0,0.0,0.0,0.249,0.0,0.002,0.004,0.0,0.003,0.001,0.0,0.001,0.001,0.0,0.0,0.02,0.0,0.0,0.029,0.017,0.003,0.002,0.0,0.001,0.0,0.003,0.0,0.0,0.0,0.003,0.002,0.001,0.0,0.0,0.006,0.001,0.0,0.001,0.001,0.161,0.006,0.0,0.006,0.021,0.0,0.0,0.0,0.0,0.006,0.0,0.0,0.0,0.0,0.001,0.001,0.0,0.002,0.0,0.0,0.03,0.003,0.0,0.0,0.0,0.002,0.039,0.0,0.002,0.0,0.005,0.0,0.0,0.0,0.114,0.0,0.0,0.0,0.0,0.0,0.1,0.003,0.0,0.0,0.002,0.0,0.028,0.003,0.057,0.0,0.0,0.0,0.0,0.221,0.005,0.003,0.054,0.0,0.0,0.0,0.0,0.0,0.0,0.0
33,0.003,0.0,0.027,0.067,0.018,0.016,0.054,0.225,0.001,0.166,0.007,0.0,0.024,0.358,0.043,0.026,0.007,0.052,0.0,0.161,0.017,0.036,0.001,0.0,0.012,0.021,0.152,0.0,0.0,0.007,0.069,0.027,0.173,1.0,0.042,0.039,0.032,0.005,0.039,0.015,0.003,0.001,0.008,0.016,0.093,0.024,0.022,0.025,0.029,0.059,0.03,0.147,0.01,0.028,0.065,0.015,0.007,0.008,0.002,0.01,0.056,0.025,0.202,0.038,0.039,0.089,0.035,0.053,0.0,0.014,0.288,0.024,0.383,0.044,0.011,0.002,0.001,0.02,0.012,0.003,0.042,0.016,0.029,0.039,0.046,0.013,0.025,0.001,0.004,0.021,0.029,0.073,0.02,0.007,0.006,0.0,0.056,0.0,0.011,0.019,0.107,0.0,0.031,0.102,0.006,0.092,0.011,0.005,0.024,0.0,0.0,0.037,0.056,0.033,0.007,0.055,0.024,0.027,0.023,0.008,0.037,0.003,0.042,0.02,0.0,0.0,0.025,0.0,0.021,0.006,0.014,0.024,0.022,0.0,0.071,0.045,0.032,0.062,0.0,0.026,0.001,0.048,0.0,0.001,0.002,0.046,0.0,0.006,0.001,0.035,0.055,0.027,0.042,0.044,0.0,0.001,0.25,0.021,0.012,0.002,0.015,0.057,0.257,0.018,0.013,0.053,0.0,0.001,0.0,0.016,0.121,0.003,0.045,0.024,0.032,0.039,0.098,0.038,0.024,0.022,0.042,0.048,0.008,0.033,0.102,0.017,0.0,0.046,0.003,0.363,0.062,0.029,0.038,0.045,0.001,0.0,0.002,0.05,0.059,0.0
34,0.0,0.006,0.0,0.013,0.003,0.002,0.243,0.003,0.12,0.0,0.0,0.009,0.606,0.001,0.012,0.018,0.111,0.001,0.231,0.0,0.032,0.297,0.0,0.013,0.001,0.0,0.022,0.0,0.0,0.194,0.556,0.074,0.0,0.042,1.0,0.612,0.002,0.272,0.001,0.002,0.001,0.156,0.0,0.001,0.005,0.0,0.414,0.001,0.0,0.001,0.0,0.0,0.001,0.007,0.001,0.009,0.004,0.028,0.001,0.0,0.386,0.226,0.0,0.011,0.0,0.001,0.018,0.04,0.0,0.027,0.012,0.003,0.0,0.0,0.0,0.156,0.014,0.019,0.005,0.028,0.003,0.025,0.0,0.457,0.65,0.0,0.346,0.029,0.003,0.0,0.023,0.437,0.13,0.001,0.179,0.065,0.0,0.099,0.276,0.0,0.0,0.007,0.015,0.025,0.102,0.008,0.002,0.127,0.0,0.116,0.077,0.026,0.003,0.097,0.084,0.002,0.001,0.0,0.0,0.103,0.016,0.228,0.005,0.027,0.02,0.118,0.0,0.016,0.717,0.078,0.007,0.001,0.003,0.0,0.733,0.669,0.0,0.006,0.0,0.011,0.0,0.0,0.002,0.021,0.016,0.003,0.0,0.002,0.0,0.259,0.008,0.0,0.041,0.042,0.0,0.0,0.0,0.003,0.121,0.059,0.185,0.602,0.0,0.343,0.002,0.532,0.0,0.013,0.042,0.337,0.001,0.153,0.0,0.04,0.458,0.264,0.006,0.0,0.282,0.268,0.002,0.012,0.001,0.018,0.009,0.003,0.041,0.273,0.325,0.0,0.001,0.0,0.0,0.007,0.0,0.033,0.031,0.025,0.301,0.022
35,0.0,0.142,0.0,0.004,0.014,0.0,0.223,0.0,0.465,0.003,0.002,0.002,0.645,0.004,0.005,0.005,0.228,0.0,0.273,0.002,0.02,0.642,0.0,0.007,0.02,0.078,0.007,0.003,0.0,0.612,0.355,0.042,0.0,0.039,0.612,1.0,0.004,0.68,0.0,0.0,0.0,0.096,0.006,0.041,0.022,0.0,0.717,0.0,0.0,0.004,0.003,0.0,0.013,0.0,0.017,0.001,0.023,0.012,0.0,0.001,0.669,0.598,0.0,0.005,0.019,0.006,0.004,0.027,0.005,0.051,0.002,0.0,0.005,0.0,0.001,0.091,0.007,0.016,0.043,0.255,0.0,0.015,0.0,0.826,0.6,0.031,0.679,0.017,0.0,0.0,0.021,0.61,0.296,0.017,0.128,0.044,0.014,0.065,0.206,0.0,0.0,0.002,0.007,0.002,0.388,0.0,0.002,0.071,0.002,0.454,0.103,0.008,0.002,0.042,0.072,0.01,0.003,0.0,0.003,0.068,0.006,0.169,0.0,0.009,0.031,0.125,0.001,0.149,0.871,0.075,0.01,0.004,0.0,0.0,0.547,0.793,0.0,0.039,0.0,0.002,0.001,0.0,0.002,0.012,0.013,0.0,0.0,0.015,0.0,0.235,0.0,0.002,0.014,0.03,0.0,0.0,0.01,0.001,0.055,0.052,0.096,0.692,0.014,0.234,0.002,0.709,0.0,0.009,0.007,0.239,0.01,0.166,0.0,0.003,0.921,0.364,0.012,0.0,0.75,0.754,0.0,0.005,0.029,0.006,0.036,0.0,0.007,0.259,0.221,0.0,0.003,0.0,0.002,0.0,0.0,0.014,0.023,0.002,0.467,0.233
