,0,1,2,3,4,5,6,7,8,9,10,11,12,13,14,15,16,17,18,19,20,21,22,23,24,25,26,27,28,29,30,31,32,33,34,35,36,37,38,39,40,41,42,43,44,45,46,47,48,49,50,51,52,53,54,55,56,57,58,59,60,61,62,63,64,65,66,67,68,69,70,71,72,73,74,75,76,77,78,79,80,81,82,83,84,85,86,87,88,89
0,1.0,0.012,0.091,0.12,0.359,0.374,0.162,0.01,0.083,0.019,0.059,0.373,0.064,0.452,0.069,0.006,0.015,0.024,0.379,0.017,0.044,1.0,0.172,0.001,0.408,0.004,0.052,0.048,0.306,0.314,0.064,0.04,0.191,0.001,0.018,0.028,0.197,0.008,0.172,0.362,0.424,0.078,0.152,0.006,0.522,0.182,0.019,0.087,0.021,0.283,0.207,0.164,0.03,0.221,0.027,0.089,0.019,0.315,0.042,0.011,0.024,0.007,0.205,0.325,0.008,0.061,0.476,0.395,0.125,0.199,0.081,0.072,0.555,0.004,0.183,0.132,0.386,0.305,0.487,0.091,0.301,0.081,0.091,0.166,0.003,0.091,0.096,0.392,0.003,0.004
1,0.012,1.0,0.015,0.001,0.012,0.014,0.011,0.008,0.04,0.256,0.0,0.015,0.242,0.011,0.0,0.001,0.001,0.354,0.014,0.453,0.226,0.005,0.017,0.065,0.021,0.511,0.007,0.545,0.046,0.02,0.04,0.575,0.006,0.448,0.229,0.379,0.002,0.33,0.024,0.014,0.02,0.029,0.008,0.498,0.005,0.037,0.303,0.016,0.002,0.001,0.071,0.008,0.164,0.006,0.237,0.012,0.26,0.011,0.023,0.579,0.283,0.454,0.005,0.019,0.404,0.162,0.004,0.002,0.008,0.076,0.002,0.002,0.016,0.502,0.04,0.006,0.021,0.004,0.004,0.189,0.002,0.005,0.001,0.029,0.211,0.031,0.0,0.009,0.002,0.067
2,0.091,0.015,1.0,0.481,0.066,0.115,0.108,0.662,0.328,0.013,0.009,0.263,0.067,0.412,0.037,0.4,0.015,0.058,0.127,0.048,0.078,0.084,0.783,0.007,0.263,0.009,0.143,0.032,0.268,0.281,0.037,0.03,0.087,0.007,0.017,0.035,0.081,0.01,0.787,0.074,0.078,0.265,0.01,0.006,0.05,0.689,0.011,0.088,0.312,0.14,0.042,0.104,0.022,0.364,0.021,0.464,0.014,0.6,0.571,0.019,0.021,0.035,0.092,0.274,0.012,0.024,0.081,0.184,0.658,0.044,0.376,0.049,0.066,0.018,0.708,0.702,0.264,0.461,0.077,0.034,0.038,0.781,0.125,0.041,0.001,0.715,0.003,0.056,0.357,0.011
3,0.12,0.001,0.481,1.0,0.047,0.044,0.032,0.428,0.352,0.0,0.003,0.293,0.025,0.217,0.042,0.254,0.001,0.006,0.053,0.009,0.017,0.111,0.542,0.003,0.282,0.0,0.394,0.008,0.223,0.116,0.005,0.009,0.009,0.0,0.002,0.006,0.017,0.0,0.565,0.056,0.028,0.359,0.001,0.001,0.029,0.379,0.0,0.034,0.564,0.07,0.011,0.057,0.002,0.543,0.002,0.669,0.001,0.571,0.313,0.004,0.001,0.003,0.016,0.113,0.0,0.005,0.095,0.205,0.561,0.018,0.61,0.045,0.087,0.0,0.39,0.565,0.272,0.433,0.087,0.002,0.012,0.516,0.111,0.006,0.0,0.457,0.009,0.047,0.175,0.002
4,0.359,0.012,0.066,0.047,1.0,0.636,0.574,0.06,0.061,0.042,0.189,0.226,0.127,0.538,0.098,0.0,0.051,0.129,0.64,0.077,0.146,0.384,0.068,0.001,0.235,0.009,0.039,0.063,0.328,0.442,0.271,0.062,0.515,0.011,0.072,0.117,0.495,0.024,0.065,0.363,0.451,0.065,0.282,0.012,0.59,0.254,0.053,0.249,0.0,0.456,0.464,0.171,0.125,0.162,0.084,0.077,0.052,0.291,0.038,0.038,0.12,0.039,0.482,0.411,0.043,0.151,0.544,0.219,0.156,0.499,0.016,0.1,0.461,0.009,0.231,0.139,0.213,0.317,0.556,0.189,0.459,0.067,0.238,0.506,0.007,0.123,0.023,1.0,0.011,0.0
5,0.374,0.014,0.115,0.044,0.636,1.0,0.745,0.063,0.069,0.074,0.164,0.255,0.255,0.706,0.016,0.002,0.09,0.096,1.0,0.055,0.246,0.364,0.093,0.001,0.261,0.019,0.033,0.094,0.189,0.34,0.372,0.093,0.518,0.011,0.114,0.119,0.516,0.049,0.081,0.222,0.59,0.063,0.185,0.008,0.555,0.226,0.069,0.139,0.004,0.69,0.398,0.072,0.107,0.121,0.082,0.055,0.057,0.268,0.035,0.096,0.131,0.065,0.526,0.375,0.05,0.182,0.489,0.117,0.182,0.418,0.017,0.016,0.444,0.021,0.224,0.197,0.228,0.291,0.546,0.155,0.431,0.095,0.133,0.62,0.011,0.121,0.008,0.632,0.024,0.001
6,0.162,0.011,0.108,0.032,0.574,0.745,1.0,0.077,0.048,0.073,0.082,0.162,0.297,0.507,0.007,0.002,0.237,0.123,0.737,0.08,0.319,0.166,0.062,0.002,0.134,0.009,0.019,0.104,0.089,0.295,0.325,0.098,0.406,0.005,0.115,0.171,0.417,0.057,0.055,0.112,0.443,0.038,0.069,0.006,0.295,0.202,0.07,0.186,0.001,0.597,0.461,0.028,0.115,0.062,0.105,0.054,0.071,0.17,0.024,0.062,0.096,0.088,0.403,0.276,0.045,0.177,0.356,0.112,0.161,0.417,0.008,0.012,0.223,0.012,0.212,0.168,0.132,0.177,0.334,0.129,0.284,0.068,0.085,0.406,0.02,0.087,0.0,0.575,0.011,0.0
7,0.01,0.008,0.662,0.428,0.06,0.063,0.077,1.0,0.271,0.007,0.0,0.169,0.052,0.228,0.013,0.425,0.01,0.05,0.06,0.032,0.044,0.013,0.461,0.012,0.158,0.009,0.231,0.013,0.213,0.15,0.015,0.014,0.029,0.004,0.01,0.028,0.02,0.003,0.432,0.05,0.027,0.27,0.0,0.003,0.03,0.428,0.011,0.066,0.301,0.067,0.008,0.046,0.014,0.427,0.009,0.664,0.001,0.409,0.439,0.011,0.009,0.025,0.019,0.149,0.005,0.018,0.063,0.049,0.647,0.01,0.44,0.02,0.063,0.014,0.429,0.672,0.152,0.285,0.059,0.014,0.002,0.518,0.116,0.008,0.002,0.709,0.001,0.049,0.546,0.012
8,0.083,0.04,0.328,0.352,0.061,0.069,0.048,0.271,1.0,0.007,0.001,0.479,0.092,0.164,0.071,0.088,0.006,0.072,0.055,0.058,0.105,0.086,0.396,0.011,0.44,0.012,0.476,0.062,0.359,0.073,0.012,0.051,0.025,0.015,0.012,0.06,0.017,0.009,0.379,0.183,0.069,1.0,0.011,0.041,0.044,0.405,0.007,0.024,0.221,0.058,0.044,0.13,0.038,0.273,0.004,0.394,0.012,0.423,0.367,0.025,0.038,0.037,0.02,0.062,0.031,0.049,0.085,0.079,0.366,0.053,0.238,0.058,0.082,0.011,0.414,0.377,0.464,0.347,0.089,0.07,0.007,0.215,0.086,0.018,0.007,0.364,0.009,0.066,0.076,0.009
9,0.019,0.256,0.013,0.0,0.042,0.074,0.073,0.007,0.007,1.0,0.001,0.005,0.334,0.025,0.0,0.0,0.031,0.488,0.079,0.243,0.32,0.016,0.013,0.041,0.013,0.513,0.001,0.2,0.033,0.078,0.403,0.198,0.058,0.338,0.679,0.399,0.065,0.589,0.013,0.029,0.063,0.01,0.088,0.201,0.038,0.04,1.0,0.034,0.0,0.016,0.23,0.024,0.335,0.008,0.704,0.004,1.0,0.008,0.012,0.446,0.594,0.375,0.058,0.071,0.387,0.502,0.009,0.0,0.008,0.231,0.001,0.001,0.045,0.529,0.031,0.002,0.011,0.004,0.011,0.444,0.073,0.004,0.0,0.239,0.124,0.019,0.0,0.043,0.004,0.045
10,0.059,0.0,0.009,0.003,0.189,0.164,0.082,0.0,0.001,0.001,1.0,0.026,0.002,0.143,0.016,0.0,0.011,0.013,0.182,0.0,0.001,0.059,0.016,0.0,0.03,0.001,0.0,0.0,0.044,0.195,0.105,0.001,0.343,0.0,0.001,0.002,0.377,0.0,0.014,0.162,0.108,0.0,0.121,0.0,0.173,0.023,0.012,0.038,0.0,0.111,0.098,0.041,0.009,0.018,0.0,0.0,0.005,0.026,0.0,0.003,0.013,0.002,0.357,0.196,0.0,0.013,0.151,0.014,0.006,0.085,0.001,0.01,0.028,0.0,0.025,0.005,0.028,0.038,0.131,0.031,0.332,0.007,0.03,0.229,0.0,0.006,0.008,0.172,0.0,0.0
11,0.373,0.015,0.263,0.293,0.226,0.255,0.162,0.169,0.479,0.005,0.026,1.0,0.119,0.478,0.079,0.052,0.003,0.053,0.256,0.055,0.122,0.376,0.318,0.002,1.0,0.008,0.41,0.074,0.514,0.231,0.031,0.077,0.12,0.007,0.009,0.043,0.106,0.006,0.281,0.44,0.299,0.496,0.042,0.027,0.169,0.439,0.007,0.077,0.081,0.161,0.155,0.228,0.043,0.339,0.006,0.271,0.003,0.532,0.194,0.037,0.052,0.018,0.111,0.207,0.021,0.064,0.48,0.181,0.399,0.157,0.117,0.098,0.176,0.007,0.421,0.37,1.0,0.541,0.477,0.08,0.072,0.294,0.191,0.09,0.003,0.337,0.023,0.238,0.051,0.005
12,0.064,0.242,0.067,0.025,0.127,0.255,0.297,0.052,0.092,0.334,0.002,0.119,1.0,0.166,0.003,0.002,0.072,0.505,0.236,0.432,1.0,0.064,0.05,0.018,0.097,0.129,0.017,0.397,0.094,0.097,0.265,0.388,0.135,0.118,0.318,0.553,0.132,0.396,0.052,0.049,0.162,0.094,0.066,0.185,0.137,0.18,0.295,0.025,0.005,0.174,0.291,0.029,0.561,0.019,0.306,0.029,0.313,0.087,0.047,0.46,0.402,0.506,0.133,0.075,0.352,0.63,0.091,0.024,0.081,0.331,0.001,0.006,0.092,0.143,0.161,0.094,0.109,0.085,0.076,0.406,0.103,0.044,0.016,0.244,0.214,0.054,0.0,0.151,0.009,0.014
13,0.452,0.011,0.412,0.217,0.538,0.706,0.507,0.228,0.164,0.025,0.143,0.478,0.166,1.0,0.084,0.029,0.059,0.075,0.675,0.063,0.132,0.456,0.316,0.005,0.493,0.007,0.105,0.083,0.348,0.54,0.131,0.079,0.419,0.004,0.031,0.067,0.42,0.019,0.298,0.288,0.437,0.153,0.071,0.007,0.406,0.507,0.023,0.195,0.035,0.655,0.241,0.132,0.054,0.3,0.039,0.242,0.029,0.655,0.165,0.045,0.048,0.027,0.415,0.556,0.021,0.09,0.611,0.39,0.466,0.236,0.115,0.077,0.364,0.007,0.517,0.464,0.495,0.631,0.614,0.082,0.304,0.363,0.327,0.274,0.005,0.373,0.026,0.514,0.065,0.002
14,0.069,0.0,0.037,0.042,0.098,0.016,0.007,0.013,0.071,0.0,0.016,0.079,0.003,0.084,1.0,0.003,0.0,0.003,0.011,0.005,0.0,0.064,0.088,0.001,0.099,0.0,0.017,0.003,0.197,0.052,0.003,0.002,0.035,0.001,0.0,0.002,0.023,0.0,0.074,0.105,0.009,0.07,0.025,0.0,0.033,0.14,0.002,0.01,0.043,0.017,0.006,0.216,0.001,0.075,0.001,0.094,0.0,0.215,0.142,0.0,0.0,0.001,0.033,0.07,0.0,0.004,0.03,0.189,0.049,0.016,0.03,1.0,0.022,0.0,0.163,0.044,0.089,0.192,0.019,0.006,0.023,0.088,0.156,0.012,0.0,0.102,0.067,0.077,0.0,0.002
15,0.006,0.001,0.4,0.254,0.0,0.002,0.002,0.425,0.088,0.0,0.0,0.052,0.002,0.029,0.003,1.0,0.0,0.002,0.005,0.004,0.003,0.008,0.351,0.004,0.05,0.0,0.102,0.0,0.045,0.045,0.002,0.0,0.003,0.0,0.001,0.001,0.002,0.0,0.347,0.004,0.004,0.087,0.0,0.002,0.0,0.124,0.0,0.024,0.459,0.006,0.001,0.009,0.0,0.223,0.002,0.326,0.0,0.154,0.318,0.002,0.0,0.001,0.0,0.043,0.0,0.0,0.002,0.018,0.236,0.002,0.464,0.001,0.003,0.001,0.147,0.249,0.051,0.075,0.003,0.0,0.0,0.413,0.009,0.0,0.0,0.363,0.0,0.0,0.556,0.003
16,0.015,0.001,0.015,0.001,0.051,0.09,0.237,0.01,0.006,0.031,0.011,0.003,0.072,0.059,0.0,0.0,1.0,0.031,0.071,0.004,0.059,0.011,0.004,0.0,0.0,0.005,0.0,0.031,0.002,0.033,0.042,0.027,0.036,0.0,0.043,0.034,0.022,0.019,0.007,0.001,0.05,0.003,0.0,0.0,0.027,0.015,0.031,0.042,0.0,0.08,0.145,0.0,0.014,0.005,0.033,0.004,0.03,0.011,0.002,0.014,0.013,0.008,0.035,0.025,0.011,0.021,0.029,0.024,0.018,0.127,0.003,0.0,0.02,0.005,0.018,0.019,0.005,0.005,0.043,0.015,0.04,0.003,0.002,0.038,0.007,0.007,0.0,0.048,0.003,0.0
17,0.024,0.354,0.058,0.006,0.129,0.096,0.123,0.05,0.072,0.488,0.013,0.053,0.505,0.075,0.003,0.002,0.031,1.0,0.088,0.488,0.522,0.023,0.043,0.029,0.058,0.282,0.021,0.277,0.11,0.098,0.254,0.278,0.093,0.337,0.306,0.52,0.105,0.342,0.058,0.095,0.081,0.081,0.086,0.417,0.073,0.116,0.475,0.041,0.002,0.039,0.271,0.062,0.77,0.027,0.297,0.016,0.495,0.048,0.067,0.39,0.736,0.444,0.081,0.129,0.549,0.679,0.026,0.004,0.025,0.285,0.004,0.002,0.052,0.293,0.116,0.043,0.065,0.033,0.033,0.659,0.064,0.017,0.018,0.176,0.244,0.076,0.0,0.109,0.007,0.04
18,0.379,0.014,0.127,0.053,0.64,1.0,0.737,0.06,0.055,0.079,0.182,0.256,0.236,0.675,0.011,0.005,0.071,0.088,1.0,0.073,0.255,0.368,0.097,0.001,0.28,0.021,0.037,0.076,0.18,0.41,0.378,0.093,0.519,0.02,0.088,0.095,0.505,0.052,0.11,0.212,0.637,0.06,0.169,0.012,0.546,0.219,0.084,0.137,0.004,0.68,0.43,0.065,0.11,0.117,0.104,0.061,0.094,0.233,0.033,0.068,0.114,0.063,0.511,0.397,0.056,0.218,0.543,0.124,0.185,0.434,0.017,0.014,0.412,0.019,0.21,0.176,0.266,0.312,0.513,0.145,0.418,0.094,0.121,0.621,0.01,0.112,0.012,0.588,0.015,0.003
19,0.017,0.453,0.048,0.009,0.077,0.055,0.08,0.032,0.058,0.243,0.0,0.055,0.432,0.063,0.005,0.004,0.004,0.488,0.073,1.0,0.428,0.02,0.041,0.18,0.056,0.319,0.01,0.317,0.131,0.105,0.142,0.341,0.054,0.23,0.347,0.383,0.078,0.371,0.046,0.046,0.037,0.068,0.091,0.201,0.051,0.121,0.249,0.052,0.002,0.025,0.1,0.069,0.417,0.032,0.371,0.031,0.275,0.042,0.088,0.498,0.383,0.715,0.076,0.115,0.396,0.407,0.02,0.016,0.028,0.118,0.004,0.008,0.045,0.366,0.141,0.033,0.068,0.029,0.026,0.381,0.055,0.021,0.027,0.147,0.156,0.089,0.001,0.08,0.003,0.192
20,0.044,0.226,0.078,0.017,0.146,0.246,0.319,0.044,0.105,0.32,0.001,0.122,1.0,0.132,0.0,0.003,0.059,0.522,0.255,0.428,1.0,0.042,0.053,0.02,0.098,0.135,0.014,0.402,0.094,0.109,0.251,0.384,0.131,0.122,0.303,0.57,0.154,0.385,0.054,0.056,0.185,0.105,0.067,0.171,0.137,0.165,0.307,0.045,0.0,0.167,0.307,0.028,0.519,0.024,0.326,0.029,0.313,0.084,0.056,0.424,0.403,0.502,0.124,0.074,0.382,0.63,0.066,0.03,0.066,0.303,0.002,0.001,0.078,0.13,0.171,0.082,0.105,0.093,0.068,0.395,0.075,0.035,0.018,0.238,0.235,0.066,0.0,0.144,0.003,0.018
21,1.0,0.005,0.084,0.111,0.384,0.364,0.166,0.013,0.086,0.016,0.059,0.376,0.064,0.456,0.064,0.008,0.011,0.023,0.368,0.02,0.042,1.0,0.186,0.001,0.417,0.004,0.055,0.053,0.307,0.314,0.054,0.032,0.195,0.005,0.018,0.032,0.213,0.01,0.167,0.371,0.423,0.075,0.155,0.005,0.498,0.192,0.019,0.091,0.017,0.292,0.216,0.136,0.022,0.232,0.02,0.082,0.026,0.296,0.044,0.015,0.044,0.006,0.201,0.3,0.008,0.05,0.485,0.39,0.12,0.215,0.073,0.082,0.561,0.006,0.208,0.121,0.39,0.295,0.494,0.081,0.302,0.086,0.105,0.156,0.003,0.094,0.108,0.399,0.006,0.002
22,0.172,0.017,0.783,0.542,0.068,0.093,0.062,0.461,0.396,0.013,0.016,0.318,0.05,0.316,0.088,0.351,0.004,0.043,0.097,0.041,0.053,0.186,1.0,0.015,0.308,0.014,0.225,0.049,0.462,0.366,0.025,0.033,0.072,0.008,0.022,0.033,0.088,0.01,1.0,0.112,0.068,0.37,0.024,0.005,0.075,0.7,0.015,0.082,0.38,0.081,0.052,0.201,0.023,0.483,0.023,0.531,0.019,0.582,0.652,0.034,0.024,0.02,0.079,0.337,0.007,0.022,0.074,0.22,0.462,0.048,0.566,0.078,0.119,0.013,0.708,0.489,0.321,0.438,0.06,0.044,0.049,0.62,0.115,0.042,0.001,0.651,0.025,0.072,0.301,0.013
23,0.001,0.065,0.007,0.003,0.001,0.001,0.002,0.012,0.011,0.041,0.0,0.002,0.018,0.005,0.001,0.004,0.0,0.029,0.001,0.18,0.02,0.001,0.015,1.0,0.004,0.188,0.002,0.008,0.029,0.017,0.006,0.012,0.0,0.029,0.073,0.018,0.001,0.033,0.014,0.001,0.0,0.006,0.006,0.019,0.004,0.008,0.032,0.004,0.004,0.003,0.001,0.005,0.014,0.019,0.058,0.023,0.04,0.012,0.048,0.054,0.026,0.1,0.001,0.019,0.029,0.018,0.0,0.0,0.008,0.002,0.007,0.0,0.018,0.19,0.014,0.012,0.005,0.002,0.0,0.035,0.001,0.004,0.001,0.009,0.0,0.059,0.0,0.0,0.008,1.0
24,0.408,0.021,0.263,0.282,0.235,0.261,0.134,0.158,0.44,0.013,0.03,1.0,0.097,0.493,0.099,0.05,0.0,0.058,0.28,0.056,0.098,0.417,0.308,0.004,1.0,0.004,0.379,0.08,0.52,0.205,0.041,0.082,0.117,0.009,0.005,0.043,0.121,0.005,0.296,0.435,0.312,0.497,0.05,0.033,0.163,0.446,0.005,0.083,0.081,0.161,0.172,0.229,0.068,0.312,0.012,0.245,0.007,0.548,0.183,0.024,0.058,0.017,0.111,0.2,0.029,0.085,0.425,0.19,0.358,0.154,0.117,0.089,0.169,0.01,0.425,0.356,1.0,0.567,0.475,0.059,0.081,0.336,0.19,0.076,0.003,0.309,0.029,0.247,0.064,0.01
25,0.004,0.511,0.009,0.0,0.009,0.019,0.009,0.009,0.012,0.513,0.001,0.008,0.129,0.007,0.0,0.0,0.005,0.282,0.021,0.319,0.135,0.004,0.014,0.188,0.004,1.0,0.001,0.169,0.034,0.027,0.112,0.191,0.006,0.537,0.437,0.244,0.009,0.464,0.017,0.023,0.011,0.012,0.023,0.344,0.012,0.016,0.522,0.014,0.0,0.003,0.045,0.009,0.135,0.008,0.414,0.004,0.507,0.005,0.015,0.462,0.324,0.421,0.009,0.04,0.374,0.206,0.003,0.0,0.008,0.043,0.004,0.0,0.026,1.0,0.017,0.005,0.008,0.003,0.002,0.193,0.022,0.0,0.0,0.057,0.104,0.025,0.0,0.01,0.004,0.186
26,0.052,0.007,0.143,0.394,0.039,0.033,0.019,0.231,0.476,0.001,0.0,0.41,0.017,0.105,0.017,0.102,0.0,0.021,0.037,0.01,0.014,0.055,0.225,0.002,0.379,0.001,1.0,0.018,0.232,0.048,0.004,0.022,0.005,0.0,0.001,0.007,0.007,0.0,0.2,0.093,0.045,0.487,0.0,0.005,0.009,0.194,0.002,0.04,0.177,0.026,0.02,0.048,0.008,0.373,0.0,0.437,0.0,0.255,0.186,0.005,0.003,0.01,0.002,0.05,0.003,0.003,0.09,0.045,0.281,0.02,0.231,0.012,0.051,0.0,0.198,0.289,0.396,0.186,0.092,0.007,0.002,0.173,0.048,0.006,0.002,0.26,0.003,0.038,0.106,0.001
27,0.048,0.545,0.032,0.008,0.063,0.094,0.104,0.013,0.062,0.2,0.0,0.074,0.397,0.083,0.003,0.0,0.031,0.277,0.076,0.317,0.402,0.053,0.049,0.008,0.08,0.169,0.018,1.0,0.052,0.073,0.061,1.0,0.025,0.174,0.206,0.485,0.03,0.29,0.041,0.033,0.089,0.05,0.019,0.239,0.04,0.079,0.169,0.053,0.002,0.037,0.263,0.014,0.152,0.018,0.22,0.015,0.155,0.034,0.026,0.582,0.184,0.361,0.021,0.055,0.234,0.218,0.044,0.021,0.022,0.247,0.001,0.0,0.043,0.168,0.08,0.025,0.091,0.019,0.047,0.176,0.03,0.017,0.003,0.086,0.177,0.035,0.0,0.07,0.005,0.01
28,0.306,0.046,0.268,0.223,0.328,0.189,0.089,0.213,0.359,0.033,0.044,0.514,0.094,0.348,0.197,0.045,0.002,0.11,0.18,0.131,0.094,0.307,0.462,0.029,0.52,0.034,0.232,0.052,1.0,0.428,0.079,0.051,0.189,0.019,0.032,0.065,0.18,0.017,0.46,0.481,0.156,0.396,0.169,0.025,0.287,0.609,0.032,0.105,0.102,0.114,0.187,0.692,0.109,0.463,0.025,0.339,0.034,0.51,0.42,0.04,0.125,0.041,0.157,0.467,0.035,0.121,0.232,0.158,0.269,0.187,0.197,0.204,0.293,0.021,0.601,0.279,0.481,0.501,0.213,0.206,0.159,0.257,0.287,0.162,0.002,0.469,0.115,0.332,0.107,0.021
29,0.314,0.02,0.281,0.116,0.442,0.34,0.295,0.15,0.073,0.078,0.195,0.231,0.097,0.54,0.052,0.045,0.033,0.098,0.41,0.105,0.109,0.314,0.366,0.017,0.205,0.027,0.048,0.073,0.428,1.0,0.224,0.069,0.415,0.008,0.094,0.072,0.431,0.027,0.321,0.246,0.241,0.068,0.176,0.001,0.339,0.449,0.069,0.328,0.022,0.247,0.263,0.236,0.077,0.283,0.107,0.162,0.087,0.357,0.194,0.047,0.111,0.065,0.438,1.0,0.042,0.097,0.296,0.235,0.208,0.26,0.112,0.061,0.376,0.055,0.413,0.196,0.235,0.261,0.311,0.156,0.553,0.215,0.199,0.349,0.004,0.375,0.028,0.436,0.085,0.01
30,0.064,0.04,0.037,0.005,0.271,0.372,0.325,0.015,0.012,0.403,0.105,0.031,0.265,0.131,0.003,0.002,0.042,0.254,0.378,0.142,0.251,0.054,0.025,0.006,0.041,0.112,0.004,0.061,0.079,0.224,1.0,0.064,0.37,0.058,0.348,0.252,0.359,0.147,0.014,0.097,0.237,0.013,0.318,0.026,0.244,0.077,0.387,0.077,0.0,0.11,0.327,0.045,0.318,0.015,0.314,0.008,0.417,0.043,0.019,0.12,0.394,0.166,0.361,0.243,0.188,0.408,0.07,0.008,0.025,0.338,0.0,0.002,0.178,0.105,0.068,0.031,0.027,0.031,0.079,0.328,0.316,0.01,0.022,0.681,0.05,0.047,0.0,0.262,0.014,0.004
31,0.04,0.575,0.03,0.009,0.062,0.093,0.098,0.014,0.051,0.198,0.001,0.077,0.388,0.079,0.002,0.0,0.027,0.278,0.093,0.341,0.384,0.032,0.033,0.012,0.082,0.191,0.022,1.0,0.051,0.069,0.064,1.0,0.027,0.186,0.209,0.434,0.019,0.316,0.04,0.03,0.106,0.054,0.019,0.22,0.04,0.073,0.182,0.045,0.0,0.034,0.241,0.019,0.145,0.012,0.221,0.013,0.186,0.036,0.021,0.585,0.196,0.362,0.032,0.057,0.236,0.228,0.036,0.02,0.03,0.227,0.0,0.001,0.036,0.189,0.071,0.027,0.084,0.023,0.034,0.176,0.034,0.016,0.005,0.09,0.153,0.034,0.001,0.055,0.002,0.013
32,0.191,0.006,0.087,0.009,0.515,0.518,0.406,0.029,0.025,0.058,0.343,0.12,0.135,0.419,0.035,0.003,0.036,0.093,0.519,0.054,0.131,0.195,0.072,0.0,0.117,0.006,0.005,0.025,0.189,0.415,0.37,0.027,1.0,0.005,0.087,0.059,1.0,0.028,0.082,0.205,0.277,0.031,0.346,0.003,0.512,0.182,0.067,0.066,0.002,0.341,0.277,0.14,0.159,0.039,0.067,0.025,0.063,0.16,0.03,0.04,0.123,0.028,1.0,0.419,0.029,0.175,0.273,0.133,0.088,0.292,0.005,0.038,0.241,0.011,0.23,0.079,0.1,0.205,0.262,0.215,0.635,0.066,0.196,0.625,0.0,0.08,0.017,0.513,0.006,0.0
33,0.001,0.448,0.007,0.0,0.011,0.011,0.005,0.004,0.015,0.338,0.0,0.007,0.118,0.004,0.001,0.0,0.0,0.337,0.02,0.23,0.122,0.005,0.008,0.029,0.009,0.537,0.0,0.174,0.019,0.008,0.058,0.186,0.005,1.0,0.105,0.38,0.003,0.186,0.005,0.02,0.035,0.013,0.037,0.768,0.008,0.01,0.36,0.001,0.0,0.001,0.074,0.007,0.236,0.001,0.109,0.002,0.345,0.001,0.004,0.35,0.364,0.308,0.007,0.008,0.638,0.226,0.001,0.0,0.0,0.063,0.001,0.0,0.012,0.557,0.008,0.001,0.005,0.0,0.004,0.221,0.002,0.0,0.0,0.03,0.28,0.009,0.0,0.009,0.0,0.031
34,0.018,0.229,0.017,0.002,0.072,0.114,0.115,0.01,0.012,0.679,0.001,0.009,0.318,0.031,0.0,0.001,0.043,0.306,0.088,0.347,0.303,0.018,0.022,0.073,0.005,0.437,0.001,0.206,0.032,0.094,0.348,0.209,0.087,0.105,1.0,0.361,0.05,0.598,0.015,0.01,0.054,0.012,0.079,0.035,0.055,0.039,0.662,0.084,0.0,0.033,0.189,0.009,0.21,0.009,1.0,0.005,0.678,0.012,0.018,0.385,0.337,0.429,0.052,0.094,0.221,0.333,0.007,0.003,0.009,0.188,0.001,0.0,0.073,0.406,0.046,0.009,0.003,0.004,0.015,0.275,0.097,0.005,0.004,0.236,0.045,0.032,0.0,0.069,0.003,0.075
35,0.028,0.379,0.035,0.006,0.117,0.119,0.171,0.028,0.06,0.399,0.002,0.043,0.553,0.067,0.002,0.001,0.034,0.52,0.095,0.383,0.57,0.032,0.033,0.018,0.043,0.244,0.007,0.485,0.065,0.072,0.252,0.434,0.059,0.38,0.361,1.0,0.059,0.28,0.023,0.051,0.17,0.062,0.088,0.395,0.046,0.068,0.429,0.052,0.0,0.026,0.295,0.02,0.425,0.013,0.384,0.013,0.399,0.026,0.027,0.36,0.467,0.406,0.059,0.057,0.559,0.493,0.044,0.011,0.027,0.314,0.004,0.002,0.063,0.245,0.081,0.023,0.042,0.005,0.027,0.403,0.042,0.011,0.009,0.159,0.404,0.043,0.0,0.1,0.002,0.019
36,0.197,0.002,0.081,0.017,0.495,0.516,0.417,0.02,0.017,0.065,0.377,0.106,0.132,0.42,0.023,0.002,0.022,0.105,0.505,0.078,0.154,0.213,0.088,0.001,0.121,0.009,0.007,0.03,0.18,0.431,0.359,0.019,1.0,0.003,0.05,0.059,1.0,0.034,0.068,0.196,0.234,0.023,0.379,0.0,0.556,0.198,0.064,0.075,0.001,0.406,0.267,0.13,0.144,0.044,0.049,0.018,0.067,0.151,0.028,0.021,0.127,0.039,1.0,0.438,0.026,0.176,0.256,0.135,0.089,0.268,0.011,0.043,0.228,0.008,0.219,0.061,0.122,0.223,0.254,0.229,0.639,0.067,0.196,0.618,0.003,0.078,0.009,0.488,0.003,0.001
37,0.008,0.33,0.01,0.0,0.024,0.049,0.057,0.003,0.009,0.589,0.0,0.006,0.396,0.019,0.0,0.0,0.019,0.342,0.052,0.371,0.385,0.01,0.01,0.033,0.005,0.464,0.0,0.29,0.017,0.027,0.147,0.316,0.028,0.186,0.598,0.28,0.034,1.0,0.008,0.009,0.023,0.007,0.023,0.158,0.033,0.024,0.585,0.012,0.0,0.025,0.107,0.004,0.293,0.005,0.589,0.003,0.581,0.006,0.003,0.742,0.368,0.682,0.021,0.032,0.387,0.357,0.008,0.003,0.003,0.105,0.0,0.0,0.035,0.42,0.025,0.007,0.008,0.004,0.009,0.272,0.057,0.002,0.0,0.107,0.21,0.013,0.0,0.039,0.001,0.049
38,0.172,0.024,0.787,0.565,0.065,0.081,0.055,0.432,0.379,0.013,0.014,0.281,0.052,0.298,0.074,0.347,0.007,0.058,0.11,0.046,0.054,0.167,1.0,0.014,0.296,0.017,0.2,0.041,0.46,0.321,0.014,0.04,0.082,0.005,0.015,0.023,0.068,0.008,1.0,0.119,0.066,0.396,0.023,0.006,0.083,0.725,0.013,0.079,0.403,0.079,0.045,0.207,0.02,0.474,0.015,0.506,0.015,0.59,0.663,0.027,0.024,0.018,0.081,0.323,0.005,0.026,0.066,0.253,0.489,0.058,0.597,0.082,0.124,0.015,0.703,0.468,0.309,0.401,0.073,0.045,0.069,0.632,0.127,0.035,0.001,0.666,0.024,0.084,0.285,0.01
39,0.362,0.014,0.074,0.056,0.363,0.222,0.112,0.05,0.183,0.029,0.162,0.44,0.049,0.288,0.105,0.004,0.001,0.095,0.212,0.046,0.056,0.371,0.112,0.001,0.435,0.023,0.093,0.033,0.481,0.246,0.097,0.03,0.205,0.02,0.01,0.051,0.196,0.009,0.119,1.0,0.43,0.181,0.254,0.017,0.317,0.213,0.024,0.065,0.005,0.128,0.208,0.263,0.083,0.188,0.021,0.1,0.028,0.255,0.064,0.02,0.099,0.015,0.208,0.239,0.051,0.073,0.46,0.085,0.11,0.224,0.037,0.08,0.269,0.011,0.19,0.131,0.443,0.291,0.466,0.205,0.153,0.081,0.237,0.159,0.004,0.167,0.069,0.358,0.036,0.001
40,0.424,0.02,0.078,0.028,0.451,0.59,0.443,0.027,0.069,0.063,0.108,0.299,0.162,0.437,0.009,0.004,0.05,0.081,0.637,0.037,0.185,0.423,0.068,0.0,0.312,0.011,0.045,0.089,0.156,0.241,0.237,0.106,0.277,0.035,0.054,0.17,0.234,0.023,0.066,0.43,1.0,0.095,0.136,0.03,0.332,0.125,0.06,0.127,0.003,0.323,0.493,0.074,0.106,0.092,0.044,0.028,0.058,0.156,0.015,0.028,0.113,0.018,0.272,0.223,0.087,0.169,0.605,0.121,0.109,0.505,0.012,0.015,0.303,0.013,0.129,0.121,0.322,0.195,0.581,0.13,0.205,0.042,0.063,0.333,0.027,0.082,0.007,0.456,0.008,0.0
41,0.078,0.029,0.265,0.359,0.065,0.063,0.038,0.27,1.0,0.01,0.0,0.496,0.094,0.153,0.07,0.087,0.003,0.081,0.06,0.068,0.105,0.075,0.37,0.006,0.497,0.012,0.487,0.05,0.396,0.068,0.013,0.054,0.031,0.013,0.012,0.062,0.023,0.007,0.396,0.181,0.095,1.0,0.013,0.049,0.045,0.386,0.013,0.016,0.213,0.065,0.05,0.153,0.043,0.306,0.01,0.396,0.009,0.432,0.37,0.017,0.038,0.033,0.016,0.081,0.029,0.059,0.075,0.063,0.374,0.052,0.245,0.07,0.077,0.009,0.39,0.357,0.47,0.343,0.087,0.076,0.004,0.23,0.082,0.022,0.008,0.364,0.007,0.065,0.076,0.007
42,0.152,0.008,0.01,0.001,0.282,0.185,0.069,0.0,0.011,0.088,0.121,0.042,0.066,0.071,0.025,0.0,0.0,0.086,0.169,0.091,0.067,0.155,0.024,0.006,0.05,0.023,0.0,0.019,0.169,0.176,0.318,0.019,0.346,0.037,0.079,0.088,0.379,0.023,0.023,0.254,0.136,0.013,1.0,0.016,0.373,0.059,0.082,0.018,0.0,0.048,0.164,0.234,0.172,0.019,0.08,0.004,0.088,0.042,0.014,0.027,0.25,0.038,0.367,0.186,0.062,0.22,0.071,0.019,0.0,0.169,0.0,0.025,0.263,0.031,0.055,0.008,0.06,0.051,0.068,0.334,0.378,0.013,0.029,0.472,0.011,0.036,0.067,0.244,0.0,0.005
43,0.006,0.498,0.006,0.001,0.012,0.008,0.006,0.003,0.041,0.201,0.0,0.027,0.185,0.007,0.0,0.002,0.0,0.417,0.012,0.201,0.171,0.005,0.005,0.019,0.033,0.344,0.005,0.239,0.025,0.001,0.026,0.22,0.003,0.768,0.035,0.395,0.0,0.158,0.006,0.017,0.03,0.049,0.016,1.0,0.004,0.011,0.199,0.001,0.0,0.0,0.061,0.001,0.282,0.0,0.029,0.004,0.189,0.004,0.009,0.389,0.343,0.309,0.001,0.002,0.694,0.23,0.008,0.0,0.001,0.085,0.0,0.0,0.007,0.338,0.014,0.001,0.025,0.001,0.01,0.246,0.0,0.0,0.002,0.017,0.472,0.01,0.0,0.005,0.001,0.018
44,0.522,0.005,0.05,0.029,0.59,0.555,0.295,0.03,0.044,0.038,0.173,0.169,0.137,0.406,0.033,0.0,0.027,0.073,0.546,0.051,0.137,0.498,0.075,0.004,0.163,0.012,0.009,0.04,0.287,0.339,0.244,0.04,0.512,0.008,0.055,0.046,0.556,0.033,0.083,0.317,0.332,0.045,0.373,0.004,1.0,0.16,0.062,0.037,0.001,0.462,0.325,0.182,0.12,0.13,0.067,0.056,0.056,0.229,0.035,0.043,0.133,0.028,0.538,0.308,0.026,0.184,0.371,0.201,0.1,0.347,0.024,0.037,0.623,0.006,0.165,0.1,0.179,0.29,0.361,0.249,0.586,0.037,0.195,0.462,0.005,0.071,0.085,0.546,0.003,0.003
45,0.182,0.037,0.689,0.379,0.254,0.226,0.202,0.428,0.405,0.04,0.023,0.439,0.18,0.507,0.14,0.124,0.015,0.116,0.219,0.121,0.165,0.192,0.7,0.008,0.446,0.016,0.194,0.079,0.609,0.449,0.077,0.073,0.182,0.01,0.039,0.068,0.198,0.024,0.725,0.213,0.125,0.386,0.059,0.011,0.16,1.0,0.025,0.175,0.176,0.203,0.149,0.365,0.064,0.419,0.042,0.46,0.022,0.723,0.631,0.043,0.074,0.046,0.195,0.465,0.023,0.101,0.175,0.252,0.572,0.15,0.224,0.152,0.148,0.023,1.0,0.561,0.4,0.637,0.176,0.122,0.117,0.59,0.248,0.108,0.01,0.618,0.027,0.242,0.138,0.008
46,0.019,0.303,0.011,0.0,0.053,0.069,0.07,0.011,0.007,1.0,0.012,0.007,0.295,0.023,0.002,0.0,0.031,0.475,0.084,0.249,0.307,0.019,0.015,0.032,0.005,0.522,0.002,0.169,0.032,0.069,0.387,0.182,0.067,0.36,0.662,0.429,0.064,0.585,0.013,0.024,0.06,0.013,0.082,0.199,0.062,0.025,1.0,0.033,0.0,0.013,0.242,0.016,0.33,0.007,0.685,0.002,1.0,0.014,0.019,0.434,0.601,0.381,0.058,0.08,0.403,0.496,0.014,0.0,0.006,0.216,0.001,0.0,0.054,0.512,0.028,0.003,0.013,0.002,0.011,0.417,0.085,0.002,0.001,0.235,0.13,0.021,0.0,0.041,0.003,0.038
47,0.087,0.016,0.088,0.034,0.249,0.139,0.186,0.066,0.024,0.034,0.038,0.077,0.025,0.195,0.01,0.024,0.042,0.041,0.137,0.052,0.045,0.091,0.082,0.004,0.083,0.014,0.04,0.053,0.105,0.328,0.077,0.045,0.066,0.001,0.084,0.052,0.075,0.012,0.079,0.065,0.127,0.016,0.018,0.001,0.037,0.175,0.033,1.0,0.008,0.05,0.147,0.023,0.017,0.136,0.066,0.094,0.024,0.111,0.066,0.019,0.021,0.022,0.061,0.322,0.006,0.028,0.111,0.094,0.091,0.132,0.028,0.015,0.087,0.012,0.169,0.104,0.067,0.057,0.106,0.025,0.129,0.064,0.015,0.132,0.001,0.115,0.002,0.217,0.034,0.001
48,0.021,0.002,0.312,0.564,0.0,0.004,0.001,0.301,0.221,0.0,0.0,0.081,0.005,0.035,0.043,0.459,0.0,0.002,0.004,0.002,0.0,0.017,0.38,0.004,0.081,0.0,0.177,0.002,0.102,0.022,0.0,0.0,0.002,0.0,0.0,0.0,0.001,0.0,0.403,0.005,0.003,0.213,0.0,0.0,0.001,0.176,0.0,0.008,1.0,0.007,0.0,0.031,0.001,0.312,0.002,0.555,0.0,0.25,0.409,0.0,0.0,0.0,0.004,0.025,0.0,0.001,0.005,0.042,0.293,0.0,0.726,0.036,0.008,0.001,0.169,0.266,0.076,0.133,0.003,0.0,0.0,0.273,0.016,0.0,0.0,0.318,0.003,0.003,0.196,0.004
49,0.283,0.001,0.14,0.07,0.456,0.69,0.597,0.067,0.058,0.016,0.111,0.161,0.174,0.655,0.017,0.006,0.08,0.039,0.68,0.025,0.167,0.292,0.081,0.003,0.161,0.003,0.026,0.037,0.114,0.247,0.11,0.034,0.341,0.001,0.033,0.026,0.406,0.025,0.079,0.128,0.323,0.065,0.048,0.0,0.462,0.203,0.013,0.05,0.007,1.0,0.212,0.022,0.053,0.126,0.028,0.094,0.03,0.311,0.031,0.028,0.033,0.031,0.373,0.249,0.009,0.064,0.415,0.254,0.234,0.232,0.029,0.02,0.313,0.003,0.201,0.23,0.173,0.326,0.443,0.074,0.264,0.099,0.19,0.272,0.001,0.09,0.006,0.455,0.013,0.001
50,0.207,0.071,0.042,0.011,0.464,0.398,0.461,0.008,0.044,0.23,0.098,0.155,0.291,0.241,0.006,0.001,0.145,0.271,0.43,0.1,0.307,0.216,0.052,0.001,0.172,0.045,0.02,0.263,0.187,0.263,0.327,0.241,0.277,0.074,0.189,0.295,0.267,0.107,0.045,0.208,0.493,0.05,0.164,0.061,0.325,0.149,0.242,0.147,0.0,0.212,1.0,0.07,0.295,0.042,0.182,0.02,0.226,0.079,0.027,0.126,0.404,0.065,0.283,0.232,0.136,0.435,0.251,0.061,0.053,1.0,0.011,0.007,0.176,0.044,0.157,0.049,0.147,0.087,0.253,0.387,0.308,0.026,0.028,0.474,0.06,0.039,0.003,0.482,0.003,0.001
51,0.164,0.008,0.104,0.057,0.171,0.072,0.028,0.046,0.13,0.024,0.041,0.228,0.029,0.132,0.216,0.009,0.0,0.062,0.065,0.069,0.028,0.136,0.201,0.005,0.229,0.009,0.048,0.014,0.692,0.236,0.045,0.019,0.14,0.007,0.009,0.02,0.13,0.004,0.207,0.263,0.074,0.153,0.234,0.001,0.182,0.365,0.016,0.023,0.031,0.022,0.07,1.0,0.058,0.162,0.012,0.11,0.015,0.26,0.28,0.009,0.083,0.019,0.14,0.228,0.014,0.075,0.078,0.071,0.083,0.07,0.059,0.23,0.127,0.008,0.338,0.087,0.244,0.304,0.086,0.134,0.108,0.108,0.152,0.099,0.001,0.198,0.154,0.166,0.024,0.01
52,0.03,0.164,0.022,0.002,0.125,0.107,0.115,0.014,0.038,0.335,0.009,0.043,0.561,0.054,0.001,0.0,0.014,0.77,0.11,0.417,0.519,0.022,0.023,0.014,0.068,0.135,0.008,0.152,0.109,0.077,0.318,0.145,0.159,0.236,0.21,0.425,0.144,0.293,0.02,0.083,0.106,0.043,0.172,0.282,0.12,0.064,0.33,0.017,0.001,0.053,0.295,0.058,1.0,0.011,0.22,0.006,0.346,0.028,0.024,0.239,0.747,0.36,0.139,0.081,0.569,0.823,0.05,0.001,0.023,0.293,0.002,0.005,0.047,0.136,0.1,0.019,0.039,0.034,0.033,0.72,0.071,0.008,0.019,0.286,0.272,0.028,0.0,0.117,0.003,0.011
53,0.221,0.006,0.364,0.543,0.162,0.121,0.062,0.427,0.273,0.008,0.018,0.339,0.019,0.3,0.075,0.223,0.005,0.027,0.117,0.032,0.024,0.232,0.483,0.019,0.312,0.008,0.373,0.018,0.463,0.283,0.015,0.012,0.039,0.001,0.009,0.013,0.044,0.005,0.474,0.188,0.092,0.306,0.019,0.0,0.13,0.419,0.007,0.136,0.312,0.126,0.042,0.162,0.011,1.0,0.011,0.781,0.007,0.64,0.4,0.009,0.014,0.011,0.045,0.278,0.006,0.018,0.157,0.185,0.576,0.055,0.578,0.09,0.224,0.003,0.432,0.551,0.33,0.422,0.147,0.02,0.059,0.39,0.166,0.046,0.0,0.605,0.02,0.142,0.282,0.017
54,0.027,0.237,0.021,0.002,0.084,0.082,0.105,0.009,0.004,0.704,0.0,0.006,0.306,0.039,0.001,0.002,0.033,0.297,0.104,0.371,0.326,0.02,0.023,0.058,0.012,0.414,0.0,0.22,0.025,0.107,0.314,0.221,0.067,0.109,1.0,0.384,0.049,0.589,0.015,0.021,0.044,0.01,0.08,0.029,0.067,0.042,0.685,0.066,0.002,0.028,0.182,0.012,0.22,0.011,1.0,0.006,0.688,0.009,0.014,0.4,0.352,0.424,0.05,0.09,0.213,0.337,0.008,0.007,0.012,0.182,0.001,0.0,0.078,0.436,0.045,0.013,0.005,0.002,0.013,0.279,0.107,0.004,0.001,0.219,0.056,0.032,0.0,0.077,0.0,0.06
55,0.089,0.012,0.464,0.669,0.077,0.055,0.054,0.664,0.394,0.004,0.0,0.271,0.029,0.242,0.094,0.326,0.004,0.016,0.061,0.031,0.029,0.082,0.531,0.023,0.245,0.004,0.437,0.015,0.339,0.162,0.008,0.013,0.025,0.002,0.005,0.013,0.018,0.003,0.506,0.1,0.028,0.396,0.004,0.004,0.056,0.46,0.002,0.094,0.555,0.094,0.02,0.11,0.006,0.781,0.006,1.0,0.007,0.653,0.542,0.001,0.007,0.008,0.022,0.17,0.002,0.019,0.085,0.169,0.679,0.019,0.647,0.089,0.099,0.005,0.477,0.683,0.286,0.391,0.097,0.019,0.023,0.481,0.129,0.014,0.0,0.658,0.012,0.085,0.301,0.019
56,0.019,0.26,0.014,0.001,0.052,0.057,0.071,0.001,0.012,1.0,0.005,0.003,0.313,0.029,0.0,0.0,0.03,0.495,0.094,0.275,0.313,0.026,0.019,0.04,0.007,0.507,0.0,0.155,0.034,0.087,0.417,0.186,0.063,0.345,0.678,0.399,0.067,0.581,0.015,0.028,0.058,0.009,0.088,0.189,0.056,0.022,1.0,0.024,0.0,0.03,0.226,0.015,0.346,0.007,0.688,0.007,1.0,0.006,0.014,0.441,0.584,0.39,0.051,0.075,0.403,0.537,0.005,0.0,0.006,0.241,0.002,0.0,0.043,0.526,0.031,0.005,0.003,0.009,0.006,0.437,0.096,0.001,0.001,0.229,0.121,0.021,0.0,0.052,0.0,0.032
57,0.315,0.011,0.6,0.571,0.291,0.268,0.17,0.409,0.423,0.008,0.026,0.532,0.087,0.655,0.215,0.154,0.011,0.048,0.233,0.042,0.084,0.296,0.582,0.012,0.548,0.005,0.255,0.034,0.51,0.357,0.043,0.036,0.16,0.001,0.012,0.026,0.151,0.006,0.59,0.255,0.156,0.432,0.042,0.004,0.229,0.723,0.014,0.111,0.25,0.311,0.079,0.26,0.028,0.64,0.009,0.653,0.006,1.0,0.462,0.024,0.021,0.022,0.143,0.353,0.01,0.032,0.279,0.379,0.77,0.083,0.373,0.223,0.292,0.005,0.686,0.731,0.552,0.839,0.271,0.061,0.098,0.664,0.403,0.077,0.002,0.654,0.05,0.264,0.146,0.007
58,0.042,0.023,0.571,0.313,0.038,0.035,0.024,0.439,0.367,0.012,0.0,0.194,0.047,0.165,0.142,0.318,0.002,0.067,0.033,0.088,0.056,0.044,0.652,0.048,0.183,0.015,0.186,0.026,0.42,0.194,0.019,0.021,0.03,0.004,0.018,0.027,0.028,0.003,0.663,0.064,0.015,0.37,0.014,0.009,0.035,0.631,0.019,0.066,0.409,0.031,0.027,0.28,0.024,0.4,0.014,0.542,0.014,0.462,1.0,0.013,0.027,0.02,0.031,0.194,0.005,0.03,0.027,0.076,0.377,0.025,0.396,0.137,0.048,0.018,0.635,0.373,0.205,0.282,0.023,0.043,0.013,0.516,0.105,0.016,0.002,0.769,0.012,0.056,0.28,0.039
59,0.011,0.579,0.019,0.004,0.038,0.096,0.062,0.011,0.025,0.446,0.003,0.037,0.46,0.045,0.0,0.002,0.014,0.39,0.068,0.498,0.424,0.015,0.034,0.054,0.024,0.462,0.005,0.582,0.04,0.047,0.12,0.585,0.04,0.35,0.385,0.36,0.021,0.742,0.027,0.02,0.028,0.017,0.027,0.389,0.043,0.043,0.434,0.019,0.0,0.028,0.126,0.009,0.239,0.009,0.4,0.001,0.441,0.024,0.013,1.0,0.311,0.779,0.031,0.069,0.478,0.341,0.019,0.002,0.015,0.127,0.002,0.0,0.044,0.44,0.045,0.018,0.029,0.006,0.015,0.25,0.032,0.008,0.007,0.112,0.254,0.027,0.0,0.034,0.004,0.057
60,0.024,0.283,0.021,0.001,0.12,0.131,0.096,0.009,0.038,0.594,0.013,0.052,0.402,0.048,0.0,0.0,0.013,0.736,0.114,0.383,0.403,0.044,0.024,0.026,0.058,0.324,0.003,0.184,0.125,0.111,0.394,0.196,0.123,0.364,0.337,0.467,0.127,0.368,0.024,0.099,0.113,0.038,0.25,0.343,0.133,0.074,0.601,0.021,0.0,0.033,0.404,0.083,0.747,0.014,0.352,0.007,0.584,0.021,0.027,0.311,1.0,0.353,0.129,0.101,0.549,0.839,0.035,0.003,0.02,0.393,0.001,0.003,0.067,0.299,0.075,0.013,0.048,0.025,0.026,0.784,0.114,0.003,0.01,0.32,0.194,0.034,0.0,0.125,0.005,0.034
61,0.007,0.454,0.035,0.003,0.039,0.065,0.088,0.025,0.037,0.375,0.002,0.018,0.506,0.027,0.001,0.001,0.008,0.444,0.063,0.715,0.502,0.006,0.02,0.1,0.017,0.421,0.01,0.361,0.041,0.065,0.166,0.362,0.028,0.308,0.429,0.406,0.039,0.682,0.018,0.015,0.018,0.033,0.038,0.309,0.028,0.046,0.381,0.022,0.0,0.031,0.065,0.019,0.36,0.011,0.424,0.008,0.39,0.022,0.02,0.779,0.353,1.0,0.027,0.055,0.581,0.348,0.012,0.006,0.017,0.087,0.001,0.001,0.036,0.405,0.046,0.018,0.021,0.007,0.012,0.297,0.022,0.017,0.008,0.094,0.285,0.042,0.0,0.048,0.001,0.116
62,0.205,0.005,0.092,0.016,0.482,0.526,0.403,0.019,0.02,0.058,0.357,0.111,0.133,0.415,0.033,0.0,0.035,0.081,0.511,0.076,0.124,0.201,0.079,0.001,0.111,0.009,0.002,0.021,0.157,0.438,0.361,0.032,1.0,0.007,0.052,0.059,1.0,0.021,0.081,0.208,0.272,0.016,0.367,0.001,0.538,0.195,0.058,0.061,0.004,0.373,0.283,0.14,0.139,0.045,0.05,0.022,0.051,0.143,0.031,0.031,0.129,0.027,1.0,0.404,0.03,0.185,0.275,0.148,0.079,0.276,0.01,0.035,0.222,0.008,0.167,0.088,0.119,0.215,0.257,0.237,0.612,0.071,0.198,0.646,0.004,0.078,0.009,0.535,0.004,0.001
63,0.325,0.019,0.274,0.113,0.411,0.375,0.276,0.149,0.062,0.071,0.196,0.207,0.075,0.556,0.07,0.043,0.025,0.129,0.397,0.115,0.074,0.3,0.337,0.019,0.2,0.04,0.05,0.055,0.467,1.0,0.243,0.057,0.419,0.008,0.094,0.057,0.438,0.032,0.323,0.239,0.223,0.081,0.186,0.002,0.308,0.465,0.08,0.322,0.025,0.249,0.232,0.228,0.081,0.278,0.09,0.17,0.075,0.353,0.194,0.069,0.101,0.055,0.404,1.0,0.039,0.112,0.307,0.222,0.201,0.262,0.109,0.058,0.382,0.037,0.451,0.218,0.22,0.273,0.272,0.148,0.577,0.232,0.211,0.358,0.001,0.351,0.031,0.4,0.102,0.014
64,0.008,0.404,0.012,0.0,0.043,0.05,0.045,0.005,0.031,0.387,0.0,0.021,0.352,0.021,0.0,0.0,0.011,0.549,0.056,0.396,0.382,0.008,0.007,0.029,0.029,0.374,0.003,0.234,0.035,0.042,0.188,0.236,0.029,0.638,0.221,0.559,0.026,0.387,0.005,0.051,0.087,0.029,0.062,0.694,0.026,0.023,0.403,0.006,0.0,0.009,0.136,0.014,0.569,0.006,0.213,0.002,0.403,0.01,0.005,0.478,0.549,0.581,0.03,0.039,1.0,0.456,0.016,0.0,0.01,0.134,0.0,0.0,0.033,0.348,0.03,0.006,0.018,0.011,0.017,0.379,0.021,0.002,0.007,0.11,0.607,0.022,0.0,0.034,0.003,0.026
65,0.061,0.162,0.024,0.005,0.151,0.182,0.177,0.018,0.049,0.502,0.013,0.064,0.63,0.09,0.004,0.0,0.021,0.679,0.218,0.407,0.63,0.05,0.022,0.018,0.085,0.206,0.003,0.218,0.121,0.097,0.408,0.228,0.175,0.226,0.333,0.493,0.176,0.357,0.026,0.073,0.169,0.059,0.22,0.23,0.184,0.101,0.496,0.028,0.001,0.064,0.435,0.075,0.823,0.018,0.337,0.019,0.537,0.032,0.03,0.341,0.839,0.348,0.185,0.112,0.456,1.0,0.053,0.003,0.026,0.41,0.001,0.002,0.098,0.188,0.096,0.026,0.075,0.062,0.06,0.741,0.137,0.019,0.012,0.391,0.19,0.035,0.0,0.166,0.002,0.021
66,0.476,0.004,0.081,0.095,0.544,0.489,0.356,0.063,0.085,0.009,0.151,0.48,0.091,0.611,0.03,0.002,0.029,0.026,0.543,0.02,0.066,0.485,0.074,0.0,0.425,0.003,0.09,0.044,0.232,0.296,0.07,0.036,0.273,0.001,0.007,0.044,0.256,0.008,0.066,0.46,0.605,0.075,0.071,0.008,0.371,0.175,0.014,0.111,0.005,0.415,0.251,0.078,0.05,0.157,0.008,0.085,0.005,0.279,0.027,0.019,0.035,0.012,0.275,0.307,0.016,0.053,1.0,0.248,0.188,0.239,0.033,0.033,0.332,0.0,0.155,0.178,0.418,0.362,1.0,0.049,0.238,0.085,0.241,0.179,0.004,0.107,0.014,0.516,0.024,0.0
67,0.395,0.002,0.184,0.205,0.219,0.117,0.112,0.049,0.079,0.0,0.014,0.181,0.024,0.39,0.189,0.018,0.024,0.004,0.124,0.016,0.03,0.39,0.22,0.0,0.19,0.0,0.045,0.021,0.158,0.235,0.008,0.02,0.133,0.0,0.003,0.011,0.135,0.003,0.253,0.085,0.121,0.063,0.019,0.0,0.201,0.252,0.0,0.094,0.042,0.254,0.061,0.071,0.001,0.185,0.007,0.169,0.0,0.379,0.076,0.002,0.003,0.006,0.148,0.222,0.0,0.003,0.248,1.0,0.216,0.062,0.133,0.188,0.223,0.0,0.288,0.225,0.186,0.311,0.235,0.023,0.173,0.175,0.197,0.023,0.0,0.126,0.014,0.218,0.016,0.001
68,0.125,0.008,0.658,0.561,0.156,0.182,0.161,0.647,0.366,0.008,0.006,0.399,0.081,0.466,0.049,0.236,0.018,0.025,0.185,0.028,0.066,0.12,0.462,0.008,0.358,0.008,0.281,0.022,0.269,0.208,0.025,0.03,0.088,0.0,0.009,0.027,0.089,0.003,0.489,0.11,0.109,0.374,0.0,0.001,0.1,0.572,0.006,0.091,0.293,0.234,0.053,0.083,0.023,0.576,0.012,0.679,0.006,0.77,0.377,0.015,0.02,0.017,0.079,0.201,0.01,0.026,0.188,0.216,1.0,0.044,0.357,0.056,0.134,0.002,0.552,1.0,0.354,0.651,0.178,0.031,0.04,0.685,0.163,0.05,0.0,0.606,0.002,0.147,0.26,0.005
69,0.199,0.076,0.044,0.018,0.499,0.418,0.417,0.01,0.053,0.231,0.085,0.157,0.331,0.236,0.016,0.002,0.127,0.285,0.434,0.118,0.303,0.215,0.048,0.002,0.154,0.043,0.02,0.247,0.187,0.26,0.338,0.227,0.292,0.063,0.188,0.314,0.268,0.105,0.058,0.224,0.505,0.052,0.169,0.085,0.347,0.15,0.216,0.132,0.0,0.232,1.0,0.07,0.293,0.055,0.182,0.019,0.241,0.083,0.025,0.127,0.393,0.087,0.276,0.262,0.134,0.41,0.239,0.062,0.044,1.0,0.006,0.013,0.194,0.056,0.139,0.038,0.179,0.095,0.248,0.356,0.317,0.024,0.037,0.456,0.072,0.043,0.001,0.512,0.005,0.0
70,0.081,0.002,0.376,0.61,0.016,0.017,0.008,0.44,0.238,0.001,0.001,0.117,0.001,0.115,0.03,0.464,0.003,0.004,0.017,0.004,0.002,0.073,0.566,0.007,0.117,0.004,0.231,0.001,0.197,0.112,0.0,0.0,0.005,0.001,0.001,0.004,0.011,0.0,0.597,0.037,0.012,0.245,0.0,0.0,0.024,0.224,0.001,0.028,0.726,0.029,0.011,0.059,0.002,0.578,0.001,0.647,0.002,0.373,0.396,0.002,0.001,0.001,0.01,0.109,0.0,0.001,0.033,0.133,0.357,0.006,1.0,0.02,0.049,0.0,0.231,0.35,0.113,0.213,0.026,0.003,0.013,0.314,0.053,0.0,0.0,0.439,0.01,0.016,0.329,0.01
71,0.072,0.002,0.049,0.045,0.1,0.016,0.012,0.02,0.058,0.001,0.01,0.098,0.006,0.077,1.0,0.001,0.0,0.002,0.014,0.008,0.001,0.082,0.078,0.0,0.089,0.0,0.012,0.0,0.204,0.061,0.002,0.001,0.038,0.0,0.0,0.002,0.043,0.0,0.082,0.08,0.015,0.07,0.025,0.0,0.037,0.152,0.0,0.015,0.036,0.02,0.007,0.23,0.005,0.09,0.0,0.089,0.0,0.223,0.137,0.0,0.003,0.001,0.035,0.058,0.0,0.002,0.033,0.188,0.056,0.013,0.02,1.0,0.033,0.0,0.138,0.046,0.095,0.188,0.024,0.013,0.021,0.077,0.162,0.005,0.0,0.098,0.054,0.073,0.0,0.0
72,0.555,0.016,0.066,0.087,0.461,0.444,0.223,0.063,0.082,0.045,0.028,0.176,0.092,0.364,0.022,0.003,0.02,0.052,0.412,0.045,0.078,0.561,0.119,0.018,0.169,0.026,0.051,0.043,0.293,0.376,0.178,0.036,0.241,0.012,0.073,0.063,0.228,0.035,0.124,0.269,0.303,0.077,0.263,0.007,0.623,0.148,0.054,0.087,0.008,0.313,0.176,0.127,0.047,0.224,0.078,0.099,0.043,0.292,0.048,0.044,0.067,0.036,0.222,0.382,0.033,0.098,0.332,0.223,0.134,0.194,0.049,0.033,1.0,0.027,0.171,0.126,0.191,0.222,0.362,0.133,0.41,0.034,0.172,0.268,0.002,0.141,0.08,0.479,0.017,0.015
73,0.004,0.502,0.018,0.0,0.009,0.021,0.012,0.014,0.011,0.529,0.0,0.007,0.143,0.007,0.0,0.001,0.005,0.293,0.019,0.366,0.13,0.006,0.013,0.19,0.01,1.0,0.0,0.168,0.021,0.055,0.105,0.189,0.011,0.557,0.406,0.245,0.008,0.42,0.015,0.011,0.013,0.009,0.031,0.338,0.006,0.023,0.512,0.012,0.001,0.003,0.044,0.008,0.136,0.003,0.436,0.005,0.526,0.005,0.018,0.44,0.299,0.405,0.008,0.037,0.348,0.188,0.0,0.0,0.002,0.056,0.0,0.0,0.027,1.0,0.023,0.003,0.009,0.001,0.003,0.178,0.014,0.0,0.001,0.06,0.102,0.026,0.001,0.01,0.001,0.18
74,0.183,0.04,0.708,0.39,0.231,0.224,0.212,0.429,0.414,0.031,0.025,0.421,0.161,0.517,0.163,0.147,0.018,0.116,0.21,0.141,0.171,0.208,0.708,0.014,0.425,0.017,0.198,0.08,0.601,0.413,0.068,0.071,0.23,0.008,0.046,0.081,0.219,0.025,0.703,0.19,0.129,0.39,0.055,0.014,0.165,1.0,0.028,0.169,0.169,0.201,0.157,0.338,0.1,0.432,0.045,0.477,0.031,0.686,0.635,0.045,0.075,0.046,0.167,0.451,0.03,0.096,0.155,0.288,0.552,0.139,0.231,0.138,0.171,0.023,1.0,0.548,0.409,0.622,0.156,0.118,0.128,0.59,0.236,0.115,0.008,0.618,0.019,0.239,0.16,0.012
