,0,1,2,3,4,5,6,7,8,9,10,11,12,13,14,15,16,17,18,19,20,21,22,23,24,25,26,27,28,29,30,31,32,33,34,35,36,37,38,39,40,41,42,43,44,45,46,47,48,49,50,51,52,53,54,55,56,57,58,59,60,61,62,63,64,65,66,67,68,69,70,71,72,73,74,75,76,77,78,79,80,81,82,83,84,85,86,87,88,89
0,1.0,0.01,0.116,0.136,0.397,0.386,0.187,0.018,0.077,0.084,0.103,0.396,0.063,0.439,0.155,0.025,0.03,0.036,0.39,0.027,0.069,1.0,0.254,0.012,0.384,0.025,0.05,0.042,0.334,0.379,0.125,0.058,0.27,0.018,0.049,0.063,0.256,0.041,0.244,0.369,0.405,0.106,0.305,0.012,0.606,0.186,0.069,0.122,0.044,0.338,0.292,0.19,0.046,0.227,0.051,0.098,0.076,0.333,0.041,0.052,0.079,0.017,0.291,0.401,0.023,0.104,0.514,0.573,0.129,0.276,0.109,0.116,0.61,0.016,0.181,0.144,0.4,0.304,0.518,0.131,0.465,0.09,0.111,0.232,0.009,0.112,0.152,0.369,0.015,0.005
1,0.01,1.0,0.018,0.004,0.017,0.042,0.026,0.016,0.041,0.279,0.002,0.022,0.286,0.014,0.004,0.0,0.038,0.387,0.036,0.471,0.207,0.01,0.019,0.08,0.031,0.516,0.01,0.589,0.043,0.02,0.035,0.559,0.005,0.487,0.2,0.377,0.006,0.332,0.027,0.015,0.032,0.044,0.032,0.54,0.009,0.026,0.271,0.021,0.001,0.014,0.078,0.022,0.202,0.013,0.217,0.009,0.282,0.012,0.029,0.58,0.308,0.511,0.01,0.019,0.44,0.213,0.006,0.006,0.011,0.087,0.002,0.003,0.016,0.519,0.035,0.009,0.031,0.006,0.009,0.179,0.006,0.009,0.003,0.032,0.263,0.031,0.0,0.021,0.008,0.077
2,0.116,0.018,1.0,0.607,0.077,0.186,0.158,0.656,0.339,0.036,0.021,0.275,0.135,0.404,0.036,0.499,0.038,0.09,0.17,0.084,0.129,0.122,0.78,0.038,0.278,0.035,0.168,0.056,0.296,0.333,0.085,0.057,0.109,0.015,0.035,0.07,0.087,0.034,0.806,0.103,0.085,0.335,0.013,0.008,0.073,0.681,0.049,0.12,0.347,0.17,0.062,0.122,0.045,0.451,0.04,0.514,0.035,0.609,0.585,0.053,0.034,0.062,0.095,0.332,0.037,0.061,0.088,0.199,0.762,0.053,0.428,0.029,0.085,0.043,0.711,0.742,0.282,0.488,0.069,0.066,0.059,0.864,0.157,0.068,0.015,0.773,0.008,0.075,0.543,0.036
3,0.136,0.004,0.607,1.0,0.047,0.047,0.04,0.569,0.431,0.007,0.011,0.317,0.015,0.257,0.065,0.571,0.006,0.022,0.049,0.013,0.025,0.138,0.66,0.036,0.269,0.003,0.399,0.005,0.26,0.161,0.008,0.005,0.026,0.003,0.006,0.009,0.028,0.008,0.668,0.096,0.037,0.408,0.002,0.001,0.055,0.419,0.004,0.04,0.715,0.097,0.011,0.086,0.014,0.665,0.001,0.75,0.003,0.599,0.427,0.011,0.004,0.013,0.015,0.152,0.002,0.009,0.108,0.225,0.632,0.021,0.684,0.062,0.148,0.01,0.436,0.625,0.314,0.484,0.114,0.011,0.031,0.627,0.167,0.009,0.002,0.561,0.01,0.054,0.544,0.033
4,0.397,0.017,0.077,0.047,1.0,0.64,0.569,0.045,0.074,0.069,0.265,0.231,0.206,0.574,0.088,0.008,0.089,0.122,0.66,0.107,0.216,0.381,0.066,0.011,0.24,0.008,0.036,0.081,0.332,0.448,0.341,0.079,0.543,0.016,0.097,0.137,0.521,0.054,0.067,0.388,0.442,0.052,0.358,0.007,0.625,0.264,0.091,0.328,0.024,0.514,0.486,0.194,0.157,0.181,0.103,0.085,0.094,0.281,0.042,0.038,0.163,0.055,0.544,0.453,0.061,0.188,0.558,0.266,0.146,0.484,0.048,0.105,0.464,0.015,0.284,0.167,0.244,0.314,0.544,0.226,0.512,0.086,0.264,0.553,0.016,0.117,0.038,1.0,0.015,0.015
5,0.386,0.042,0.186,0.047,0.64,1.0,0.81,0.067,0.059,0.232,0.219,0.268,0.354,0.718,0.02,0.01,0.238,0.159,1.0,0.138,0.332,0.402,0.11,0.011,0.28,0.059,0.031,0.151,0.178,0.503,0.591,0.111,0.568,0.031,0.216,0.201,0.572,0.167,0.108,0.243,0.616,0.06,0.229,0.02,0.621,0.256,0.236,0.22,0.012,0.787,0.463,0.067,0.172,0.119,0.222,0.053,0.236,0.293,0.056,0.136,0.173,0.128,0.57,0.489,0.109,0.28,0.574,0.16,0.204,0.492,0.021,0.032,0.439,0.058,0.273,0.201,0.276,0.321,0.556,0.21,0.503,0.132,0.151,0.706,0.053,0.12,0.014,0.63,0.022,0.008
6,0.187,0.026,0.158,0.04,0.569,0.81,1.0,0.077,0.047,0.108,0.151,0.16,0.389,0.617,0.012,0.009,0.385,0.141,0.787,0.089,0.35,0.186,0.064,0.002,0.159,0.025,0.025,0.159,0.086,0.338,0.333,0.166,0.427,0.011,0.179,0.235,0.427,0.117,0.064,0.121,0.505,0.042,0.117,0.005,0.325,0.24,0.113,0.321,0.008,0.694,0.456,0.022,0.158,0.079,0.193,0.048,0.146,0.198,0.047,0.118,0.103,0.129,0.435,0.342,0.08,0.165,0.399,0.124,0.207,0.468,0.012,0.011,0.244,0.031,0.231,0.239,0.158,0.245,0.433,0.138,0.334,0.123,0.097,0.485,0.056,0.135,0.001,0.599,0.022,0.001
7,0.018,0.016,0.656,0.569,0.045,0.067,0.077,1.0,0.284,0.046,0.0,0.191,0.075,0.255,0.009,0.56,0.025,0.072,0.076,0.036,0.082,0.023,0.432,0.025,0.164,0.035,0.263,0.018,0.215,0.164,0.072,0.016,0.033,0.015,0.031,0.032,0.025,0.012,0.468,0.063,0.034,0.286,0.003,0.004,0.04,0.428,0.051,0.065,0.381,0.092,0.024,0.054,0.028,0.49,0.026,0.696,0.046,0.46,0.461,0.03,0.029,0.047,0.033,0.176,0.019,0.039,0.06,0.086,0.718,0.015,0.443,0.015,0.087,0.047,0.426,0.732,0.173,0.382,0.068,0.034,0.01,0.583,0.132,0.03,0.01,0.689,0.001,0.054,0.82,0.026
8,0.077,0.041,0.339,0.431,0.074,0.059,0.047,0.284,1.0,0.029,0.003,0.482,0.11,0.198,0.097,0.123,0.007,0.118,0.063,0.055,0.115,0.093,0.407,0.038,0.461,0.023,0.567,0.061,0.409,0.091,0.029,0.058,0.026,0.053,0.007,0.066,0.029,0.018,0.404,0.245,0.083,1.0,0.017,0.077,0.049,0.369,0.022,0.036,0.31,0.061,0.057,0.14,0.069,0.32,0.009,0.431,0.029,0.423,0.404,0.053,0.072,0.054,0.035,0.081,0.065,0.075,0.092,0.073,0.381,0.05,0.243,0.098,0.093,0.023,0.377,0.374,0.526,0.357,0.094,0.088,0.01,0.254,0.129,0.025,0.055,0.378,0.016,0.069,0.155,0.037
9,0.084,0.279,0.036,0.007,0.069,0.232,0.108,0.046,0.029,1.0,0.017,0.017,0.363,0.042,0.0,0.006,0.09,0.514,0.252,0.273,0.392,0.076,0.023,0.076,0.016,0.525,0.0,0.272,0.048,0.106,0.483,0.277,0.09,0.345,0.717,0.442,0.116,0.65,0.016,0.042,0.152,0.021,0.133,0.21,0.143,0.048,1.0,0.108,0.003,0.112,0.309,0.012,0.386,0.013,0.712,0.01,1.0,0.024,0.013,0.46,0.62,0.408,0.109,0.106,0.379,0.576,0.041,0.025,0.043,0.296,0.001,0.0,0.104,0.519,0.049,0.04,0.03,0.037,0.039,0.41,0.143,0.013,0.005,0.37,0.152,0.034,0.0,0.08,0.013,0.063
10,0.103,0.002,0.021,0.011,0.265,0.219,0.151,0.0,0.003,0.017,1.0,0.054,0.006,0.265,0.051,0.0,0.095,0.013,0.206,0.005,0.006,0.109,0.018,0.001,0.06,0.001,0.004,0.002,0.049,0.263,0.107,0.002,0.48,0.004,0.003,0.002,0.491,0.0,0.028,0.192,0.144,0.003,0.336,0.0,0.258,0.039,0.017,0.087,0.001,0.303,0.123,0.053,0.016,0.025,0.004,0.004,0.01,0.048,0.003,0.002,0.026,0.003,0.486,0.262,0.005,0.017,0.348,0.183,0.016,0.105,0.007,0.045,0.063,0.0,0.038,0.02,0.07,0.09,0.331,0.051,0.44,0.024,0.093,0.242,0.0,0.009,0.038,0.255,0.0,0.001
11,0.396,0.022,0.275,0.317,0.231,0.268,0.16,0.191,0.482,0.017,0.054,1.0,0.128,0.497,0.105,0.074,0.014,0.082,0.25,0.103,0.128,0.397,0.345,0.03,1.0,0.02,0.405,0.121,0.514,0.264,0.062,0.11,0.144,0.031,0.016,0.09,0.132,0.025,0.347,0.459,0.344,0.482,0.1,0.064,0.195,0.451,0.024,0.076,0.172,0.222,0.201,0.211,0.07,0.328,0.018,0.263,0.024,0.539,0.205,0.08,0.046,0.063,0.144,0.265,0.064,0.085,0.473,0.201,0.391,0.171,0.165,0.097,0.202,0.021,0.441,0.365,1.0,0.531,0.46,0.098,0.096,0.32,0.246,0.132,0.053,0.351,0.045,0.235,0.113,0.026
12,0.063,0.286,0.135,0.015,0.206,0.354,0.389,0.075,0.11,0.363,0.006,0.128,1.0,0.195,0.008,0.007,0.11,0.571,0.346,0.49,1.0,0.08,0.064,0.057,0.126,0.202,0.018,0.405,0.118,0.147,0.329,0.402,0.172,0.179,0.405,0.613,0.171,0.512,0.054,0.073,0.207,0.119,0.091,0.208,0.186,0.208,0.37,0.123,0.005,0.232,0.327,0.062,0.609,0.045,0.378,0.047,0.369,0.128,0.055,0.536,0.411,0.614,0.168,0.147,0.509,0.672,0.105,0.029,0.156,0.32,0.006,0.012,0.118,0.195,0.207,0.165,0.121,0.146,0.094,0.419,0.127,0.081,0.039,0.335,0.389,0.101,0.0,0.221,0.013,0.058
13,0.439,0.014,0.404,0.257,0.574,0.718,0.617,0.255,0.198,0.042,0.265,0.497,0.195,1.0,0.073,0.075,0.153,0.098,0.69,0.117,0.214,0.444,0.328,0.019,0.473,0.026,0.128,0.109,0.335,0.642,0.211,0.1,0.496,0.01,0.086,0.102,0.472,0.065,0.337,0.308,0.442,0.156,0.178,0.009,0.476,0.501,0.062,0.224,0.098,0.769,0.295,0.123,0.074,0.351,0.065,0.248,0.046,0.672,0.166,0.099,0.059,0.092,0.464,0.632,0.053,0.096,0.619,0.386,0.532,0.323,0.14,0.073,0.379,0.014,0.507,0.526,0.489,0.677,0.624,0.116,0.442,0.426,0.348,0.339,0.024,0.399,0.028,0.571,0.121,0.017
14,0.155,0.004,0.036,0.065,0.088,0.02,0.012,0.009,0.097,0.0,0.051,0.105,0.008,0.073,1.0,0.001,0.0,0.011,0.021,0.018,0.005,0.138,0.099,0.017,0.116,0.0,0.022,0.006,0.276,0.056,0.005,0.005,0.042,0.0,0.001,0.003,0.035,0.001,0.09,0.121,0.021,0.107,0.052,0.0,0.081,0.175,0.0,0.018,0.113,0.028,0.019,0.244,0.008,0.105,0.002,0.096,0.001,0.249,0.202,0.002,0.006,0.003,0.049,0.056,0.002,0.006,0.045,0.205,0.062,0.019,0.031,1.0,0.076,0.0,0.192,0.045,0.093,0.181,0.048,0.027,0.04,0.072,0.197,0.01,0.0,0.113,0.145,0.11,0.0,0.016
15,0.025,0.0,0.499,0.571,0.008,0.01,0.009,0.56,0.123,0.006,0.0,0.074,0.007,0.075,0.001,1.0,0.006,0.005,0.005,0.002,0.007,0.014,0.462,0.019,0.082,0.007,0.216,0.003,0.124,0.092,0.001,0.002,0.001,0.002,0.0,0.001,0.002,0.0,0.475,0.027,0.007,0.138,0.0,0.001,0.014,0.237,0.002,0.023,0.615,0.018,0.001,0.043,0.0,0.47,0.002,0.562,0.001,0.218,0.379,0.0,0.002,0.005,0.005,0.095,0.0,0.0,0.019,0.052,0.357,0.001,0.705,0.002,0.042,0.009,0.215,0.366,0.081,0.138,0.022,0.002,0.004,0.446,0.063,0.001,0.001,0.457,0.0,0.005,0.784,0.011
16,0.03,0.038,0.038,0.006,0.089,0.238,0.385,0.025,0.007,0.09,0.095,0.014,0.11,0.153,0.0,0.006,1.0,0.037,0.235,0.016,0.113,0.043,0.01,0.005,0.014,0.046,0.001,0.101,0.009,0.086,0.096,0.081,0.047,0.003,0.157,0.057,0.052,0.161,0.012,0.01,0.139,0.011,0.0,0.001,0.045,0.039,0.097,0.211,0.005,0.296,0.158,0.0,0.009,0.022,0.175,0.017,0.081,0.037,0.002,0.124,0.022,0.087,0.063,0.083,0.013,0.019,0.107,0.042,0.067,0.157,0.009,0.0,0.049,0.04,0.036,0.071,0.015,0.027,0.134,0.019,0.075,0.011,0.008,0.086,0.011,0.033,0.0,0.083,0.007,0.007
17,0.036,0.387,0.09,0.022,0.122,0.159,0.141,0.072,0.118,0.514,0.013,0.082,0.571,0.098,0.011,0.005,0.037,1.0,0.172,0.551,0.571,0.036,0.058,0.08,0.089,0.301,0.022,0.277,0.161,0.142,0.284,0.245,0.144,0.364,0.3,0.538,0.128,0.356,0.066,0.112,0.11,0.101,0.112,0.431,0.103,0.164,0.494,0.112,0.006,0.079,0.305,0.064,0.777,0.041,0.32,0.049,0.458,0.083,0.077,0.413,0.74,0.498,0.129,0.145,0.611,0.686,0.056,0.011,0.081,0.3,0.011,0.005,0.072,0.288,0.154,0.065,0.081,0.086,0.06,0.705,0.072,0.049,0.049,0.218,0.293,0.109,0.0,0.14,0.016,0.085
18,0.39,0.036,0.17,0.049,0.66,1.0,0.787,0.076,0.063,0.252,0.206,0.25,0.346,0.69,0.021,0.005,0.235,0.172,1.0,0.127,0.351,0.39,0.095,0.008,0.287,0.053,0.03,0.161,0.179,0.477,0.612,0.146,0.57,0.035,0.208,0.247,0.573,0.151,0.105,0.253,0.613,0.056,0.238,0.016,0.605,0.245,0.248,0.203,0.009,0.766,0.496,0.063,0.163,0.129,0.202,0.066,0.218,0.273,0.042,0.135,0.194,0.148,0.561,0.534,0.101,0.275,0.542,0.165,0.213,0.497,0.033,0.019,0.472,0.045,0.244,0.215,0.272,0.35,0.541,0.207,0.491,0.128,0.131,0.713,0.055,0.13,0.01,0.633,0.022,0.012
19,0.027,0.471,0.084,0.013,0.107,0.138,0.089,0.036,0.055,0.273,0.005,0.103,0.49,0.117,0.018,0.002,0.016,0.551,0.127,1.0,0.496,0.042,0.064,0.294,0.09,0.351,0.007,0.349,0.15,0.124,0.208,0.332,0.129,0.244,0.377,0.379,0.122,0.443,0.056,0.072,0.057,0.063,0.148,0.227,0.108,0.188,0.29,0.056,0.007,0.083,0.113,0.11,0.53,0.039,0.381,0.022,0.279,0.092,0.098,0.508,0.416,0.72,0.127,0.146,0.439,0.451,0.033,0.014,0.066,0.13,0.005,0.016,0.082,0.36,0.19,0.064,0.09,0.06,0.038,0.455,0.062,0.059,0.061,0.18,0.185,0.142,0.0,0.115,0.008,0.299
20,0.069,0.207,0.129,0.025,0.216,0.332,0.35,0.082,0.115,0.392,0.006,0.128,1.0,0.214,0.005,0.007,0.113,0.571,0.351,0.496,1.0,0.063,0.06,0.05,0.137,0.191,0.018,0.42,0.116,0.17,0.35,0.384,0.181,0.161,0.386,0.599,0.179,0.537,0.065,0.062,0.193,0.112,0.094,0.218,0.176,0.203,0.377,0.142,0.002,0.22,0.324,0.049,0.613,0.047,0.389,0.049,0.367,0.119,0.072,0.542,0.436,0.62,0.141,0.156,0.487,0.652,0.092,0.04,0.138,0.349,0.003,0.007,0.128,0.19,0.191,0.155,0.131,0.126,0.099,0.435,0.099,0.074,0.031,0.366,0.388,0.103,0.0,0.214,0.015,0.06
21,1.0,0.01,0.122,0.138,0.381,0.402,0.186,0.023,0.093,0.076,0.109,0.397,0.08,0.444,0.138,0.014,0.043,0.036,0.39,0.042,0.063,1.0,0.236,0.006,0.415,0.016,0.044,0.057,0.33,0.425,0.141,0.05,0.251,0.029,0.048,0.041,0.277,0.038,0.241,0.374,0.455,0.091,0.316,0.006,0.58,0.194,0.077,0.119,0.046,0.317,0.253,0.165,0.047,0.238,0.059,0.076,0.084,0.333,0.055,0.038,0.073,0.012,0.262,0.374,0.015,0.092,0.501,0.605,0.133,0.288,0.104,0.14,0.617,0.017,0.199,0.133,0.409,0.273,0.539,0.138,0.432,0.091,0.117,0.231,0.009,0.12,0.15,0.394,0.008,0.005
22,0.254,0.019,0.78,0.66,0.066,0.11,0.064,0.432,0.407,0.023,0.018,0.345,0.064,0.328,0.099,0.462,0.01,0.058,0.095,0.064,0.06,0.236,1.0,0.055,0.327,0.015,0.251,0.037,0.532,0.41,0.039,0.034,0.088,0.003,0.022,0.042,0.083,0.018,1.0,0.169,0.062,0.401,0.044,0.015,0.113,0.718,0.018,0.102,0.477,0.118,0.059,0.248,0.023,0.598,0.018,0.616,0.022,0.672,0.683,0.035,0.024,0.028,0.081,0.406,0.011,0.04,0.104,0.286,0.535,0.058,0.608,0.09,0.197,0.029,0.726,0.498,0.345,0.478,0.123,0.059,0.099,0.687,0.198,0.033,0.006,0.731,0.027,0.081,0.419,0.062
23,0.012,0.08,0.038,0.036,0.011,0.011,0.002,0.025,0.038,0.076,0.001,0.03,0.057,0.019,0.017,0.019,0.005,0.08,0.008,0.294,0.05,0.006,0.055,1.0,0.032,0.213,0.01,0.022,0.126,0.042,0.024,0.02,0.038,0.043,0.1,0.021,0.029,0.114,0.059,0.023,0.0,0.029,0.067,0.032,0.033,0.066,0.048,0.004,0.056,0.009,0.005,0.162,0.089,0.05,0.091,0.046,0.067,0.068,0.121,0.084,0.076,0.194,0.025,0.043,0.034,0.088,0.001,0.002,0.028,0.004,0.027,0.026,0.032,0.223,0.067,0.03,0.027,0.059,0.007,0.129,0.007,0.03,0.103,0.034,0.004,0.105,0.002,0.007,0.022,1.0
24,0.384,0.031,0.278,0.269,0.24,0.28,0.159,0.164,0.461,0.016,0.06,1.0,0.126,0.473,0.116,0.082,0.014,0.089,0.287,0.09,0.137,0.415,0.327,0.032,1.0,0.019,0.416,0.11,0.51,0.275,0.065,0.095,0.144,0.036,0.021,0.076,0.158,0.024,0.342,0.461,0.354,0.478,0.09,0.053,0.221,0.423,0.034,0.067,0.168,0.204,0.174,0.201,0.075,0.35,0.016,0.295,0.028,0.518,0.204,0.085,0.064,0.039,0.16,0.256,0.067,0.084,0.431,0.204,0.371,0.183,0.159,0.097,0.232,0.023,0.436,0.403,1.0,0.562,0.464,0.083,0.115,0.331,0.235,0.139,0.054,0.358,0.04,0.248,0.086,0.023
25,0.025,0.516,0.035,0.003,0.008,0.059,0.025,0.035,0.023,0.525,0.001,0.02,0.202,0.026,0.0,0.007,0.046,0.301,0.053,0.351,0.191,0.016,0.015,0.213,0.019,1.0,0.009,0.221,0.049,0.041,0.116,0.182,0.016,0.517,0.454,0.252,0.013,0.457,0.017,0.02,0.035,0.03,0.047,0.359,0.035,0.025,0.548,0.021,0.007,0.03,0.058,0.017,0.164,0.018,0.446,0.017,0.511,0.016,0.025,0.442,0.322,0.468,0.018,0.032,0.392,0.245,0.005,0.003,0.035,0.062,0.008,0.0,0.039,1.0,0.027,0.033,0.019,0.013,0.008,0.182,0.023,0.009,0.007,0.084,0.152,0.047,0.0,0.016,0.017,0.207
26,0.05,0.01,0.168,0.399,0.036,0.031,0.025,0.263,0.567,0.0,0.004,0.405,0.018,0.128,0.022,0.216,0.001,0.022,0.03,0.007,0.018,0.044,0.251,0.01,0.416,0.009,1.0,0.022,0.268,0.061,0.011,0.027,0.008,0.005,0.003,0.013,0.007,0.002,0.255,0.118,0.051,0.542,0.001,0.013,0.018,0.219,0.001,0.057,0.376,0.03,0.017,0.061,0.008,0.406,0.0,0.441,0.003,0.267,0.225,0.005,0.005,0.013,0.009,0.052,0.006,0.019,0.11,0.05,0.303,0.022,0.343,0.026,0.054,0.008,0.217,0.326,0.404,0.218,0.113,0.01,0.001,0.199,0.052,0.005,0.009,0.283,0.003,0.045,0.216,0.009
27,0.042,0.589,0.056,0.005,0.081,0.151,0.159,0.018,0.061,0.272,0.002,0.121,0.405,0.109,0.006,0.003,0.101,0.277,0.161,0.349,0.42,0.057,0.037,0.022,0.11,0.221,0.022,1.0,0.058,0.085,0.085,1.0,0.032,0.206,0.252,0.471,0.046,0.394,0.036,0.028,0.138,0.061,0.05,0.266,0.053,0.083,0.266,0.093,0.003,0.087,0.299,0.013,0.178,0.017,0.258,0.017,0.254,0.033,0.018,0.61,0.275,0.385,0.038,0.078,0.245,0.263,0.05,0.017,0.03,0.314,0.0,0.004,0.042,0.186,0.092,0.033,0.103,0.031,0.066,0.211,0.05,0.021,0.006,0.128,0.235,0.042,0.0,0.087,0.004,0.025
28,0.334,0.043,0.296,0.26,0.332,0.178,0.086,0.215,0.409,0.048,0.049,0.514,0.118,0.335,0.276,0.124,0.009,0.161,0.179,0.15,0.116,0.33,0.532,0.126,0.51,0.049,0.268,0.058,1.0,0.459,0.106,0.057,0.211,0.032,0.051,0.088,0.184,0.037,0.49,0.542,0.156,0.407,0.205,0.031,0.315,0.626,0.051,0.122,0.271,0.103,0.198,0.697,0.134,0.486,0.03,0.37,0.046,0.537,0.524,0.059,0.116,0.058,0.21,0.457,0.041,0.137,0.242,0.195,0.283,0.188,0.268,0.253,0.317,0.039,0.609,0.3,0.498,0.54,0.234,0.227,0.187,0.3,0.335,0.186,0.009,0.473,0.109,0.33,0.132,0.136
29,0.379,0.02,0.333,0.161,0.448,0.503,0.338,0.164,0.091,0.106,0.263,0.264,0.147,0.642,0.056,0.092,0.086,0.142,0.477,0.124,0.17,0.425,0.41,0.042,0.275,0.041,0.061,0.085,0.459,1.0,0.289,0.069,0.52,0.003,0.129,0.091,0.502,0.069,0.402,0.263,0.251,0.095,0.217,0.005,0.536,0.503,0.13,0.361,0.076,0.462,0.324,0.245,0.125,0.295,0.122,0.21,0.127,0.384,0.184,0.084,0.127,0.079,0.486,1.0,0.031,0.178,0.391,0.371,0.269,0.336,0.17,0.062,0.414,0.055,0.488,0.284,0.28,0.395,0.375,0.199,0.644,0.253,0.243,0.399,0.005,0.375,0.047,0.44,0.121,0.042
30,0.125,0.035,0.085,0.008,0.341,0.591,0.333,0.072,0.029,0.483,0.107,0.062,0.329,0.211,0.005,0.001,0.096,0.284,0.612,0.208,0.35,0.141,0.039,0.024,0.065,0.116,0.011,0.085,0.106,0.289,1.0,0.082,0.479,0.062,0.399,0.293,0.447,0.215,0.031,0.129,0.344,0.027,0.332,0.03,0.447,0.113,0.492,0.118,0.003,0.282,0.402,0.069,0.365,0.033,0.347,0.021,0.447,0.078,0.03,0.145,0.42,0.168,0.482,0.289,0.185,0.505,0.161,0.035,0.091,0.401,0.004,0.004,0.225,0.125,0.111,0.08,0.078,0.104,0.16,0.34,0.378,0.04,0.044,0.825,0.066,0.088,0.003,0.347,0.021,0.029
31,0.058,0.559,0.057,0.005,0.079,0.111,0.166,0.016,0.058,0.277,0.002,0.11,0.402,0.1,0.005,0.002,0.081,0.245,0.146,0.332,0.384,0.05,0.034,0.02,0.095,0.182,0.027,1.0,0.057,0.069,0.082,1.0,0.033,0.209,0.258,0.446,0.032,0.386,0.044,0.029,0.157,0.045,0.058,0.226,0.041,0.08,0.249,0.102,0.002,0.089,0.28,0.017,0.197,0.018,0.274,0.011,0.249,0.044,0.022,0.641,0.257,0.371,0.038,0.065,0.272,0.266,0.059,0.023,0.035,0.287,0.001,0.006,0.043,0.188,0.093,0.038,0.099,0.036,0.064,0.188,0.038,0.021,0.008,0.127,0.27,0.046,0.0,0.08,0.005,0.021
32,0.27,0.005,0.109,0.026,0.543,0.568,0.427,0.033,0.026,0.09,0.48,0.144,0.172,0.496,0.042,0.001,0.047,0.144,0.57,0.129,0.181,0.251,0.088,0.038,0.144,0.016,0.008,0.032,0.211,0.52,0.479,0.033,1.0,0.011,0.091,0.095,1.0,0.053,0.091,0.211,0.307,0.028,0.558,0.003,0.64,0.211,0.107,0.098,0.004,0.491,0.276,0.181,0.199,0.065,0.093,0.031,0.107,0.221,0.041,0.057,0.167,0.053,1.0,0.471,0.046,0.218,0.348,0.224,0.109,0.288,0.016,0.051,0.297,0.013,0.204,0.1,0.139,0.322,0.331,0.274,0.677,0.091,0.202,0.695,0.011,0.087,0.027,0.539,0.014,0.031
33,0.018,0.487,0.015,0.003,0.016,0.031,0.011,0.015,0.053,0.345,0.004,0.031,0.179,0.01,0.0,0.002,0.003,0.364,0.035,0.244,0.161,0.029,0.003,0.043,0.036,0.517,0.005,0.206,0.032,0.003,0.062,0.209,0.011,1.0,0.1,0.418,0.006,0.224,0.008,0.046,0.069,0.038,0.06,0.818,0.013,0.015,0.353,0.003,0.0,0.007,0.08,0.008,0.306,0.009,0.103,0.004,0.335,0.006,0.011,0.372,0.443,0.311,0.007,0.007,0.679,0.298,0.009,0.003,0.006,0.073,0.0,0.0,0.015,0.561,0.019,0.013,0.027,0.012,0.008,0.269,0.006,0.005,0.003,0.047,0.419,0.022,0.0,0.016,0.005,0.033
34,0.049,0.2,0.035,0.006,0.097,0.216,0.179,0.031,0.007,0.717,0.003,0.016,0.405,0.086,0.001,0.0,0.157,0.3,0.208,0.377,0.386,0.048,0.022,0.1,0.021,0.454,0.003,0.252,0.051,0.129,0.399,0.258,0.091,0.1,1.0,0.392,0.102,0.678,0.022,0.014,0.111,0.01,0.109,0.024,0.11,0.046,0.7,0.165,0.001,0.115,0.223,0.009,0.248,0.019,1.0,0.006,0.736,0.027,0.019,0.413,0.379,0.426,0.078,0.13,0.227,0.393,0.036,0.019,0.028,0.219,0.001,0.001,0.108,0.437,0.047,0.033,0.018,0.026,0.035,0.29,0.136,0.015,0.008,0.304,0.064,0.043,0.0,0.111,0.01,0.1
35,0.063,0.377,0.07,0.009,0.137,0.201,0.235,0.032,0.066,0.442,0.002,0.09,0.613,0.102,0.003,0.001,0.057,0.538,0.247,0.379,0.599,0.041,0.042,0.021,0.076,0.252,0.013,0.471,0.088,0.091,0.293,0.446,0.095,0.418,0.392,1.0,0.101,0.355,0.032,0.075,0.242,0.085,0.103,0.412,0.1,0.087,0.4,0.088,0.001,0.087,0.357,0.027,0.506,0.027,0.403,0.022,0.425,0.046,0.022,0.375,0.488,0.43,0.107,0.09,0.65,0.536,0.066,0.023,0.063,0.314,0.003,0.004,0.078,0.255,0.104,0.06,0.071,0.042,0.074,0.413,0.068,0.019,0.025,0.222,0.526,0.064,0.0,0.127,0.009,0.015
36,0.256,0.006,0.087,0.028,0.521,0.572,0.427,0.025,0.029,0.116,0.491,0.132,0.171,0.472,0.035,0.002,0.052,0.128,0.573,0.122,0.179,0.277,0.083,0.029,0.158,0.013,0.007,0.046,0.184,0.502,0.447,0.032,1.0,0.006,0.102,0.101,1.0,0.05,0.089,0.238,0.309,0.033,0.507,0.002,0.644,0.223,0.114,0.109,0.007,0.501,0.258,0.163,0.198,0.054,0.103,0.03,0.102,0.232,0.046,0.044,0.153,0.058,1.0,0.499,0.029,0.237,0.335,0.208,0.091,0.297,0.016,0.049,0.28,0.014,0.237,0.117,0.154,0.326,0.352,0.286,0.707,0.108,0.194,0.697,0.008,0.082,0.023,0.526,0.014,0.029
37,0.041,0.332,0.034,0.008,0.054,0.167,0.117,0.012,0.018,0.65,0.0,0.025,0.512,0.065,0.001,0.0,0.161,0.356,0.151,0.443,0.537,0.038,0.018,0.114,0.024,0.457,0.002,0.394,0.037,0.069,0.215,0.386,0.053,0.224,0.678,0.355,0.05,1.0,0.01,0.012,0.051,0.026,0.063,0.188,0.079,0.045,0.636,0.041,0.001,0.115,0.123,0.018,0.331,0.01,0.664,0.007,0.624,0.036,0.008,0.806,0.352,0.689,0.048,0.075,0.382,0.447,0.023,0.002,0.025,0.139,0.005,0.0,0.068,0.468,0.044,0.033,0.023,0.025,0.022,0.27,0.069,0.023,0.012,0.175,0.192,0.027,0.0,0.057,0.003,0.089
38,0.244,0.027,0.806,0.668,0.067,0.108,0.064,0.468,0.404,0.016,0.028,0.347,0.054,0.337,0.09,0.475,0.012,0.066,0.105,0.056,0.065,0.241,1.0,0.059,0.342,0.017,0.255,0.036,0.49,0.402,0.031,0.044,0.091,0.008,0.022,0.032,0.089,0.01,1.0,0.178,0.072,0.404,0.038,0.011,0.132,0.733,0.019,0.09,0.462,0.121,0.064,0.243,0.018,0.613,0.02,0.562,0.009,0.628,0.678,0.04,0.02,0.043,0.1,0.408,0.009,0.039,0.111,0.28,0.503,0.045,0.578,0.082,0.176,0.029,0.713,0.51,0.356,0.498,0.108,0.048,0.084,0.665,0.201,0.037,0.006,0.732,0.043,0.078,0.411,0.052
39,0.369,0.015,0.103,0.096,0.388,0.243,0.121,0.063,0.245,0.042,0.192,0.459,0.073,0.308,0.121,0.027,0.01,0.112,0.253,0.072,0.062,0.374,0.169,0.023,0.461,0.02,0.118,0.028,0.542,0.263,0.129,0.029,0.211,0.046,0.014,0.075,0.238,0.012,0.178,1.0,0.443,0.239,0.307,0.056,0.336,0.179,0.045,0.051,0.073,0.172,0.247,0.319,0.106,0.181,0.016,0.131,0.042,0.281,0.096,0.02,0.125,0.033,0.251,0.235,0.063,0.112,0.483,0.153,0.133,0.232,0.091,0.122,0.303,0.012,0.206,0.128,0.433,0.298,0.48,0.205,0.18,0.069,0.233,0.168,0.021,0.187,0.088,0.362,0.027,0.02
40,0.405,0.032,0.085,0.037,0.442,0.616,0.505,0.034,0.083,0.152,0.144,0.344,0.207,0.442,0.021,0.007,0.139,0.11,0.613,0.057,0.193,0.455,0.062,0.0,0.354,0.035,0.051,0.138,0.156,0.251,0.344,0.157,0.307,0.069,0.111,0.242,0.309,0.051,0.072,0.443,1.0,0.083,0.198,0.052,0.373,0.156,0.153,0.147,0.009,0.359,0.538,0.061,0.119,0.089,0.108,0.04,0.146,0.162,0.029,0.09,0.157,0.058,0.289,0.24,0.129,0.201,0.615,0.153,0.13,0.533,0.021,0.022,0.311,0.037,0.142,0.136,0.386,0.211,0.614,0.2,0.248,0.044,0.072,0.431,0.101,0.092,0.009,0.458,0.009,0.0
41,0.106,0.044,0.335,0.408,0.052,0.06,0.042,0.286,1.0,0.021,0.003,0.482,0.119,0.156,0.107,0.138,0.011,0.101,0.056,0.063,0.112,0.091,0.401,0.029,0.478,0.03,0.542,0.061,0.407,0.095,0.027,0.045,0.028,0.038,0.01,0.085,0.033,0.026,0.404,0.239,0.083,1.0,0.009,0.084,0.071,0.41,0.028,0.031,0.316,0.047,0.067,0.133,0.066,0.335,0.007,0.397,0.024,0.42,0.387,0.061,0.058,0.051,0.032,0.086,0.061,0.075,0.09,0.082,0.357,0.053,0.276,0.095,0.074,0.021,0.43,0.371,0.488,0.348,0.081,0.094,0.012,0.267,0.128,0.023,0.049,0.393,0.009,0.06,0.121,0.042
42,0.305,0.032,0.013,0.002,0.358,0.229,0.117,0.003,0.017,0.133,0.336,0.1,0.091,0.178,0.052,0.0,0.0,0.112,0.238,0.148,0.094,0.316,0.044,0.067,0.09,0.047,0.001,0.05,0.205,0.217,0.332,0.058,0.558,0.06,0.109,0.103,0.507,0.063,0.038,0.307,0.198,0.009,1.0,0.03,0.533,0.058,0.144,0.035,0.003,0.14,0.187,0.248,0.187,0.016,0.121,0.01,0.126,0.074,0.014,0.056,0.272,0.055,0.53,0.267,0.061,0.261,0.165,0.154,0.007,0.193,0.001,0.056,0.327,0.045,0.062,0.016,0.091,0.091,0.17,0.347,0.481,0.01,0.044,0.481,0.015,0.031,0.099,0.328,0.001,0.063
43,0.012,0.54,0.008,0.001,0.007,0.02,0.005,0.004,0.077,0.21,0.0,0.064,0.208,0.009,0.0,0.001,0.001,0.431,0.016,0.227,0.218,0.006,0.015,0.032,0.053,0.359,0.013,0.266,0.031,0.005,0.03,0.226,0.003,0.818,0.024,0.412,0.002,0.188,0.011,0.056,0.052,0.084,0.03,1.0,0.006,0.022,0.188,0.001,0.002,0.004,0.064,0.009,0.338,0.004,0.049,0.0,0.185,0.012,0.008,0.385,0.321,0.316,0.005,0.003,0.697,0.265,0.015,0.0,0.012,0.07,0.001,0.001,0.008,0.426,0.019,0.009,0.074,0.01,0.015,0.239,0.0,0.005,0.002,0.029,0.622,0.029,0.0,0.01,0.003,0.025
44,0.606,0.009,0.073,0.055,0.625,0.621,0.325,0.04,0.049,0.143,0.258,0.195,0.186,0.476,0.081,0.014,0.045,0.103,0.605,0.108,0.176,0.58,0.113,0.033,0.221,0.035,0.018,0.053,0.315,0.536,0.447,0.041,0.64,0.013,0.11,0.1,0.644,0.079,0.132,0.336,0.373,0.071,0.533,0.006,1.0,0.175,0.12,0.117,0.043,0.491,0.35,0.239,0.189,0.174,0.111,0.07,0.143,0.257,0.054,0.073,0.157,0.056,0.627,0.509,0.075,0.225,0.469,0.38,0.111,0.368,0.078,0.08,0.724,0.027,0.183,0.104,0.197,0.331,0.427,0.332,0.777,0.059,0.235,0.541,0.018,0.108,0.098,0.632,0.029,0.059
45,0.186,0.026,0.681,0.419,0.264,0.256,0.24,0.428,0.369,0.048,0.039,0.451,0.208,0.501,0.175,0.237,0.039,0.164,0.245,0.188,0.203,0.194,0.718,0.066,0.423,0.025,0.219,0.083,0.626,0.503,0.113,0.08,0.211,0.015,0.046,0.087,0.223,0.045,0.733,0.179,0.156,0.41,0.058,0.022,0.175,1.0,0.034,0.226,0.228,0.213,0.174,0.341,0.113,0.493,0.041,0.505,0.037,0.71,0.67,0.066,0.081,0.067,0.219,0.506,0.046,0.124,0.151,0.279,0.618,0.168,0.234,0.174,0.158,0.031,1.0,0.602,0.423,0.693,0.174,0.134,0.142,0.676,0.262,0.152,0.019,0.718,0.023,0.278,0.255,0.079
46,0.069,0.271,0.049,0.004,0.091,0.236,0.113,0.051,0.022,1.0,0.017,0.024,0.37,0.062,0.0,0.002,0.097,0.494,0.248,0.29,0.377,0.077,0.018,0.048,0.034,0.548,0.001,0.266,0.051,0.13,0.492,0.249,0.107,0.353,0.7,0.4,0.114,0.636,0.019,0.045,0.153,0.028,0.144,0.188,0.12,0.034,1.0,0.094,0.0,0.109,0.313,0.021,0.386,0.02,0.699,0.012,1.0,0.02,0.017,0.446,0.631,0.392,0.11,0.11,0.395,0.569,0.038,0.019,0.029,0.296,0.0,0.001,0.099,0.519,0.042,0.04,0.026,0.022,0.046,0.451,0.134,0.006,0.005,0.369,0.15,0.039,0.0,0.083,0.012,0.064
47,0.122,0.021,0.12,0.04,0.328,0.22,0.321,0.065,0.036,0.108,0.087,0.076,0.123,0.224,0.018,0.023,0.211,0.112,0.203,0.056,0.142,0.119,0.102,0.004,0.067,0.021,0.057,0.093,0.122,0.361,0.118,0.102,0.098,0.003,0.165,0.088,0.109,0.041,0.09,0.051,0.147,0.031,0.035,0.001,0.117,0.226,0.094,1.0,0.018,0.154,0.396,0.055,0.054,0.142,0.175,0.102,0.109,0.123,0.079,0.035,0.067,0.041,0.107,0.362,0.013,0.083,0.144,0.129,0.105,0.35,0.041,0.025,0.102,0.033,0.244,0.121,0.079,0.065,0.121,0.063,0.193,0.097,0.03,0.166,0.006,0.135,0.001,0.312,0.033,0.0
48,0.044,0.001,0.347,0.715,0.024,0.012,0.008,0.381,0.31,0.003,0.001,0.172,0.005,0.098,0.113,0.615,0.005,0.006,0.009,0.007,0.002,0.046,0.477,0.056,0.168,0.007,0.376,0.003,0.271,0.076,0.003,0.002,0.004,0.0,0.001,0.001,0.007,0.001,0.462,0.073,0.009,0.316,0.003,0.002,0.043,0.228,0.0,0.018,1.0,0.033,0.003,0.126,0.001,0.681,0.002,0.775,0.002,0.365,0.447,0.003,0.004,0.002,0.005,0.088,0.001,0.002,0.059,0.1,0.335,0.004,0.847,0.083,0.12,0.005,0.231,0.347,0.173,0.237,0.057,0.025,0.008,0.329,0.151,0.003,0.0,0.466,0.012,0.033,0.446,0.057
49,0.338,0.014,0.17,0.097,0.514,0.787,0.694,0.092,0.061,0.112,0.303,0.222,0.232,0.769,0.028,0.018,0.296,0.079,0.766,0.083,0.22,0.317,0.118,0.009,0.204,0.03,0.03,0.087,0.103,0.462,0.282,0.089,0.491,0.007,0.115,0.087,0.501,0.115,0.121,0.172,0.359,0.047,0.14,0.004,0.491,0.213,0.109,0.154,0.033,1.0,0.3,0.038,0.1,0.16,0.129,0.103,0.101,0.344,0.039,0.13,0.071,0.094,0.483,0.459,0.045,0.116,0.499,0.314,0.254,0.29,0.07,0.03,0.385,0.02,0.21,0.288,0.193,0.369,0.529,0.1,0.501,0.141,0.215,0.414,0.011,0.16,0.014,0.548,0.04,0.01
50,0.292,0.078,0.062,0.011,0.486,0.463,0.456,0.024,0.057,0.309,0.123,0.201,0.327,0.295,0.019,0.001,0.158,0.305,0.496,0.113,0.324,0.253,0.059,0.005,0.174,0.058,0.017,0.299,0.198,0.324,0.402,0.28,0.276,0.08,0.223,0.357,0.258,0.123,0.064,0.247,0.538,0.067,0.187,0.064,0.35,0.174,0.313,0.396,0.003,0.3,1.0,0.08,0.278,0.073,0.211,0.025,0.295,0.102,0.018,0.148,0.411,0.086,0.281,0.316,0.152,0.461,0.341,0.103,0.063,1.0,0.016,0.025,0.235,0.064,0.163,0.059,0.176,0.129,0.337,0.402,0.351,0.036,0.026,0.508,0.094,0.055,0.006,0.506,0.005,0.001
51,0.19,0.022,0.122,0.086,0.194,0.067,0.022,0.054,0.14,0.012,0.053,0.211,0.062,0.123,0.244,0.043,0.0,0.064,0.063,0.11,0.049,0.165,0.248,0.162,0.201,0.017,0.061,0.013,0.697,0.245,0.069,0.017,0.181,0.008,0.009,0.027,0.163,0.018,0.243,0.319,0.061,0.133,0.248,0.009,0.239,0.341,0.021,0.055,0.126,0.038,0.08,1.0,0.088,0.189,0.016,0.164,0.023,0.284,0.337,0.025,0.086,0.043,0.173,0.248,0.012,0.087,0.08,0.098,0.116,0.08,0.091,0.24,0.158,0.023,0.346,0.107,0.239,0.303,0.084,0.17,0.119,0.153,0.208,0.117,0.006,0.242,0.229,0.183,0.032,0.134
52,0.046,0.202,0.045,0.014,0.157,0.172,0.158,0.028,0.069,0.386,0.016,0.07,0.609,0.074,0.008,0.0,0.009,0.777,0.163,0.53,0.613,0.047,0.023,0.089,0.075,0.164,0.008,0.178,0.134,0.125,0.365,0.197,0.199,0.306,0.248,0.506,0.198,0.331,0.018,0.106,0.119,0.066,0.187,0.338,0.189,0.113,0.386,0.054,0.001,0.1,0.278,0.088,1.0,0.016,0.259,0.018,0.339,0.061,0.035,0.325,0.757,0.443,0.223,0.13,0.581,0.824,0.074,0.011,0.042,0.293,0.002,0.01,0.087,0.181,0.134,0.05,0.078,0.094,0.058,0.747,0.095,0.035,0.061,0.324,0.339,0.057,0.0,0.151,0.006,0.095
53,0.227,0.013,0.451,0.665,0.181,0.119,0.079,0.49,0.32,0.013,0.025,0.328,0.045,0.351,0.105,0.47,0.022,0.041,0.129,0.039,0.047,0.238,0.598,0.05,0.35,0.018,0.406,0.017,0.486,0.295,0.033,0.018,0.065,0.009,0.019,0.027,0.054,0.01,0.613,0.181,0.089,0.335,0.016,0.004,0.174,0.493,0.02,0.142,0.681,0.16,0.073,0.189,0.016,1.0,0.01,0.857,0.02,0.674,0.471,0.015,0.025,0.028,0.083,0.332,0.007,0.026,0.195,0.218,0.618,0.066,0.752,0.11,0.282,0.018,0.463,0.609,0.324,0.481,0.17,0.04,0.08,0.436,0.176,0.042,0.001,0.642,0.035,0.155,0.416,0.033
54,0.051,0.217,0.04,0.001,0.103,0.222,0.193,0.026,0.009,0.712,0.004,0.018,0.378,0.065,0.002,0.002,0.175,0.32,0.202,0.381,0.389,0.059,0.018,0.091,0.016,0.446,0.0,0.258,0.03,0.122,0.347,0.274,0.093,0.103,1.0,0.403,0.103,0.664,0.02,0.016,0.108,0.007,0.121,0.049,0.111,0.041,0.699,0.175,0.002,0.129,0.211,0.016,0.259,0.01,1.0,0.011,0.72,0.031,0.016,0.378,0.381,0.469,0.11,0.111,0.218,0.406,0.039,0.017,0.032,0.209,0.0,0.001,0.103,0.449,0.05,0.038,0.011,0.019,0.025,0.313,0.138,0.015,0.008,0.297,0.062,0.043,0.0,0.08,0.015,0.11
55,0.098,0.009,0.514,0.75,0.085,0.053,0.048,0.696,0.431,0.01,0.004,0.263,0.047,0.248,0.096,0.562,0.017,0.049,0.066,0.022,0.049,0.076,0.616,0.046,0.295,0.017,0.441,0.017,0.37,0.21,0.021,0.011,0.031,0.004,0.006,0.022,0.03,0.007,0.562,0.131,0.04,0.397,0.01,0.0,0.07,0.505,0.012,0.102,0.775,0.103,0.025,0.164,0.018,0.857,0.011,1.0,0.015,0.629,0.606,0.021,0.02,0.023,0.024,0.189,0.011,0.023,0.105,0.167,0.66,0.017,0.719,0.102,0.172,0.009,0.484,0.695,0.253,0.429,0.107,0.027,0.022,0.531,0.198,0.013,0.0,0.718,0.011,0.087,0.48,0.048
56,0.076,0.282,0.035,0.003,0.094,0.236,0.146,0.046,0.029,1.0,0.01,0.024,0.369,0.046,0.001,0.001,0.081,0.458,0.218,0.279,0.367,0.084,0.022,0.067,0.028,0.511,0.003,0.254,0.046,0.127,0.447,0.249,0.107,0.335,0.736,0.425,0.102,0.624,0.009,0.042,0.146,0.024,0.126,0.185,0.143,0.037,1.0,0.109,0.002,0.101,0.295,0.023,0.339,0.02,0.72,0.015,1.0,0.035,0.019,0.428,0.636,0.405,0.099,0.136,0.409,0.583,0.038,0.033,0.037,0.308,0.001,0.0,0.088,0.545,0.039,0.03,0.019,0.031,0.04,0.449,0.139,0.014,0.005,0.347,0.168,0.044,0.0,0.077,0.012,0.075
57,0.333,0.012,0.609,0.599,0.281,0.293,0.198,0.46,0.423,0.024,0.048,0.539,0.128,0.672,0.249,0.218,0.037,0.083,0.273,0.092,0.119,0.333,0.672,0.068,0.518,0.016,0.267,0.033,0.537,0.384,0.078,0.044,0.221,0.006,0.027,0.046,0.232,0.036,0.628,0.281,0.162,0.42,0.074,0.012,0.257,0.71,0.02,0.123,0.365,0.344,0.102,0.284,0.061,0.674,0.031,0.629,0.035,1.0,0.497,0.04,0.042,0.064,0.2,0.408,0.035,0.07,0.278,0.403,0.747,0.094,0.402,0.255,0.341,0.014,0.723,0.756,0.57,0.864,0.258,0.081,0.157,0.663,0.444,0.109,0.014,0.73,0.06,0.286,0.295,0.063
58,0.041,0.029,0.585,0.427,0.042,0.056,0.047,0.461,0.404,0.013,0.003,0.205,0.055,0.166,0.202,0.379,0.002,0.077,0.042,0.098,0.072,0.055,0.683,0.121,0.204,0.025,0.225,0.018,0.524,0.184,0.03,0.022,0.041,0.011,0.019,0.022,0.046,0.008,0.678,0.096,0.029,0.387,0.014,0.008,0.054,0.67,0.017,0.079,0.447,0.039,0.018,0.337,0.035,0.471,0.016,0.606,0.019,0.497,1.0,0.034,0.041,0.037,0.056,0.209,0.017,0.045,0.039,0.099,0.396,0.022,0.396,0.2,0.061,0.022,0.692,0.379,0.202,0.309,0.034,0.065,0.018,0.566,0.177,0.026,0.005,0.787,0.014,0.055,0.382,0.11
59,0.052,0.58,0.053,0.011,0.038,0.136,0.118,0.03,0.053,0.46,0.002,0.08,0.536,0.099,0.002,0.0,0.124,0.413,0.135,0.508,0.542,0.038,0.035,0.084,0.085,0.442,0.005,0.61,0.059,0.084,0.145,0.641,0.057,0.372,0.413,0.375,0.044,0.806,0.04,0.02,0.09,0.061,0.056,0.385,0.073,0.066,0.446,0.035,0.003,0.13,0.148,0.025,0.325,0.015,0.378,0.021,0.428,0.04,0.034,1.0,0.375,0.781,0.058,0.109,0.495,0.381,0.041,0.013,0.046,0.159,0.005,0.001,0.054,0.457,0.069,0.05,0.086,0.04,0.038,0.286,0.037,0.032,0.008,0.142,0.304,0.056,0.0,0.038,0.004,0.089
60,0.079,0.308,0.034,0.004,0.163,0.173,0.103,0.029,0.072,0.62,0.026,0.046,0.411,0.059,0.006,0.002,0.022,0.74,0.194,0.416,0.436,0.073,0.024,0.076,0.064,0.322,0.005,0.275,0.116,0.127,0.42,0.257,0.167,0.443,0.379,0.488,0.153,0.352,0.02,0.125,0.157,0.058,0.272,0.321,0.157,0.081,0.631,0.067,0.004,0.071,0.411,0.086,0.757,0.025,0.381,0.02,0.636,0.042,0.041,0.375,1.0,0.361,0.161,0.128,0.565,0.84,0.054,0.019,0.029,0.457,0.003,0.007,0.097,0.299,0.083,0.037,0.049,0.044,0.053,0.794,0.13,0.025,0.019,0.397,0.22,0.05,0.0,0.149,0.001,0.084
61,0.017,0.511,0.062,0.013,0.055,0.128,0.129,0.047,0.054,0.408,0.003,0.063,0.614,0.092,0.003,0.005,0.087,0.498,0.148,0.72,0.62,0.012,0.028,0.194,0.039,0.468,0.013,0.385,0.058,0.079,0.168,0.371,0.053,0.311,0.426,0.43,0.058,0.689,0.043,0.033,0.058,0.051,0.055,0.316,0.056,0.067,0.392,0.041,0.002,0.094,0.086,0.043,0.443,0.028,0.469,0.023,0.405,0.064,0.037,0.781,0.361,1.0,0.074,0.069,0.601,0.394,0.024,0.009,0.064,0.098,0.002,0.0,0.054,0.482,0.081,0.058,0.057,0.058,0.026,0.323,0.034,0.035,0.03,0.115,0.319,0.061,0.0,0.06,0.007,0.186
62,0.291,0.01,0.095,0.015,0.544,0.57,0.435,0.033,0.035,0.109,0.486,0.144,0.168,0.464,0.049,0.005,0.063,0.129,0.561,0.127,0.141,0.262,0.081,0.025,0.16,0.018,0.009,0.038,0.21,0.486,0.482,0.038,1.0,0.007,0.078,0.107,1.0,0.048,0.1,0.251,0.289,0.032,0.53,0.005,0.627,0.219,0.11,0.107,0.005,0.483,0.281,0.173,0.223,0.083,0.11,0.024,0.099,0.2,0.056,0.058,0.161,0.074,1.0,0.482,0.054,0.244,0.338,0.227,0.094,0.265,0.013,0.043,0.264,0.021,0.201,0.103,0.163,0.326,0.301,0.289,0.668,0.099,0.201,0.693,0.012,0.103,0.029,0.535,0.017,0.028
63,0.401,0.019,0.332,0.152,0.453,0.489,0.342,0.176,0.081,0.106,0.262,0.265,0.147,0.632,0.056,0.095,0.083,0.145,0.534,0.146,0.156,0.374,0.406,0.043,0.256,0.032,0.052,0.078,0.457,1.0,0.289,0.065,0.471,0.007,0.13,0.09,0.499,0.075,0.408,0.235,0.24,0.086,0.267,0.003,0.509,0.506,0.11,0.362,0.088,0.459,0.316,0.248,0.13,0.332,0.111,0.189,0.136,0.408,0.209,0.109,0.128,0.069,0.482,1.0,0.035,0.17,0.378,0.346,0.27,0.281,0.141,0.063,0.389,0.047,0.513,0.286,0.262,0.43,0.356,0.176,0.641,0.251,0.266,0.397,0.006,0.364,0.044,0.458,0.132,0.055
64,0.023,0.44,0.037,0.002,0.061,0.109,0.08,0.019,0.065,0.379,0.005,0.064,0.509,0.053,0.002,0.0,0.013,0.611,0.101,0.439,0.487,0.015,0.011,0.034,0.067,0.392,0.006,0.245,0.041,0.031,0.185,0.272,0.046,0.679,0.227,0.65,0.029,0.382,0.009,0.063,0.129,0.061,0.061,0.697,0.075,0.046,0.395,0.013,0.001,0.045,0.152,0.012,0.581,0.007,0.218,0.011,0.409,0.035,0.017,0.495,0.565,0.601,0.054,0.035,1.0,0.52,0.045,0.0,0.032,0.145,0.001,0.001,0.042,0.394,0.042,0.032,0.063,0.045,0.038,0.376,0.018,0.016,0.013,0.143,0.695,0.036,0.001,0.065,0.0,0.04
65,0.104,0.213,0.061,0.009,0.188,0.28,0.165,0.039,0.075,0.576,0.017,0.085,0.672,0.096,0.006,0.0,0.019,0.686,0.275,0.451,0.652,0.092,0.04,0.088,0.084,0.245,0.019,0.263,0.137,0.178,0.505,0.266,0.218,0.298,0.393,0.536,0.237,0.447,0.039,0.112,0.201,0.075,0.261,0.265,0.225,0.124,0.569,0.083,0.002,0.116,0.461,0.087,0.824,0.026,0.406,0.023,0.583,0.07,0.045,0.381,0.84,0.394,0.244,0.17,0.52,1.0,0.07,0.028,0.08,0.446,0.003,0.006,0.115,0.275,0.128,0.057,0.079,0.094,0.075,0.748,0.179,0.041,0.041,0.47,0.272,0.077,0.0,0.189,0.007,0.107
66,0.514,0.006,0.088,0.108,0.558,0.574,0.399,0.06,0.092,0.041,0.348,0.473,0.105,0.619,0.045,0.019,0.107,0.056,0.542,0.033,0.092,0.501,0.104,0.001,0.431,0.005,0.11,0.05,0.242,0.391,0.161,0.059,0.348,0.009,0.036,0.066,0.335,0.023,0.111,0.483,0.615,0.09,0.165,0.015,0.469,0.151,0.038,0.144,0.059,0.499,0.341,0.08,0.074,0.195,0.039,0.105,0.038,0.278,0.039,0.041,0.054,0.024,0.338,0.378,0.045,0.07,1.0,0.306,0.192,0.336,0.09,0.046,0.363,0.008,0.168,0.194,0.431,0.331,1.0,0.095,0.411,0.084,0.246,0.311,0.032,0.128,0.026,0.515,0.031,0.002
67,0.573,0.006,0.199,0.225,0.266,0.16,0.124,0.086,0.073,0.025,0.183,0.201,0.029,0.386,0.205,0.052,0.042,0.011,0.165,0.014,0.04,0.605,0.286,0.002,0.204,0.003,0.05,0.017,0.195,0.371,0.035,0.023,0.224,0.003,0.019,0.023,0.208,0.002,0.28,0.153,0.153,0.082,0.154,0.0,0.38,0.279,0.019,0.129,0.1,0.314,0.103,0.098,0.011,0.218,0.017,0.167,0.033,0.403,0.099,0.013,0.019,0.009,0.227,0.346,0.0,0.028,0.306,1.0,0.239,0.117,0.134,0.23,0.309,0.005,0.267,0.246,0.21,0.35,0.299,0.049,0.471,0.184,0.234,0.093,0.001,0.157,0.052,0.263,0.038,0.009
68,0.129,0.011,0.762,0.632,0.146,0.204,0.207,0.718,0.381,0.043,0.016,0.391,0.156,0.532,0.062,0.357,0.067,0.081,0.213,0.066,0.138,0.133,0.535,0.028,0.371,0.035,0.303,0.03,0.283,0.269,0.091,0.035,0.109,0.006,0.028,0.063,0.091,0.025,0.503,0.133,0.13,0.357,0.007,0.012,0.111,0.618,0.029,0.105,0.335,0.254,0.063,0.116,0.042,0.618,0.032,0.66,0.037,0.747,0.396,0.046,0.029,0.064,0.094,0.27,0.032,0.08,0.192,0.239,1.0,0.069,0.342,0.05,0.167,0.035,0.578,1.0,0.382,0.677,0.176,0.051,0.063,0.723,0.211,0.064,0.022,0.684,0.002,0.156,0.476,0.041
69,0.276,0.087,0.053,0.021,0.484,0.492,0.468,0.015,0.05,0.296,0.105,0.171,0.32,0.323,0.019,0.001,0.157,0.3,0.497,0.13,0.349,0.288,0.058,0.004,0.183,0.062,0.022,0.314,0.188,0.336,0.401,0.287,0.288,0.073,0.219,0.314,0.297,0.139,0.045,0.232,0.533,0.053,0.193,0.07,0.368,0.168,0.296,0.35,0.004,0.29,1.0,0.08,0.293,0.066,0.209,0.017,0.308,0.094,0.022,0.159,0.457,0.098,0.265,0.281,0.145,0.446,0.336,0.117,0.069,1.0,0.013,0.015,0.211,0.06,0.159,0.074,0.204,0.121,0.346,0.395,0.36,0.035,0.028,0.517,0.094,0.057,0.002,0.494,0.007,0.008
70,0.109,0.002,0.428,0.684,0.048,0.021,0.012,0.443,0.243,0.001,0.007,0.165,0.006,0.14,0.031,0.705,0.009,0.011,0.033,0.005,0.003,0.104,0.608,0.027,0.159,0.008,0.343,0.0,0.268,0.17,0.004,0.001,0.016,0.0,0.001,0.003,0.016,0.005,0.578,0.091,0.021,0.276,0.001,0.001,0.078,0.234,0.0,0.041,0.847,0.07,0.016,0.091,0.002,0.752,0.0,0.719,0.001,0.402,0.396,0.005,0.003,0.002,0.013,0.141,0.001,0.003,0.09,0.134,0.342,0.013,1.0,0.022,0.165,0.012,0.254,0.374,0.154,0.245,0.112,0.019,0.039,0.346,0.147,0.005,0.0,0.441,0.016,0.044,0.48,0.025
71,0.116,0.003,0.029,0.062,0.105,0.032,0.011,0.015,0.098,0.0,0.045,0.097,0.012,0.073,1.0,0.002,0.0,0.005,0.019,0.016,0.007,0.14,0.09,0.026,0.097,0.0,0.026,0.004,0.253,0.062,0.004,0.006,0.051,0.0,0.001,0.004,0.049,0.0,0.082,0.122,0.022,0.095,0.056,0.001,0.08,0.174,0.001,0.025,0.083,0.03,0.025,0.24,0.01,0.11,0.001,0.102,0.0,0.255,0.2,0.001,0.007,0.0,0.043,0.063,0.001,0.006,0.046,0.23,0.05,0.015,0.022,1.0,0.096,0.001,0.169,0.059,0.123,0.198,0.039,0.015,0.039,0.09,0.195,0.01,0.0,0.103,0.133,0.105,0.0,0.018
72,0.61,0.016,0.085,0.148,0.464,0.439,0.244,0.087,0.093,0.104,0.063,0.202,0.118,0.379,0.076,0.042,0.049,0.072,0.472,0.082,0.128,0.617,0.197,0.032,0.232,0.039,0.054,0.042,0.317,0.414,0.225,0.043,0.297,0.015,0.108,0.078,0.28,0.068,0.176,0.303,0.311,0.074,0.327,0.008,0.724,0.158,0.099,0.102,0.12,0.385,0.235,0.158,0.087,0.282,0.103,0.172,0.088,0.341,0.061,0.054,0.097,0.054,0.264,0.389,0.042,0.115,0.363,0.309,0.167,0.211,0.165,0.096,1.0,0.036,0.175,0.176,0.195,0.286,0.383,0.171,0.476,0.075,0.234,0.272,0.015,0.19,0.112,0.463,0.066,0.045
73,0.016,0.519,0.043,0.01,0.015,0.058,0.031,0.047,0.023,0.519,0.0,0.021,0.195,0.014,0.0,0.009,0.04,0.288,0.045,0.36,0.19,0.017,0.029,0.223,0.023,1.0,0.008,0.186,0.039,0.055,0.125,0.188,0.013,0.561,0.437,0.255,0.014,0.468,0.029,0.012,0.037,0.021,0.045,0.426,0.027,0.031,0.519,0.033,0.005,0.02,0.064,0.023,0.181,0.018,0.449,0.009,0.545,0.014,0.022,0.457,0.299,0.482,0.021,0.047,0.394,0.275,0.008,0.005,0.035,0.06,0.012,0.001,0.036,1.0,0.025,0.032,0.017,0.014,0.007,0.203,0.018,0.015,0.006,0.084,0.155,0.062,0.0,0.012,0.023,0.206
74,0.181,0.035,0.711,0.436,0.284,0.273,0.231,0.426,0.377,0.049,0.038,0.441,0.207,0.507,0.192,0.215,0.036,0.154,0.244,0.19,0.191,0.199,0.726,0.067,0.436,0.027,0.217,0.092,0.609,0.488,0.111,0.093,0.204,0.019,0.047,0.104,0.237,0.044,0.713,0.206,0.142,0.43,0.062,0.019,0.183,1.0,0.042,0.244,0.231,0.21,0.163,0.346,0.134,0.463,0.05,0.484,0.039,0.723,0.692,0.069,0.083,0.081,0.201,0.513,0.042,0.128,0.168,0.267,0.578,0.159,0.254,0.169,0.175,0.025,1.0,0.583,0.446,0.673,0.182,0.151,0.129,0.687,0.246,0.163,0.03,0.725,0.024,0.257,0.27,0.081
