,0,1,2,3,4,5,6,7,8,9,10,11,12,13,14,15,16,17,18,19,20,21,22,23,24,25,26,27,28,29,30,31,32,33,34,35,36,37,38,39,40,41,42,43,44,45,46,47,48,49,50,51,52,53,54,55,56,57,58,59,60,61,62,63,64,65,66,67,68,69,70,71,72,73,74,75,76,77,78,79,80,81,82,83,84,85,86,87,88,89,90,91,92,93,94,95,96,97,98,99
0,1.0,0.663,0.7478,0.0086,0.683,0.5964,0.7906,0.626,0.7014,0.5864,0.738,0.5238,0.7044,0.767,0.5128,0.7004,0.7782,0.7152,0.696,0.419,0.4334,0.714,0.793,0.8142,0.7498,0.6384,0.5176,0.7684,0.7654,0.6436,0.593,0.6156,0.7202,0.703,0.5934,0.703,0.7276,0.6294,0.672,0.6594,0.6634,0.789,0.63,0.6218,0.5916,0.5572,0.5534,0.72,0.609,0.744,0.617,0.6582,0.7798,0.694,0.9728,0.5202,0.4262,0.7264,0.698,0.5866,0.9342,0.7006,0.8068,0.3926,0.6448,0.652,0.5708,0.648,0.5356,0.9528,0.0714,0.7112,0.7022,0.6342,0.8438,0.8868,0.7148,0.7906,0.6664,0.6542,0.6264,0.6492,0.513,0.6712,0.6616,0.6512,0.537,0.669,0.5654,0.666,0.5966,0.6778,0.6462,0.64,0.8574,0.2898,0.8996,0.7078,0.6524,0.624
1,0.663,1.0,0.9732,0.1204,0.5412,0.7514,0.5344,0.9624,0.9294,0.7474,0.6652,0.9034,0.9764,0.6374,0.684,0.8814,0.9212,0.882,0.8878,0.2362,0.3034,0.9172,0.8046,0.826,0.9498,0.8298,0.8596,0.9362,0.8876,0.9008,0.6036,0.9542,0.9204,0.9124,0.8682,0.8468,0.2092,0.9408,0.9082,0.9334,0.4864,0.8958,0.9702,0.7128,0.9324,0.9278,0.4182,0.9792,0.7424,0.9628,0.319,0.9174,0.8348,0.556,0.6602,0.3964,0.871,0.9462,0.9918,0.9754,0.6026,0.9606,0.8516,0.2564,0.915,0.9248,0.7402,0.7314,0.794,0.6254,0.1326,0.8872,0.8688,0.7524,0.6106,0.4284,0.8642,0.9326,0.9104,0.7736,0.3218,0.7748,0.4446,0.9098,0.8784,0.8756,0.4424,0.911,0.8786,0.8348,0.9406,1.0,0.939,0.9656,0.7862,0.189,0.8496,0.9284,0.8826,0.8248
2,0.7478,0.9732,1.0,0.0948,0.5702,0.7678,0.6356,0.9404,0.9312,0.7556,0.6582,0.8672,0.9644,0.6396,0.7426,0.8832,0.9028,0.9114,0.873,0.2566,0.36,0.927,0.839,0.8952,0.9882,0.8606,0.8706,0.9206,0.8816,0.8998,0.6576,0.9408,0.9232,0.9258,0.8862,0.8614,0.2798,0.9332,0.9198,0.9236,0.5126,0.9458,0.9612,0.7472,0.9304,0.8854,0.4554,0.9788,0.764,0.9752,0.391,0.8914,0.8554,0.6098,0.7286,0.4344,0.8366,0.96,0.9828,0.9384,0.6882,0.948,0.8754,0.2898,0.92,0.9266,0.7598,0.7796,0.8112,0.7138,0.1802,0.9104,0.8266,0.8042,0.7086,0.509,0.9076,0.9082,0.9126,0.8112,0.3866,0.8174,0.4852,0.8974,0.8876,0.8802,0.4866,0.9248,0.8724,0.868,0.929,0.969,0.9322,0.9168,0.8374,0.1812,0.895,0.918,0.8698,0.8292
3,0.0086,0.1204,0.0948,1.0,0.0016,0.009,0.0072,0.1982,0.0642,0.009,0.0002,0.231,0.0512,0.0132,0.0,0.0402,0.0232,0.025,0.0392,0.1898,0.001,0.0258,0.005,0.0346,0.0912,0.0038,0.0488,0.0434,0.0134,0.0792,0.004,0.057,0.029,0.0294,0.067,0.0122,0.0052,0.028,0.0338,0.0474,0.0004,0.0428,0.0584,0.0008,0.04,0.2826,0.052,0.0958,0.0026,0.0514,0.0004,0.1208,0.1342,0.0026,0.0014,0.0706,0.2264,0.023,0.0886,0.0646,0.0002,0.0916,0.0,0.1338,0.051,0.0498,0.0036,0.0016,0.0174,0.0076,0.04,0.0164,0.0488,0.0636,0.0152,0.0012,0.1168,0.0402,0.0336,0.0122,0.0002,0.0098,0.022,0.0094,0.0256,0.0252,0.0076,0.0386,0.0998,0.0252,0.1206,0.1158,0.0464,0.0634,0.0196,0.0154,0.0038,0.0264,0.2754,0.0036
4,0.683,0.5412,0.5702,0.0016,1.0,0.6448,0.8798,0.4512,0.4738,0.497,0.975,0.3092,0.6574,0.957,0.5892,0.7822,0.5104,0.706,0.7614,0.7468,0.829,0.7672,0.6928,0.7434,0.5962,0.6182,0.5514,0.6876,0.8016,0.341,0.8968,0.5486,0.7648,0.7576,0.397,0.833,0.517,0.5302,0.6858,0.4376,0.96,0.7204,0.5878,0.8554,0.4946,0.3762,0.8872,0.665,0.7944,0.6372,0.8772,0.6766,0.3846,0.9608,0.7106,0.7808,0.3018,0.5772,0.5976,0.5236,0.564,0.6244,0.7418,0.7796,0.7034,0.5876,0.739,0.844,0.7132,0.6938,0.1446,0.613,0.459,0.5196,0.6956,0.7606,0.7468,0.6506,0.5732,0.6652,0.8642,0.6628,0.8906,0.6412,0.8,0.761,0.942,0.6742,0.6934,0.3608,0.5892,0.539,0.4408,0.4586,0.4362,0.0326,0.6994,0.7476,0.379,0.7874
5,0.5964,0.7514,0.7678,0.009,0.6448,1.0,0.6858,0.6038,0.7374,0.891,0.7694,0.513,0.8456,0.6562,0.7172,0.8568,0.8288,0.8352,0.8648,0.56,0.4708,0.8892,0.877,0.7174,0.7454,0.8076,0.7438,0.8358,0.9172,0.6474,0.6528,0.8152,0.8804,0.8928,0.688,0.8542,0.1906,0.8558,0.889,0.7814,0.605,0.7972,0.8408,0.8988,0.8364,0.5204,0.7122,0.7858,0.8948,0.8216,0.4178,0.758,0.5208,0.7246,0.602,0.7602,0.5824,0.8796,0.7888,0.8448,0.5366,0.8062,0.9012,0.5626,0.8154,0.7726,0.9442,0.8534,0.7858,0.5622,0.0756,0.8592,0.7422,0.5534,0.6976,0.4284,0.6598,0.8262,0.8144,0.839,0.4244,0.835,0.645,0.9274,0.869,0.8962,0.6374,0.886,0.7684,0.6912,0.7424,0.7504,0.7648,0.8022,0.614,0.1002,0.8226,0.8898,0.4688,0.935
6,0.7906,0.5344,0.6356,0.0072,0.8798,0.6858,1.0,0.4492,0.514,0.5354,0.8792,0.3202,0.6364,0.8378,0.655,0.752,0.562,0.7386,0.717,0.742,0.7872,0.7528,0.7746,0.839,0.6792,0.6648,0.5644,0.6578,0.7916,0.4128,0.8676,0.5612,0.7552,0.747,0.4558,0.8326,0.619,0.5546,0.71,0.4784,0.9406,0.7778,0.6034,0.8592,0.5196,0.356,0.8738,0.6612,0.8082,0.6658,0.885,0.6294,0.4648,0.9588,0.825,0.7746,0.2948,0.6288,0.5958,0.5032,0.6862,0.6178,0.7888,0.7762,0.6746,0.609,0.778,0.8726,0.7298,0.8146,0.2076,0.6812,0.4464,0.615,0.8894,0.8488,0.7584,0.639,0.6024,0.6982,0.8892,0.697,0.886,0.6334,0.7758,0.7138,0.8748,0.7048,0.6514,0.4754,0.567,0.5448,0.4732,0.471,0.5484,0.063,0.7818,0.755,0.4098,0.77
7,0.626,0.9624,0.9404,0.1982,0.4512,0.6038,0.4492,1.0,0.9192,0.6538,0.5312,0.9764,0.8986,0.5228,0.6394,0.766,0.84,0.8352,0.7634,0.1338,0.2078,0.8146,0.6478,0.7712,0.9178,0.781,0.8282,0.8588,0.7638,0.9388,0.5394,0.9266,0.8184,0.8194,0.9084,0.7352,0.2388,0.889,0.7898,0.9124,0.3688,0.8518,0.9146,0.5954,0.893,0.9848,0.2946,0.9288,0.5828,0.9112,0.2334,0.8078,0.868,0.4492,0.6192,0.2612,0.8572,0.8724,0.9432,0.9014,0.6116,0.8798,0.7376,0.1644,0.8762,0.8908,0.5972,0.6276,0.713,0.6072,0.179,0.8134,0.793,0.7926,0.551,0.3682,0.836,0.837,0.866,0.7176,0.249,0.7118,0.3316,0.817,0.7578,0.7622,0.345,0.7938,0.7732,0.8328,0.9162,0.9616,0.9138,0.9056,0.807,0.175,0.7788,0.8104,0.9188,0.691
8,0.7014,0.9294,0.9312,0.0642,0.4738,0.7374,0.514,0.9192,1.0,0.862,0.564,0.891,0.913,0.537,0.6668,0.7658,0.9052,0.902,0.7442,0.2252,0.1956,0.8472,0.7048,0.7858,0.8882,0.8208,0.8016,0.9098,0.8092,0.9478,0.5258,0.9554,0.8442,0.8426,0.9694,0.7702,0.3252,0.9538,0.8032,0.9474,0.4014,0.8944,0.9138,0.6364,0.943,0.857,0.3516,0.9042,0.6252,0.924,0.2626,0.762,0.8906,0.494,0.7206,0.346,0.8036,0.9442,0.9436,0.9106,0.7254,0.8474,0.8388,0.239,0.889,0.898,0.659,0.6972,0.7094,0.6968,0.131,0.941,0.8754,0.7506,0.6824,0.4408,0.7622,0.8782,0.953,0.8484,0.2614,0.8452,0.347,0.8848,0.7576,0.8118,0.3576,0.7922,0.7278,0.9052,0.9134,0.9274,0.9494,0.935,0.9074,0.2208,0.865,0.8422,0.8182,0.7292
9,0.5864,0.7474,0.7556,0.009,0.497,0.891,0.5354,0.6538,0.862,1.0,0.617,0.6018,0.8184,0.5296,0.6296,0.7408,0.8322,0.855,0.7454,0.3852,0.2666,0.8062,0.7122,0.6424,0.7134,0.7662,0.6976,0.8378,0.809,0.7392,0.5054,0.8592,0.8128,0.8128,0.815,0.7382,0.2298,0.892,0.7854,0.826,0.4294,0.7904,0.8168,0.722,0.8684,0.5604,0.4866,0.7574,0.6884,0.7878,0.2596,0.6864,0.6236,0.5338,0.6094,0.546,0.6338,0.884,0.7934,0.825,0.593,0.7452,0.8514,0.366,0.819,0.7676,0.7644,0.7548,0.6768,0.6036,0.0526,0.9212,0.8066,0.5388,0.658,0.3688,0.5954,0.7884,0.8896,0.904,0.2616,0.9076,0.4498,0.876,0.7542,0.8306,0.4362,0.788,0.6584,0.7646,0.7848,0.7542,0.8146,0.828,0.7362,0.1548,0.8036,0.8098,0.5212,0.7884
10,0.738,0.6652,0.6582,0.0002,0.975,0.7694,0.8792,0.5312,0.564,0.617,1.0,0.397,0.7762,0.9732,0.6456,0.8574,0.6694,0.7904,0.8508,0.7148,0.7364,0.8554,0.7986,0.7824,0.6822,0.6922,0.6238,0.7962,0.8994,0.4676,0.8598,0.6528,0.8524,0.834,0.5056,0.894,0.4876,0.6414,0.7758,0.556,0.9068,0.789,0.6898,0.9104,0.5986,0.4702,0.856,0.7508,0.8424,0.7252,0.7784,0.7524,0.4782,0.9442,0.7734,0.8116,0.3858,0.693,0.6838,0.653,0.6216,0.733,0.8432,0.7354,0.7732,0.6786,0.8276,0.8794,0.7444,0.739,0.1194,0.7358,0.6078,0.5522,0.745,0.7478,0.7706,0.788,0.6714,0.7534,0.773,0.7482,0.8414,0.7694,0.8462,0.8242,0.884,0.7764,0.7468,0.4778,0.6614,0.6596,0.5782,0.5986,0.524,0.056,0.8142,0.8418,0.4536,0.8686
11,0.5238,0.9034,0.8672,0.231,0.3092,0.513,0.3202,0.9764,0.891,0.6018,0.397,1.0,0.8066,0.3998,0.558,0.6346,0.7888,0.7318,0.6362,0.0764,0.1194,0.6964,0.5304,0.672,0.8314,0.7024,0.78,0.7554,0.648,0.9452,0.4124,0.8638,0.6994,0.7024,0.8958,0.6054,0.213,0.8288,0.674,0.8974,0.25,0.743,0.8394,0.476,0.8452,0.9758,0.1916,0.8308,0.4744,0.8508,0.1362,0.7086,0.8376,0.3218,0.5156,0.1694,0.8488,0.7952,0.866,0.8544,0.5382,0.7838,0.6572,0.0988,0.7514,0.8336,0.5016,0.5,0.6282,0.5078,0.1654,0.7442,0.7344,0.7364,0.4756,0.2682,0.6958,0.7514,0.805,0.6268,0.1372,0.6248,0.2312,0.7394,0.6398,0.6488,0.2314,0.6796,0.666,0.8326,0.8288,0.9002,0.8982,0.8664,0.7756,0.2024,0.676,0.7032,0.873,0.5676
12,0.7044,0.9764,0.9644,0.0512,0.6574,0.8456,0.6364,0.8986,0.913,0.8184,0.7762,0.8066,1.0,0.7324,0.7888,0.9302,0.931,0.943,0.9248,0.3634,0.3894,0.9766,0.8716,0.889,0.948,0.899,0.895,0.9628,0.9536,0.8706,0.7302,0.9582,0.9764,0.9716,0.8688,0.9234,0.2606,0.961,0.9496,0.93,0.5916,0.9318,0.9814,0.8418,0.9508,0.8368,0.5606,0.9782,0.8378,0.9884,0.395,0.9104,0.7544,0.6704,0.7104,0.5314,0.7776,0.9706,0.984,0.9684,0.6546,0.9586,0.9296,0.385,0.9532,0.9522,0.8438,0.8362,0.8668,0.6874,0.1502,0.9396,0.853,0.7698,0.731,0.4894,0.8834,0.954,0.9346,0.852,0.4128,0.8546,0.558,0.9756,0.947,0.9404,0.5682,0.9428,0.8864,0.8376,0.925,0.9708,0.935,0.9446,0.7724,0.1334,0.909,0.9738,0.7696,0.9134
13,0.767,0.6374,0.6396,0.0132,0.957,0.6562,0.8378,0.5228,0.537,0.5296,0.9732,0.3998,0.7324,1.0,0.541,0.8556,0.6326,0.7418,0.8368,0.619,0.718,0.8146,0.7736,0.7706,0.6698,0.5994,0.567,0.7936,0.8552,0.4358,0.8068,0.6072,0.8028,0.7966,0.4594,0.8324,0.5206,0.5912,0.7416,0.512,0.8718,0.7794,0.6386,0.8204,0.5376,0.472,0.7916,0.7408,0.7978,0.698,0.7956,0.7958,0.5126,0.8984,0.7758,0.7234,0.4004,0.6484,0.6756,0.5984,0.6222,0.7318,0.7848,0.643,0.7622,0.6238,0.716,0.8168,0.6668,0.7608,0.092,0.6678,0.5994,0.5192,0.6908,0.8094,0.7866,0.7732,0.618,0.6798,0.7846,0.6734,0.756,0.684,0.8126,0.795,0.822,0.7418,0.7532,0.4168,0.6518,0.6366,0.5156,0.5736,0.5254,0.0796,0.7802,0.799,0.5304,0.8006
14,0.5128,0.684,0.7426,0.0,0.5892,0.7172,0.655,0.6394,0.6668,0.6296,0.6456,0.558,0.7888,0.541,1.0,0.6914,0.6278,0.8474,0.6726,0.429,0.4426,0.7936,0.601,0.8466,0.7952,0.9546,0.9252,0.664,0.756,0.6666,0.8248,0.7968,0.7958,0.7788,0.7578,0.8774,0.2332,0.7854,0.738,0.7506,0.6022,0.7976,0.819,0.813,0.805,0.5902,0.5746,0.7486,0.6696,0.8236,0.4058,0.5988,0.4344,0.681,0.583,0.4752,0.4394,0.7788,0.7262,0.6826,0.5242,0.6464,0.7824,0.488,0.8036,0.89,0.8304,0.8214,0.9534,0.5426,0.4802,0.8032,0.4308,0.8494,0.7442,0.3642,0.7588,0.622,0.807,0.8136,0.4258,0.7946,0.6898,0.8134,0.8238,0.7374,0.627,0.7414,0.6548,0.7532,0.747,0.692,0.7496,0.6172,0.5908,0.0094,0.7322,0.7944,0.4226,0.8018
15,0.7004,0.8814,0.8832,0.0402,0.7822,0.8568,0.752,0.766,0.7658,0.7408,0.8574,0.6346,0.9302,0.8556,0.6914,1.0,0.8084,0.8934,0.9976,0.4594,0.583,0.9778,0.902,0.8366,0.872,0.7928,0.7964,0.9414,0.9742,0.6642,0.771,0.8642,0.9784,0.986,0.7188,0.9286,0.2514,0.8568,0.9758,0.7778,0.7362,0.9156,0.9074,0.9146,0.8216,0.6904,0.6976,0.9386,0.9476,0.895,0.5738,0.9688,0.6682,0.8046,0.6838,0.6746,0.7282,0.8736,0.9218,0.894,0.5414,0.9568,0.8828,0.4892,0.9302,0.831,0.8846,0.9004,0.8468,0.676,0.1102,0.8506,0.7918,0.638,0.6672,0.5914,0.898,0.9054,0.8296,0.8294,0.5666,0.8334,0.695,0.9018,0.9764,0.9824,0.7074,0.9778,0.9694,0.6408,0.8892,0.8866,0.7664,0.8456,0.6052,0.111,0.8302,0.9816,0.7086,0.9626
16,0.7782,0.9212,0.9028,0.0232,0.5104,0.8288,0.562,0.84,0.9052,0.8322,0.6694,0.7888,0.931,0.6326,0.6278,0.8084,1.0,0.827,0.8192,0.2942,0.2426,0.8548,0.8332,0.782,0.8604,0.8032,0.743,0.9156,0.8666,0.8834,0.5384,0.8756,0.857,0.8604,0.7968,0.7804,0.354,0.9144,0.8394,0.923,0.4402,0.8338,0.8846,0.7002,0.8884,0.769,0.435,0.869,0.6744,0.9114,0.302,0.7998,0.8098,0.5386,0.7608,0.4416,0.7342,0.9416,0.9168,0.922,0.7552,0.887,0.9138,0.2804,0.8262,0.847,0.7056,0.6798,0.6756,0.6874,0.0512,0.8842,0.9144,0.6762,0.7018,0.477,0.7292,0.9662,0.8478,0.752,0.3152,0.7642,0.416,0.9206,0.7948,0.8038,0.4196,0.831,0.7198,0.8562,0.785,0.918,0.9276,0.9596,0.8648,0.278,0.9242,0.861,0.7622,0.7926
17,0.7152,0.882,0.9114,0.025,0.706,0.8352,0.7386,0.8352,0.902,0.855,0.7904,0.7318,0.943,0.7418,0.8474,0.8934,0.827,1.0,0.8708,0.4278,0.446,0.953,0.789,0.9258,0.9216,0.9384,0.9026,0.9222,0.939,0.8132,0.8052,0.9492,0.9546,0.9554,0.8826,0.9468,0.3244,0.9382,0.8942,0.8814,0.6536,0.9794,0.9412,0.8724,0.928,0.72,0.6082,0.941,0.8002,0.953,0.497,0.8254,0.7248,0.7684,0.7668,0.5618,0.6728,0.9368,0.9334,0.874,0.6868,0.8694,0.9286,0.472,0.9804,0.9434,0.849,0.925,0.9024,0.7506,0.245,0.9798,0.7388,0.8202,0.806,0.557,0.897,0.859,0.9748,0.9694,0.5072,0.9678,0.6488,0.9322,0.929,0.9346,0.6538,0.8978,0.8424,0.826,0.9362,0.8772,0.875,0.8436,0.7836,0.0918,0.9018,0.9598,0.6758,0.8938
18,0.696,0.8878,0.873,0.0392,0.7614,0.8648,0.717,0.7634,0.7442,0.7454,0.8508,0.6362,0.9248,0.8368,0.6726,0.9976,0.8192,0.8708,1.0,0.4562,0.5704,0.9706,0.9242,0.7976,0.8576,0.7684,0.766,0.9396,0.9688,0.6562,0.7414,0.847,0.9682,0.9708,0.6922,0.914,0.24,0.8382,0.9746,0.7414,0.713,0.8952,0.9024,0.8878,0.8214,0.7018,0.6844,0.9274,0.9444,0.89,0.5542,0.9722,0.6522,0.7958,0.6848,0.6836,0.7348,0.8752,0.9084,0.8922,0.529,0.9646,0.878,0.5016,0.9178,0.811,0.8822,0.8722,0.8252,0.6466,0.0804,0.837,0.8094,0.6032,0.6468,0.5854,0.875,0.9112,0.8152,0.811,0.5666,0.7998,0.6752,0.899,0.9622,0.974,0.695,0.9738,0.9594,0.6274,0.8646,0.8824,0.7622,0.8528,0.5908,0.1196,0.8318,0.9696,0.7122,0.9568
19,0.419,0.2362,0.2566,0.1898,0.7468,0.56,0.742,0.1338,0.2252,0.3852,0.7148,0.0764,0.3634,0.619,0.429,0.4594,0.2942,0.4278,0.4562,1.0,0.7196,0.4586,0.5002,0.4302,0.275,0.419,0.2976,0.3758,0.5416,0.1448,0.618,0.2904,0.4442,0.4548,0.187,0.537,0.4094,0.2974,0.4118,0.2184,0.771,0.4094,0.3124,0.689,0.2748,0.0944,0.9216,0.3096,0.5926,0.3326,0.6716,0.303,0.1376,0.7748,0.4958,0.8976,0.0748,0.336,0.2842,0.2808,0.3712,0.3046,0.5286,0.9806,0.3848,0.308,0.6286,0.6372,0.47,0.4526,0.0784,0.409,0.2348,0.2506,0.6008,0.519,0.3286,0.35,0.324,0.474,0.6756,0.4718,0.8372,0.412,0.4994,0.453,0.8146,0.4242,0.3268,0.206,0.2686,0.237,0.2132,0.223,0.2396,0.0134,0.451,0.4584,0.0814,0.5804
20,0.4334,0.3034,0.36,0.001,0.829,0.4708,0.7872,0.2078,0.1956,0.2666,0.7364,0.1194,0.3894,0.718,0.4426,0.583,0.2426,0.446,0.5704,0.7196,1.0,0.543,0.5284,0.5126,0.374,0.3836,0.3746,0.3946,0.5612,0.114,0.786,0.3196,0.543,0.532,0.1864,0.6106,0.4702,0.2888,0.531,0.1894,0.9208,0.4764,0.3782,0.7284,0.282,0.1866,0.87,0.4128,0.7198,0.3716,0.9248,0.4902,0.1762,0.8664,0.4576,0.743,0.2054,0.3236,0.3482,0.3116,0.301,0.4158,0.4438,0.8138,0.466,0.3396,0.6468,0.7036,0.5686,0.4666,0.1326,0.344,0.2134,0.2788,0.4846,0.6502,0.54,0.3398,0.3098,0.4356,0.9188,0.429,0.9074,0.38,0.6194,0.5668,0.9234,0.5462,0.5644,0.1354,0.3756,0.2924,0.194,0.2292,0.152,0.0092,0.3944,0.5348,0.203,0.64
21,0.714,0.9172,0.927,0.0258,0.7672,0.8892,0.7528,0.8146,0.8472,0.8062,0.8554,0.6964,0.9766,0.8146,0.7936,0.9778,0.8548,0.953,0.9706,0.4586,0.543,1.0,0.9,0.8884,0.9198,0.8882,0.8744,0.9568,0.9882,0.761,0.8048,0.9332,1.0,0.9998,0.7928,0.968,0.2674,0.9254,0.9766,0.843,0.7166,0.9512,0.9596,0.9152,0.9056,0.7442,0.6752,0.964,0.9128,0.9576,0.5392,0.9342,0.6894,0.802,0.7324,0.6408,0.7198,0.9358,0.9532,0.925,0.5936,0.9508,0.9404,0.4912,0.9726,0.9208,0.9146,0.9278,0.9072,0.6852,0.1614,0.9362,0.7968,0.7206,0.7326,0.5436,0.914,0.9178,0.9194,0.8932,0.5366,0.8958,0.6894,0.9574,0.99,0.9858,0.6922,0.9766,0.9298,0.7434,0.9258,0.9182,0.8558,0.872,0.6918,0.0994,0.8916,0.9998,0.7122,0.9676
22,0.793,0.8046,0.839,0.005,0.6928,0.877,0.7746,0.6478,0.7048,0.7122,0.7986,0.5304,0.8716,0.7736,0.601,0.902,0.8332,0.789,0.9242,0.5002,0.5284,0.9,1.0,0.809,0.8056,0.7254,0.6554,0.8626,0.9202,0.6174,0.6736,0.7358,0.885,0.8952,0.602,0.8436,0.3308,0.7554,0.9144,0.6988,0.6848,0.8284,0.806,0.8566,0.7308,0.5816,0.7026,0.839,0.9128,0.8332,0.5564,0.8774,0.6518,0.77,0.7426,0.7188,0.6184,0.8444,0.8362,0.808,0.6446,0.8858,0.8922,0.506,0.7844,0.7222,0.847,0.7912,0.7222,0.705,0.0546,0.7776,0.7662,0.5628,0.7354,0.6466,0.7688,0.8726,0.7298,0.7178,0.5506,0.715,0.6318,0.847,0.8774,0.8754,0.6308,0.9184,0.8334,0.6232,0.7268,0.797,0.7078,0.776,0.6376,0.1984,0.8554,0.8938,0.6336,0.8876
23,0.8142,0.826,0.8952,0.0346,0.7434,0.7174,0.839,0.7712,0.7858,0.6424,0.7824,0.672,0.889,0.7706,0.8466,0.8366,0.782,0.9258,0.7976,0.4302,0.5126,0.8884,0.809,1.0,0.9438,0.9048,0.8498,0.8368,0.8788,0.738,0.8606,0.8286,0.8916,0.8918,0.7658,0.9352,0.4688,0.8202,0.8414,0.8016,0.7508,0.9506,0.853,0.8254,0.8036,0.7132,0.6092,0.9002,0.7606,0.9226,0.6204,0.7734,0.7094,0.7928,0.8502,0.5138,0.5534,0.8574,0.8458,0.7752,0.7694,0.817,0.8962,0.4646,0.8724,0.905,0.7822,0.8636,0.8686,0.8182,0.346,0.8642,0.6268,0.9022,0.8832,0.6878,0.9464,0.8134,0.8288,0.8124,0.6174,0.8238,0.687,0.8438,0.8836,0.8248,0.6522,0.8542,0.7722,0.7786,0.8268,0.8168,0.805,0.732,0.7878,0.073,0.9164,0.8878,0.6864,0.8208
24,0.7498,0.9498,0.9882,0.0912,0.5962,0.7454,0.6792,0.9178,0.8882,0.7134,0.6822,0.8314,0.948,0.6698,0.7952,0.872,0.8604,0.9216,0.8576,0.275,0.374,0.9198,0.8056,0.9438,1.0,0.902,0.9158,0.8996,0.8818,0.87,0.724,0.9318,0.9292,0.9322,0.8778,0.8964,0.317,0.915,0.9116,0.9134,0.5784,0.9532,0.9506,0.7672,0.9108,0.8754,0.4806,0.9706,0.7634,0.9776,0.4226,0.8608,0.816,0.6536,0.739,0.439,0.7768,0.9346,0.9608,0.8896,0.6736,0.9188,0.8694,0.3242,0.9302,0.946,0.7734,0.804,0.8566,0.722,0.2664,0.901,0.7476,0.8794,0.7398,0.542,0.9436,0.8604,0.8974,0.8176,0.4304,0.819,0.5358,0.8856,0.8994,0.8672,0.5256,0.912,0.8526,0.851,0.925,0.9546,0.9082,0.8666,0.7988,0.1238,0.8862,0.9258,0.8348,0.8352
25,0.6384,0.8298,0.8606,0.0038,0.6182,0.8076,0.6648,0.781,0.8208,0.7662,0.6922,0.7024,0.899,0.5994,0.9546,0.7928,0.8032,0.9384,0.7684,0.419,0.3836,0.8882,0.7254,0.9048,0.902,1.0,0.959,0.8094,0.8636,0.8154,0.7934,0.9028,0.89,0.888,0.8588,0.9326,0.303,0.9148,0.8374,0.9004,0.5836,0.8866,0.916,0.831,0.9126,0.6978,0.5598,0.8632,0.7408,0.9402,0.383,0.719,0.5892,0.6916,0.6808,0.5104,0.57,0.9138,0.8616,0.8396,0.6602,0.781,0.9092,0.4354,0.8838,0.9642,0.864,0.8546,0.9394,0.6418,0.346,0.9232,0.6084,0.8954,0.8174,0.435,0.8124,0.778,0.9102,0.8762,0.3956,0.8718,0.6148,0.933,0.8834,0.8308,0.598,0.8346,0.7426,0.884,0.8262,0.8258,0.898,0.7848,0.761,0.0516,0.871,0.8912,0.5648,0.8596
26,0.5176,0.8596,0.8706,0.0488,0.5514,0.7438,0.5644,0.8282,0.8016,0.6976,0.6238,0.78,0.895,0.567,0.9252,0.7964,0.743,0.9026,0.766,0.2976,0.3746,0.8744,0.6554,0.8498,0.9158,0.959,1.0,0.7758,0.817,0.812,0.7516,0.9198,0.889,0.878,0.8758,0.8868,0.1696,0.9098,0.8454,0.8852,0.5324,0.8674,0.94,0.7828,0.9284,0.7994,0.4798,0.8862,0.7146,0.9292,0.3412,0.7566,0.597,0.6136,0.5548,0.408,0.68,0.878,0.8836,0.858,0.5074,0.7904,0.8042,0.346,0.9086,0.976,0.824,0.808,0.9516,0.515,0.3898,0.8582,0.5814,0.875,0.6434,0.329,0.8394,0.73,0.8886,0.814,0.3438,0.8202,0.558,0.8804,0.8786,0.834,0.5468,0.863,0.802,0.8438,0.879,0.859,0.8966,0.789,0.6566,0.0438,0.7626,0.89,0.6352,0.8274
27,0.7684,0.9362,0.9206,0.0434,0.6876,0.8358,0.6578,0.8588,0.9098,0.8378,0.7962,0.7554,0.9628,0.7936,0.664,0.9414,0.9156,0.9222,0.9396,0.3758,0.3946,0.9568,0.8626,0.8368,0.8996,0.8094,0.7758,1.0,0.9542,0.8014,0.6802,0.9326,0.9514,0.9488,0.8174,0.8814,0.296,0.9136,0.917,0.8672,0.5938,0.9364,0.9224,0.8086,0.8826,0.784,0.5568,0.9552,0.8138,0.9326,0.4558,0.925,0.8154,0.6968,0.7578,0.5398,0.7616,0.9338,0.9574,0.9336,0.6786,0.9616,0.918,0.3922,0.949,0.8636,0.7906,0.8222,0.7566,0.7496,0.077,0.9234,0.92,0.673,0.6984,0.5712,0.8534,0.9752,0.9184,0.8784,0.444,0.8722,0.5356,0.926,0.9002,0.9392,0.5614,0.917,0.8688,0.7452,0.9206,0.9444,0.8724,0.9238,0.7722,0.194,0.9088,0.9486,0.7958,0.871
28,0.7654,0.8876,0.8816,0.0134,0.8016,0.9172,0.7916,0.7638,0.8092,0.809,0.8994,0.648,0.9536,0.8552,0.756,0.9742,0.8666,0.939,0.9688,0.5416,0.5612,0.9882,0.9202,0.8788,0.8818,0.8636,0.817,0.9542,1.0,0.7142,0.8032,0.882,0.9866,0.9868,0.7376,0.9592,0.3196,0.8852,0.9596,0.8202,0.745,0.9352,0.9004,0.9354,0.8692,0.6824,0.7262,0.931,0.9186,0.9306,0.5708,0.9034,0.6758,0.8376,0.7626,0.7216,0.6542,0.9248,0.9184,0.8964,0.6534,0.9208,0.9584,0.5506,0.9324,0.8718,0.9118,0.9322,0.865,0.7398,0.1176,0.9112,0.8038,0.6864,0.7838,0.6256,0.8714,0.9376,0.8792,0.8824,0.5836,0.8814,0.7214,0.9434,0.9666,0.979,0.7252,0.9504,0.8858,0.7128,0.8628,0.8826,0.8164,0.8492,0.6978,0.1094,0.921,0.9806,0.663,0.9654
29,0.6436,0.9008,0.8998,0.0792,0.341,0.6474,0.4128,0.9388,0.9478,0.7392,0.4676,0.9452,0.8706,0.4358,0.6666,0.6642,0.8834,0.8132,0.6562,0.1448,0.114,0.761,0.6174,0.738,0.87,0.8154,0.812,0.8014,0.7142,1.0,0.4534,0.9088,0.7428,0.7638,0.9472,0.6938,0.336,0.9194,0.713,0.9718,0.3026,0.7984,0.873,0.5564,0.9262,0.882,0.2528,0.8454,0.503,0.9002,0.176,0.6786,0.8376,0.3766,0.6406,0.2386,0.7704,0.8892,0.884,0.8718,0.7126,0.7752,0.7766,0.157,0.8048,0.9002,0.5724,0.5668,0.6698,0.645,0.1774,0.863,0.7704,0.8134,0.6302,0.362,0.7132,0.8064,0.877,0.7288,0.1812,0.7348,0.2684,0.8266,0.6824,0.682,0.2724,0.7016,0.6316,0.9528,0.8322,0.9064,0.9788,0.9102,0.9084,0.209,0.8202,0.7542,0.791,0.6236
30,0.593,0.6036,0.6576,0.004,0.8968,0.6528,0.8676,0.5394,0.5258,0.5054,0.8598,0.4124,0.7302,0.8068,0.8248,0.771,0.5384,0.8052,0.7414,0.618,0.786,0.8048,0.6736,0.8606,0.724,0.7934,0.7516,0.6802,0.8032,0.4534,1.0,0.6624,0.8228,0.8068,0.5368,0.9192,0.3832,0.6282,0.7414,0.5542,0.9142,0.7876,0.6952,0.8936,0.62,0.4768,0.8056,0.7294,0.7792,0.74,0.7856,0.6768,0.3862,0.9256,0.6462,0.654,0.3688,0.6648,0.6704,0.598,0.5052,0.648,0.76,0.682,0.7804,0.7378,0.815,0.9088,0.8926,0.6362,0.3712,0.693,0.411,0.709,0.7414,0.615,0.8338,0.6182,0.6798,0.736,0.785,0.7432,0.9162,0.7076,0.8558,0.7732,0.9084,0.754,0.7332,0.5128,0.693,0.617,0.561,0.5174,0.4556,0.0152,0.7154,0.8076,0.4256,0.8316
31,0.6156,0.9542,0.9408,0.057,0.5486,0.8152,0.5612,0.9266,0.9554,0.8592,0.6528,0.8638,0.9582,0.6072,0.7968,0.8642,0.8756,0.9492,0.847,0.2904,0.3196,0.9332,0.7358,0.8286,0.9318,0.9028,0.9198,0.9326,0.882,0.9088,0.6624,1.0,0.9296,0.927,0.9578,0.8696,0.222,0.9916,0.8958,0.9556,0.4938,0.918,0.983,0.7738,0.9908,0.8598,0.4476,0.9528,0.7344,0.9644,0.3142,0.8462,0.7662,0.5836,0.6534,0.4286,0.8204,0.9698,0.973,0.9588,0.6004,0.9076,0.8688,0.3156,0.9648,0.96,0.7978,0.8114,0.8558,0.6304,0.193,0.9642,0.8168,0.7818,0.6452,0.3868,0.8472,0.8748,0.9834,0.8996,0.312,0.9008,0.482,0.9476,0.8808,0.9046,0.4694,0.8954,0.8338,0.8798,0.9684,0.9526,0.9566,0.931,0.7934,0.1336,0.851,0.9258,0.7594,0.8484
32,0.7202,0.9204,0.9232,0.029,0.7648,0.8804,0.7552,0.8184,0.8442,0.8128,0.8524,0.6994,0.9764,0.8028,0.7958,0.9784,0.857,0.9546,0.9682,0.4442,0.543,1.0,0.885,0.8916,0.9292,0.89,0.889,0.9514,0.9866,0.7428,0.8228,0.9296,1.0,0.9996,0.803,0.9708,0.2532,0.9222,0.9756,0.8552,0.7084,0.9552,0.958,0.9246,0.9004,0.7452,0.6692,0.9664,0.9198,0.9524,0.5304,0.9312,0.6944,0.7998,0.7072,0.639,0.7124,0.9342,0.9558,0.9204,0.599,0.9442,0.9386,0.4878,0.9746,0.9116,0.9154,0.9268,0.9054,0.6912,0.164,0.9258,0.781,0.7406,0.7372,0.5556,0.909,0.922,0.9064,0.8928,0.5298,0.8912,0.6984,0.9518,0.9884,0.9834,0.6924,0.9774,0.9288,0.7516,0.9206,0.9244,0.8456,0.8852,0.6898,0.103,0.887,0.9996,0.705,0.9728
33,0.703,0.9124,0.9258,0.0294,0.7576,0.8928,0.747,0.8194,0.8426,0.8128,0.834,0.7024,0.9716,0.7966,0.7788,0.986,0.8604,0.9554,0.9708,0.4548,0.532,0.9998,0.8952,0.8918,0.9322,0.888,0.878,0.9488,0.9868,0.7638,0.8068,0.927,0.9996,1.0,0.8032,0.9648,0.27,0.9244,0.981,0.8524,0.7026,0.9508,0.963,0.9162,0.8984,0.7448,0.678,0.9626,0.917,0.9576,0.531,0.9234,0.6842,0.79,0.7012,0.6362,0.7326,0.9414,0.9502,0.923,0.6028,0.9486,0.9308,0.4884,0.9756,0.912,0.9212,0.9278,0.9062,0.6766,0.1686,0.9294,0.793,0.73,0.7334,0.56,0.9142,0.9146,0.9112,0.8922,0.5416,0.8902,0.6752,0.9602,0.987,0.9848,0.688,0.9806,0.9354,0.7578,0.9226,0.9212,0.8574,0.8692,0.684,0.0988,0.8904,1.0,0.7184,0.97
34,0.5934,0.8682,0.8862,0.067,0.397,0.688,0.4558,0.9084,0.9694,0.815,0.5056,0.8958,0.8688,0.4594,0.7578,0.7188,0.7968,0.8826,0.6922,0.187,0.1864,0.7928,0.602,0.7658,0.8778,0.8588,0.8758,0.8174,0.7376,0.9472,0.5368,0.9578,0.803,0.8032,1.0,0.7416,0.259,0.937,0.7694,0.9384,0.3698,0.8578,0.907,0.6196,0.9456,0.8464,0.322,0.8594,0.5812,0.8968,0.205,0.6964,0.8098,0.4428,0.627,0.2926,0.7794,0.8956,0.8876,0.8728,0.6342,0.7724,0.7672,0.2092,0.8782,0.9184,0.6508,0.6824,0.751,0.603,0.2476,0.92,0.7374,0.8134,0.6358,0.347,0.7326,0.7674,0.9582,0.8498,0.226,0.8556,0.348,0.829,0.7422,0.7756,0.3368,0.7614,0.69,0.9192,0.9132,0.8812,0.9362,0.8452,0.8458,0.1398,0.776,0.8042,0.7402,0.6866
35,0.703,0.8468,0.8614,0.0122,0.833,0.8542,0.8326,0.7352,0.7702,0.7382,0.894,0.6054,0.9234,0.8324,0.8774,0.9286,0.7804,0.9468,0.914,0.537,0.6106,0.968,0.8436,0.9352,0.8964,0.9326,0.8868,0.8814,0.9592,0.6938,0.9192,0.8696,0.9708,0.9648,0.7416,1.0,0.3386,0.8674,0.9144,0.7932,0.7982,0.9316,0.8988,0.9522,0.8502,0.6812,0.7402,0.9156,0.8902,0.9262,0.6132,0.8502,0.5952,0.8742,0.751,0.6624,0.5886,0.8734,0.881,0.8338,0.64,0.8594,0.9368,0.5954,0.9434,0.9146,0.9276,0.95,0.9552,0.7198,0.2616,0.8862,0.6568,0.8,0.8078,0.5942,0.9146,0.8432,0.8642,0.8722,0.6224,0.87,0.793,0.9198,0.9778,0.9316,0.7886,0.917,0.8574,0.719,0.8612,0.843,0.794,0.7614,0.6648,0.058,0.8876,0.967,0.612,0.9484
36,0.7276,0.2092,0.2798,0.0052,0.517,0.1906,0.619,0.2388,0.3252,0.2298,0.4876,0.213,0.2606,0.5206,0.2332,0.2514,0.354,0.3244,0.24,0.4094,0.4702,0.2674,0.3308,0.4688,0.317,0.303,0.1696,0.296,0.3196,0.336,0.3832,0.222,0.2532,0.27,0.259,0.3386,1.0,0.222,0.1962,0.2892,0.5544,0.3792,0.1908,0.2764,0.1964,0.1722,0.4154,0.2658,0.2184,0.2956,0.6824,0.197,0.376,0.5002,0.7836,0.3212,0.0542,0.2788,0.2336,0.1592,0.8144,0.2028,0.4134,0.3866,0.2278,0.2642,0.1892,0.3014,0.1874,0.742,0.0844,0.3284,0.2564,0.3988,0.656,0.8304,0.3482,0.3306,0.2654,0.2832,0.6864,0.2886,0.3882,0.2486,0.2296,0.1972,0.415,0.1862,0.1482,0.3868,0.1754,0.2214,0.284,0.2068,0.6132,0.138,0.5384,0.252,0.2312,0.2104
37,0.6294,0.9408,0.9332,0.028,0.5302,0.8558,0.5546,0.889,0.9538,0.892,0.6414,0.8288,0.961,0.5912,0.7854,0.8568,0.9144,0.9382,0.8382,0.2974,0.2888,0.9254,0.7554,0.8202,0.915,0.9148,0.9098,0.9136,0.8852,0.9194,0.6282,0.9916,0.9222,0.9244,0.937,0.8674,0.222,1.0,0.8978,0.973,0.4744,0.9054,0.973,0.7608,0.9968,0.8124,0.4704,0.9292,0.7522,0.96,0.2858,0.8276,0.7524,0.5624,0.6562,0.4614,0.7856,0.9838,0.9624,0.969,0.6286,0.8932,0.8908,0.3202,0.9438,0.954,0.8162,0.7956,0.848,0.6176,0.157,0.9598,0.8228,0.7702,0.69,0.3752,0.787,0.8896,0.971,0.8888,0.2884,0.8926,0.4884,0.9728,0.8784,0.8968,0.4622,0.8918,0.8184,0.9096,0.9316,0.9402,0.973,0.9454,0.7984,0.1382,0.8684,0.9242,0.7212,0.8524
38,0.672,0.9082,0.9198,0.0338,0.6858,0.889,0.71,0.7898,0.8032,0.7854,0.7758,0.674,0.9496,0.7416,0.738,0.9758,0.8394,0.8942,0.9746,0.4118,0.531,0.9766,0.9144,0.8414,0.9116,0.8374,0.8454,0.917,0.9596,0.713,0.7414,0.8958,0.9756,0.981,0.7694,0.9144,0.1962,0.8978,1.0,0.8262,0.656,0.9128,0.9494,0.8956,0.8798,0.7434,0.6518,0.9482,0.9372,0.9186,0.4902,0.9484,0.6774,0.7484,0.6336,0.636,0.7818,0.9174,0.9438,0.922,0.5182,0.958,0.875,0.4748,0.9334,0.8608,0.917,0.8846,0.8684,0.6174,0.1246,0.8624,0.7836,0.6708,0.6812,0.5116,0.8914,0.8758,0.8658,0.8412,0.492,0.8314,0.6298,0.912,0.9766,0.9702,0.6394,1.0,0.965,0.7084,0.9002,0.9164,0.8146,0.8694,0.6444,0.1172,0.8312,0.9786,0.7168,0.963
39,0.6594,0.9334,0.9236,0.0474,0.4376,0.7814,0.4784,0.9124,0.9474,0.826,0.556,0.8974,0.93,0.512,0.7506,0.7778,0.923,0.8814,0.7414,0.2184,0.1894,0.843,0.6988,0.8016,0.9134,0.9004,0.8852,0.8672,0.8202,0.9718,0.5542,0.9556,0.8552,0.8524,0.9384,0.7932,0.2892,0.973,0.8262,1.0,0.373,0.8394,0.9394,0.6754,0.9756,0.8542,0.3564,0.8962,0.6478,0.948,0.2146,0.7586,0.7828,0.4824,0.672,0.3514,0.7708,0.959,0.939,0.9466,0.6818,0.8438,0.8674,0.2424,0.8714,0.943,0.7212,0.6884,0.7838,0.6246,0.1784,0.9204,0.794,0.7988,0.6834,0.3542,0.7522,0.8716,0.9216,0.7948,0.2198,0.807,0.3846,0.9308,0.794,0.793,0.383,0.8242,0.7224,0.9548,0.8744,0.9336,1.0,0.9446,0.871,0.1596,0.8608,0.8552,0.7498,0.7762
40,0.6634,0.4864,0.5126,0.0004,0.96,0.605,0.9406,0.3688,0.4014,0.4294,0.9068,0.25,0.5916,0.8718,0.6022,0.7362,0.4402,0.6536,0.713,0.771,0.9208,0.7166,0.6848,0.7508,0.5784,0.5836,0.5324,0.5938,0.745,0.3026,0.9142,0.4938,0.7084,0.7026,0.3698,0.7982,0.5544,0.4744,0.656,0.373,1.0,0.6932,0.545,0.8552,0.434,0.3238,0.9156,0.6086,0.8002,0.5744,0.94,0.615,0.3456,0.9798,0.6916,0.7872,0.2734,0.5384,0.5156,0.467,0.536,0.5776,0.6772,0.8248,0.636,0.5484,0.7592,0.8514,0.7118,0.6942,0.1996,0.5768,0.375,0.505,0.7324,0.7814,0.7164,0.556,0.5262,0.6198,0.9468,0.6196,0.9478,0.5704,0.758,0.7078,0.9664,0.6684,0.6674,0.3308,0.5322,0.4828,0.3694,0.3956,0.3798,0.031,0.6452,0.703,0.3416,0.758
41,0.789,0.8958,0.9458,0.0428,0.7204,0.7972,0.7778,0.8518,0.8944,0.7904,0.789,0.743,0.9318,0.7794,0.7976,0.9156,0.8338,0.9794,0.8952,0.4094,0.4764,0.9512,0.8284,0.9506,0.9532,0.8866,0.8674,0.9364,0.9352,0.7984,0.7876,0.918,0.9552,0.9508,0.8578,0.9316,0.3792,0.9054,0.9128,0.8394,0.6932,1.0,0.9316,0.8378,0.8832,0.7646,0.592,0.959,0.8254,0.9516,0.546,0.8646,0.8018,0.7618,0.8058,0.5546,0.697,0.9332,0.9336,0.8626,0.7234,0.9012,0.9144,0.432,0.9618,0.9082,0.8254,0.9028,0.8494,0.818,0.2064,0.9498,0.7778,0.8142,0.813,0.64,0.941,0.882,0.9418,0.9164,0.5494,0.9224,0.6394,0.8924,0.9254,0.9174,0.6338,0.9168,0.8632,0.7984,0.9306,0.8962,0.8436,0.8238,0.8018,0.1256,0.9254,0.9542,0.7594,0.879
42,0.63,0.9702,0.9612,0.0584,0.5878,0.8408,0.6034,0.9146,0.9138,0.8168,0.6898,0.8394,0.9814,0.6386,0.819,0.9074,0.8846,0.9412,0.9024,0.3124,0.3782,0.9596,0.806,0.853,0.9506,0.916,0.94,0.9224,0.9004,0.873,0.6952,0.983,0.958,0.963,0.907,0.8988,0.1908,0.973,0.9494,0.9394,0.545,0.9316,1.0,0.8112,0.9794,0.8482,0.5032,0.9726,0.8118,0.98,0.3658,0.8874,0.7464,0.6354,0.6344,0.4826,0.8248,0.9716,0.9828,0.9706,0.5908,0.9362,0.8812,0.3522,0.9628,0.9628,0.8444,0.8304,0.887,0.6034,0.2046,0.941,0.8046,0.793,0.6692,0.4126,0.8718,0.8834,0.9526,0.8744,0.352,0.873,0.5424,0.9572,0.9374,0.932,0.5398,0.9444,0.9004,0.855,0.9576,0.967,0.9418,0.932,0.7492,0.121,0.8474,0.963,0.7616,0.8984
43,0.6218,0.7128,0.7472,0.0008,0.8554,0.8988,0.8592,0.5954,0.6364,0.722,0.9104,0.476,0.8418,0.8204,0.813,0.9146,0.7002,0.8724,0.8878,0.689,0.7284,0.9152,0.8566,0.8254,0.7672,0.831,0.7828,0.8086,0.9354,0.5564,0.8936,0.7738,0.9246,0.9162,0.6196,0.9522,0.2764,0.7608,0.8956,0.6754,0.8552,0.8378,0.8112,1.0,0.7556,0.4992,0.8776,0.8018,0.947,0.8206,0.6724,0.7998,0.4648,0.9224,0.6556,0.8224,0.4956,0.8026,0.7738,0.758,0.512,0.791,0.8858,0.7444,0.8612,0.7946,0.983,0.968,0.8996,0.6274,0.1706,0.8072,0.6052,0.6182,0.758,0.5782,0.8014,0.7676,0.7672,0.8406,0.6764,0.832,0.8824,0.8622,0.9536,0.9216,0.8732,0.903,0.8334,0.5936,0.7482,0.7216,0.6812,0.6828,0.507,0.044,0.8024,0.9278,0.4634,0.981
44,0.5916,0.9324,0.9304,0.04,0.4946,0.8364,0.5196,0.893,0.943,0.8684,0.5986,0.8452,0.9508,0.5376,0.805,0.8216,0.8884,0.928,0.8214,0.2748,0.282,0.9056,0.7308,0.8036,0.9108,0.9126,0.9284,0.8826,0.8692,0.9262,0.62,0.9908,0.9004,0.8984,0.9456,0.8502,0.1964,0.9968,0.8798,0.9756,0.434,0.8832,0.9794,0.7556,1.0,0.8296,0.416,0.9208,0.7226,0.9558,0.266,0.7994,0.7282,0.5524,0.611,0.431,0.8056,0.9728,0.948,0.9614,0.607,0.8784,0.8594,0.3074,0.9292,0.9592,0.8156,0.7728,0.8536,0.5672,0.192,0.9488,0.7992,0.775,0.6636,0.3334,0.784,0.8608,0.9594,0.8748,0.2534,0.8716,0.468,0.9552,0.8736,0.8644,0.4522,0.8856,0.8094,0.923,0.924,0.9372,0.9758,0.9342,0.804,0.1234,0.8342,0.915,0.7204,0.832
45,0.5572,0.9278,0.8854,0.2826,0.3762,0.5204,0.356,0.9848,0.857,0.5604,0.4702,0.9758,0.8368,0.472,0.5902,0.6904,0.769,0.72,0.7018,0.0944,0.1866,0.7442,0.5816,0.7132,0.8754,0.6978,0.7994,0.784,0.6824,0.882,0.4768,0.8598,0.7452,0.7448,0.8464,0.6812,0.1722,0.8124,0.7434,0.8542,0.3238,0.7646,0.8482,0.4992,0.8296,1.0,0.2366,0.8764,0.531,0.854,0.2022,0.7826,0.809,0.3736,0.5022,0.1994,0.8664,0.8026,0.8902,0.8574,0.5128,0.841,0.6506,0.113,0.8026,0.8328,0.5298,0.546,0.6656,0.4974,0.1864,0.7344,0.7284,0.7326,0.4392,0.294,0.786,0.7808,0.7828,0.622,0.2022,0.6294,0.2724,0.7274,0.6984,0.6824,0.2774,0.7354,0.7542,0.7618,0.862,0.924,0.8652,0.848,0.6978,0.1662,0.6806,0.738,0.9208,0.611
46,0.5534,0.4182,0.4554,0.052,0.8872,0.7122,0.8738,0.2946,0.3516,0.4866,0.856,0.1916,0.5606,0.7916,0.5746,0.6976,0.435,0.6082,0.6844,0.9216,0.87,0.6752,0.7026,0.6092,0.4806,0.5598,0.4798,0.5568,0.7262,0.2528,0.8056,0.4476,0.6692,0.678,0.322,0.7402,0.4154,0.4704,0.6518,0.3564,0.9156,0.592,0.5032,0.8776,0.416,0.2366,1.0,0.5234,0.8244,0.519,0.8242,0.5542,0.254,0.9466,0.5896,0.9522,0.227,0.5188,0.4714,0.4542,0.4274,0.5032,0.6794,0.9498,0.5938,0.4822,0.817,0.8388,0.666,0.5714,0.096,0.547,0.3484,0.3782,0.674,0.6506,0.5546,0.5198,0.4854,0.6256,0.8262,0.61,0.9446,0.5826,0.7228,0.6816,0.9456,0.6524,0.5928,0.3028,0.4604,0.428,0.3586,0.3838,0.3108,0.0256,0.5898,0.668,0.2346,0.7836
47,0.72,0.9792,0.9788,0.0958,0.665,0.7858,0.6612,0.9288,0.9042,0.7574,0.7508,0.8308,0.9782,0.7408,0.7486,0.9386,0.869,0.941,0.9274,0.3096,0.4128,0.964,0.839,0.9002,0.9706,0.8632,0.8862,0.9552,0.931,0.8454,0.7294,0.9528,0.9664,0.9626,0.8594,0.9156,0.2658,0.9292,0.9482,0.8962,0.6086,0.959,0.9726,0.8018,0.9208,0.8764,0.5234,1.0,0.8046,0.9774,0.4442,0.9414,0.81,0.6818,0.7228,0.4802,0.8232,0.9416,0.9888,0.9406,0.6302,0.9716,0.8904,0.3356,0.9612,0.9354,0.7964,0.83,0.8558,0.6928,0.16,0.9112,0.8228,0.7944,0.6742,0.5376,0.9442,0.9234,0.9204,0.8416,0.442,0.841,0.5414,0.9138,0.9324,0.9298,0.5572,0.9406,0.9172,0.7962,0.9636,0.9804,0.8984,0.9124,0.7744,0.15,0.883,0.9628,0.8514,0.8758
48,0.609,0.7424,0.764,0.0026,0.7944,0.8948,0.8082,0.5828,0.6252,0.6884,0.8424,0.4744,0.8378,0.7978,0.6696,0.9476,0.6744,0.8002,0.9444,0.5926,0.7198,0.9128,0.9128,0.7606,0.7634,0.7408,0.7146,0.8138,0.9186,0.503,0.7792,0.7344,0.9198,0.917,0.5812,0.8902,0.2184,0.7522,0.9372,0.6478,0.8002,0.8254,0.8118,0.947,0.7226,0.531,0.8244,0.8046,1.0,0.7798,0.6602,0.8676,0.5152,0.865,0.588,0.8222,0.593,0.7852,0.7906,0.7838,0.4262,0.846,0.8098,0.6498,0.8382,0.7236,0.945,0.9058,0.8278,0.5714,0.1006,0.7582,0.648,0.5232,0.648,0.5892,0.7976,0.7602,0.7212,0.7636,0.6468,0.769,0.7788,0.8286,0.9386,0.941,0.7974,0.9422,0.9066,0.523,0.7598,0.7328,0.638,0.6976,0.463,0.0738,0.7348,0.911,0.5196,0.9674
49,0.744,0.9628,0.9752,0.0514,0.6372,0.8216,0.6658,0.9112,0.924,0.7878,0.7252,0.8508,0.9884,0.698,0.8236,0.895,0.9114,0.953,0.89,0.3326,0.3716,0.9576,0.8332,0.9226,0.9776,0.9402,0.9292,0.9326,0.9306,0.9002,0.74,0.9644,0.9524,0.9576,0.8968,0.9262,0.2956,0.96,0.9186,0.948,0.5744,0.9516,0.98,0.8206,0.9558,0.854,0.519,0.9774,0.7798,1.0,0.412,0.879,0.7786,0.6774,0.752,0.4752,0.7574,0.973,0.9774,0.9368,0.6884,0.9216,0.927,0.3692,0.949,0.9816,0.8244,0.8298,0.888,0.7212,0.2084,0.942,0.803,0.845,0.7606,0.5142,0.909,0.915,0.9406,0.8692,0.4154,0.8642,0.558,0.9548,0.9216,0.897,0.556,0.921,0.8534,0.8762,0.9284,0.9634,0.9458,0.9194,0.8114,0.1234,0.915,0.9548,0.7836,0.8694
50,0.617,0.319,0.391,0.0004,0.8772,0.4178,0.885,0.2334,0.2626,0.2596,0.7784,0.1362,0.395,0.7956,0.4058,0.5738,0.302,0.497,0.5542,0.6716,0.9248,0.5392,0.5564,0.6204,0.4226,0.383,0.3412,0.4558,0.5708,0.176,0.7856,0.3142,0.5304,0.531,0.205,0.6132,0.6824,0.2858,0.4902,0.2146,0.94,0.546,0.3658,0.6724,0.266,0.2022,0.8242,0.4442,0.6602,0.412,1.0,0.4902,0.2866,0.8944,0.6538,0.6738,0.1548,0.3552,0.3594,0.2924,0.5268,0.4186,0.5018,0.7336,0.4712,0.3496,0.5686,0.687,0.5192,0.6884,0.1496,0.3992,0.2624,0.3964,0.6504,0.8432,0.6062,0.4132,0.3598,0.4472,1.0,0.4698,0.8566,0.3928,0.5924,0.5296,0.8782,0.493,0.5226,0.2062,0.3782,0.3164,0.2254,0.244,0.3376,0.033,0.5238,0.5302,0.2656,0.576
51,0.6582,0.9174,0.8914,0.1208,0.6766,0.758,0.6294,0.8078,0.762,0.6864,0.7524,0.7086,0.9104,0.7958,0.5988,0.9688,0.7998,0.8254,0.9722,0.303,0.4902,0.9342,0.8774,0.7734,0.8608,0.719,0.7566,0.925,0.9034,0.6786,0.6768,0.8462,0.9312,0.9234,0.6964,0.8502,0.197,0.8276,0.9484,0.7586,0.615,0.8646,0.8874,0.7998,0.7994,0.7826,0.5542,0.9414,0.8676,0.879,0.4902,1.0,0.7016,0.6756,0.6094,0.532,0.8234,0.837,0.9208,0.9034,0.486,0.9816,0.7868,0.3574,0.8996,0.7984,0.7718,0.7794,0.7646,0.5912,0.0746,0.7946,0.8218,0.5842,0.5564,0.519,0.8856,0.8958,0.7868,0.7474,0.4826,0.742,0.55,0.8462,0.9162,0.9382,0.5864,0.9428,0.9762,0.6004,0.8876,0.9172,0.751,0.859,0.5726,0.1356,0.7666,0.9214,0.7992,0.8812
52,0.7798,0.8348,0.8554,0.1342,0.3846,0.5208,0.4648,0.868,0.8906,0.6236,0.4782,0.8376,0.7544,0.5126,0.4344,0.6682,0.8098,0.7248,0.6522,0.1376,0.1762,0.6894,0.6518,0.7094,0.816,0.5892,0.597,0.8154,0.6758,0.8376,0.3862,0.7662,0.6944,0.6842,0.8098,0.5952,0.376,0.7524,0.6774,0.7828,0.3456,0.8018,0.7464,0.4648,0.7282,0.809,0.254,0.81,0.5152,0.7786,0.2866,0.7016,1.0,0.3986,0.7266,0.255,0.7868,0.7796,0.8286,0.7524,0.7112,0.7964,0.6754,0.1336,0.7184,0.69,0.4614,0.5214,0.5,0.7494,0.0542,0.7588,0.8526,0.625,0.576,0.5508,0.7044,0.786,0.752,0.6558,0.2772,0.657,0.2536,0.6726,0.601,0.6444,0.261,0.6874,0.632,0.7376,0.7812,0.8286,0.7708,0.8182,0.8606,0.4168,0.7646,0.6928,0.9254,0.5392
53,0.694,0.556,0.6098,0.0026,0.9608,0.7246,0.9588,0.4492,0.494,0.5338,0.9442,0.3218,0.6704,0.8984,0.681,0.8046,0.5386,0.7684,0.7958,0.7748,0.8664,0.802,0.77,0.7928,0.6536,0.6916,0.6136,0.6968,0.8376,0.3766,0.9256,0.5836,0.7998,0.79,0.4428,0.8742,0.5002,0.5624,0.7484,0.4824,0.9798,0.7618,0.6354,0.9224,0.5524,0.3736,0.9466,0.6818,0.865,0.6774,0.8944,0.6756,0.3986,1.0,0.7272,0.8414,0.3156,0.6212,0.612,0.5648,0.5726,0.6522,0.7888,0.8258,0.7328,0.627,0.844,0.9196,0.7838,0.7358,0.1828,0.655,0.4722,0.5628,0.789,0.7748,0.7684,0.651,0.6174,0.719,0.89,0.7236,0.95,0.6884,0.8312,0.789,0.96,0.754,0.7154,0.4114,0.606,0.5614,0.4826,0.4818,0.456,0.0388,0.7378,0.7992,0.3764,0.8448
54,0.9728,0.6602,0.7286,0.0014,0.7106,0.602,0.825,0.6192,0.7206,0.6094,0.7734,0.5156,0.7104,0.7758,0.583,0.6838,0.7608,0.7668,0.6848,0.4958,0.4576,0.7324,0.7426,0.8502,0.739,0.6808,0.5548,0.7578,0.7626,0.6406,0.6462,0.6534,0.7072,0.7012,0.627,0.751,0.7836,0.6562,0.6336,0.672,0.6916,0.8058,0.6344,0.6556,0.611,0.5022,0.5896,0.7228,0.588,0.752,0.6538,0.6094,0.7266,0.7272,1.0,0.5154,0.3652,0.727,0.6858,0.5736,0.9636,0.6606,0.8518,0.4564,0.6768,0.6808,0.5656,0.6904,0.5748,0.9738,0.1188,0.7674,0.6492,0.6892,0.9074,0.8782,0.7184,0.7836,0.6888,0.708,0.6692,0.6926,0.557,0.6932,0.6522,0.6312,0.563,0.6376,0.5298,0.7062,0.6002,0.6538,0.6654,0.6238,0.8698,0.1988,0.9204,0.7094,0.5804,0.64
55,0.5202,0.3964,0.4344,0.0706,0.7808,0.7602,0.7746,0.2612,0.346,0.546,0.8116,0.1694,0.5314,0.7234,0.4752,0.6746,0.4416,0.5618,0.6836,0.8976,0.743,0.6408,0.7188,0.5138,0.439,0.5104,0.408,0.5398,0.7216,0.2386,0.654,0.4286,0.639,0.6362,0.2926,0.6624,0.3212,0.4614,0.636,0.3514,0.7872,0.5546,0.4826,0.8224,0.431,0.1994,0.9522,0.4802,0.8222,0.4752,0.6738,0.532,0.255,0.8414,0.5154,1.0,0.2378,0.5204,0.454,0.4606,0.3772,0.5064,0.6448,0.8788,0.5356,0.4254,0.7804,0.7556,0.5606,0.4934,0.038,0.5162,0.4062,0.2932,0.6042,0.588,0.4784,0.5328,0.4526,0.5874,0.6702,0.5844,0.811,0.5866,0.674,0.685,0.8176,0.643,0.5524,0.2958,0.4118,0.398,0.3462,0.4118,0.286,0.0378,0.5698,0.6546,0.1992,0.7572
56,0.4262,0.871,0.8366,0.2264,0.3018,0.5824,0.2948,0.8572,0.8036,0.6338,0.3858,0.8488,0.7776,0.4004,0.4394,0.7282,0.7342,0.6728,0.7348,0.0748,0.2054,0.7198,0.6184,0.5534,0.7768,0.57,0.68,0.7616,0.6542,0.7704,0.3688,0.8204,0.7124,0.7326,0.7794,0.5886,0.0542,0.7856,0.7818,0.7708,0.2734,0.697,0.8248,0.4956,0.8056,0.8664,0.227,0.8232,0.593,0.7574,0.1548,0.8234,0.7868,0.3156,0.3652,0.2378,1.0,0.7706,0.8644,0.8562,0.342,0.865,0.5662,0.1094,0.7596,0.7078,0.542,0.52,0.5606,0.3984,0.0484,0.7006,0.8024,0.4964,0.349,0.203,0.69,0.7334,0.7478,0.6018,0.1626,0.617,0.244,0.6996,0.6688,0.7442,0.2572,0.7798,0.7988,0.6498,0.8512,0.8748,0.7712,0.8536,0.5802,0.229,0.5724,0.7384,0.8786,0.626
57,0.7264,0.9462,0.96,0.023,0.5772,0.8796,0.6288,0.8724,0.9442,0.884,0.693,0.7952,0.9706,0.6484,0.7788,0.8736,0.9416,0.9368,0.8752,0.336,0.3236,0.9358,0.8444,0.8574,0.9346,0.9138,0.878,0.9338,0.9248,0.8892,0.6648,0.9698,0.9342,0.9414,0.8956,0.8734,0.2788,0.9838,0.9174,0.959,0.5384,0.9332,0.9716,0.8026,0.9728,0.8026,0.5188,0.9416,0.7852,0.973,0.3552,0.837,0.7796,0.6212,0.727,0.5204,0.7706,1.0,0.965,0.9558,0.7062,0.9148,0.9434,0.3592,0.9336,0.9388,0.841,0.8166,0.8312,0.691,0.1386,0.968,0.8528,0.7686,0.7578,0.4754,0.8226,0.9168,0.9562,0.8874,0.3458,0.8972,0.5132,0.9736,0.8992,0.913,0.4872,0.923,0.834,0.9022,0.902,0.947,0.9652,0.9486,0.8336,0.1698,0.921,0.9404,0.754,0.8842
