,0,1,2,3,4,5,6,7,8,9,10,11,12,13,14,15,16,17,18,19,20,21,22,23,24,25,26,27,28,29,30,31,32,33,34,35,36,37,38,39,40,41,42,43,44,45,46,47,48,49,50,51,52,53,54,55,56,57,58,59,60,61,62,63,64,65,66,67,68,69,70,71,72,73,74,75,76,77,78,79
0,1.0,0.365,0.101,0.179,0.127,0.109,0.085,0.418,0.026,0.079,0.193,0.368,0.325,0.333,0.367,0.62,0.054,0.148,0.047,0.177,0.22,0.203,0.544,0.221,0.079,0.203,0.843,0.169,0.151,0.46,0.265,0.864,0.055,0.021,0.088,0.103,0.411,0.022,0.923,0.397,0.577,0.256,0.342,0.352,0.105,0.027,0.656,0.329,0.028,0.431,0.084,0.027,0.219,0.544,0.244,0.053,0.362,0.351,0.843,0.47,0.357,0.625,0.549,0.363,0.048,0.049,0.201,0.465,0.581,0.467,0.128,0.257,0.167,0.17,0.077,0.559,0.424,0.117,0.028,0.066
1,0.365,1.0,0.111,0.563,0.157,0.596,0.241,0.927,0.144,0.207,0.558,0.067,0.283,0.458,0.528,0.189,0.251,0.556,0.264,0.3,0.051,0.067,0.424,0.376,0.096,0.58,0.27,0.018,0.188,0.338,0.272,0.156,0.33,0.328,0.149,0.138,0.025,0.344,0.192,0.924,0.38,0.184,0.539,0.112,0.137,0.326,0.135,0.437,0.135,0.014,0.227,0.168,0.411,0.445,0.189,0.21,0.328,0.029,0.266,0.429,0.073,0.143,0.443,0.282,0.239,0.267,0.007,0.378,0.001,0.206,0.542,0.488,0.054,0.031,0.111,0.03,0.152,0.145,0.17,0.288
2,0.101,0.111,1.0,0.28,0.75,0.078,0.665,0.032,0.689,0.797,0.289,0.535,0.766,0.134,0.244,0.205,0.803,0.082,0.601,0.251,0.222,0.726,0.157,0.056,0.008,0.295,0.032,0.556,0.102,0.309,0.432,0.288,0.144,0.739,0.162,0.218,0.329,0.773,0.027,0.034,0.016,0.033,0.096,0.211,0.222,0.765,0.043,0.42,0.042,0.356,0.707,0.644,0.073,0.167,0.026,0.82,0.509,0.371,0.019,0.474,0.272,0.036,0.155,0.491,0.597,0.784,0.008,0.026,0.157,0.169,0.079,0.208,0.182,0.081,1.0,0.007,0.17,0.216,0.664,0.494
3,0.179,0.563,0.28,1.0,0.105,0.331,0.046,0.59,0.158,0.195,1.0,0.153,0.565,0.262,0.78,0.182,0.398,0.344,0.215,0.78,0.004,0.224,0.417,0.272,0.301,1.0,0.162,0.102,0.207,0.241,0.661,0.147,0.758,0.088,0.179,0.102,0.131,0.095,0.058,0.584,0.026,0.187,0.691,0.002,0.104,0.084,0.016,0.438,0.566,0.119,0.041,0.151,0.262,0.439,0.16,0.191,0.698,0.1,0.165,0.367,0.031,0.009,0.395,0.683,0.217,0.389,0.055,0.14,0.023,0.372,0.331,0.886,0.031,0.075,0.273,0.123,0.002,0.113,0.167,0.074
4,0.127,0.157,0.75,0.105,1.0,0.048,0.558,0.051,0.693,0.955,0.095,0.413,0.605,0.026,0.025,0.089,0.797,0.06,0.601,0.115,0.108,0.763,0.011,0.034,0.049,0.095,0.039,0.245,0.043,0.118,0.194,0.402,0.054,0.876,0.09,0.022,0.369,0.885,0.1,0.052,0.122,0.05,0.004,0.12,0.024,0.865,0.082,0.143,0.008,0.373,0.674,0.703,0.04,0.008,0.06,0.946,0.327,0.407,0.03,0.501,0.078,0.088,0.012,0.32,0.593,0.798,0.233,0.078,0.391,0.084,0.054,0.057,0.139,0.186,0.797,0.055,0.241,0.016,0.696,0.62
5,0.109,0.596,0.078,0.331,0.048,1.0,0.416,0.533,0.051,0.024,0.319,0.132,0.008,0.207,0.241,0.009,0.02,1.0,0.074,0.212,0.324,0.044,0.05,0.886,0.372,0.352,0.21,0.322,0.492,0.298,0.109,0.037,0.363,0.187,0.56,0.26,0.046,0.186,0.156,0.547,0.269,0.165,0.306,0.223,0.254,0.174,0.042,0.048,0.311,0.049,0.329,0.063,0.881,0.041,0.159,0.038,0.09,0.066,0.21,0.05,0.393,0.054,0.038,0.078,0.061,0.015,0.07,0.059,0.013,0.138,1.0,0.375,0.431,0.277,0.109,0.019,0.06,0.253,0.05,0.098
6,0.085,0.241,0.665,0.046,0.558,0.416,1.0,0.104,0.382,0.52,0.041,0.292,0.408,0.125,0.234,0.188,0.432,0.363,0.32,0.05,0.574,0.272,0.206,0.441,0.411,0.044,0.124,0.549,0.25,0.656,0.2,0.182,0.062,0.739,0.332,0.234,0.183,0.744,0.063,0.093,0.049,0.227,0.189,0.577,0.235,0.718,0.02,0.504,0.167,0.175,0.988,0.383,0.407,0.179,0.232,0.489,0.188,0.199,0.121,0.363,0.578,0.023,0.182,0.195,0.36,0.459,0.13,0.244,0.052,0.156,0.389,0.139,0.639,0.381,0.638,0.063,0.017,0.224,0.372,0.434
7,0.418,0.927,0.032,0.59,0.051,0.533,0.104,1.0,0.018,0.073,0.602,0.237,0.199,0.502,0.531,0.348,0.141,0.519,0.059,0.265,0.028,0.021,0.475,0.411,0.132,0.603,0.268,0.077,0.227,0.279,0.241,0.227,0.335,0.133,0.16,0.263,0.061,0.132,0.253,1.0,0.472,0.305,0.65,0.079,0.249,0.115,0.164,0.41,0.169,0.071,0.092,0.022,0.429,0.493,0.322,0.069,0.285,0.047,0.279,0.463,0.045,0.169,0.484,0.313,0.077,0.134,0.018,0.329,0.013,0.337,0.55,0.525,0.062,0.016,0.036,0.043,0.174,0.235,0.018,0.134
8,0.026,0.144,0.689,0.158,0.693,0.051,0.382,0.018,1.0,0.814,0.18,0.268,0.506,0.057,0.049,0.07,0.852,0.058,0.976,0.277,0.288,0.643,0.059,0.068,0.088,0.169,0.122,0.077,0.015,0.087,0.307,0.07,0.242,0.777,0.0,0.001,0.437,0.773,0.097,0.025,0.013,0.205,0.001,0.328,0.0,0.822,0.311,0.188,0.122,0.413,0.48,1.0,0.06,0.043,0.216,0.816,0.227,0.435,0.116,0.187,0.003,0.343,0.045,0.238,0.976,0.833,0.118,0.293,0.165,0.125,0.061,0.079,0.205,0.179,0.65,0.115,0.58,0.0,1.0,0.927
9,0.079,0.207,0.797,0.195,0.955,0.024,0.52,0.073,0.814,1.0,0.197,0.345,0.653,0.055,0.057,0.049,0.933,0.028,0.765,0.222,0.131,0.776,0.023,0.01,0.035,0.185,0.013,0.181,0.004,0.098,0.292,0.303,0.156,0.901,0.017,0.006,0.399,0.88,0.048,0.083,0.094,0.067,0.013,0.16,0.008,0.898,0.095,0.229,0.034,0.392,0.617,0.815,0.018,0.02,0.054,1.0,0.334,0.38,0.014,0.47,0.035,0.077,0.023,0.37,0.745,0.93,0.184,0.132,0.274,0.116,0.032,0.091,0.117,0.146,0.811,0.001,0.292,0.007,0.821,0.739
10,0.193,0.558,0.289,1.0,0.095,0.319,0.041,0.602,0.18,0.197,1.0,0.172,0.566,0.245,0.768,0.166,0.396,0.316,0.212,0.784,0.006,0.207,0.431,0.288,0.286,1.0,0.163,0.109,0.215,0.217,0.624,0.14,0.757,0.083,0.17,0.104,0.116,0.096,0.062,0.587,0.031,0.194,0.707,0.002,0.11,0.086,0.016,0.47,0.54,0.113,0.042,0.188,0.267,0.469,0.174,0.182,0.706,0.104,0.159,0.393,0.032,0.012,0.409,0.721,0.207,0.383,0.049,0.115,0.018,0.393,0.35,0.887,0.036,0.066,0.295,0.118,0.003,0.117,0.197,0.08
11,0.368,0.067,0.535,0.153,0.413,0.132,0.292,0.237,0.268,0.345,0.172,1.0,0.282,0.438,0.171,0.69,0.308,0.104,0.173,0.038,0.035,0.598,0.342,0.036,0.034,0.161,0.136,0.63,0.405,0.175,0.145,0.477,0.133,0.237,0.405,0.518,0.687,0.237,0.213,0.241,0.14,0.134,0.246,0.035,0.48,0.242,0.538,0.251,0.105,0.705,0.34,0.268,0.044,0.349,0.136,0.342,0.232,0.703,0.155,0.469,0.212,0.543,0.334,0.259,0.178,0.304,0.033,0.117,0.286,0.513,0.094,0.185,0.057,0.043,0.587,0.253,0.492,0.476,0.281,0.131
12,0.325,0.283,0.766,0.565,0.605,0.008,0.408,0.199,0.506,0.653,0.566,0.282,1.0,0.315,0.395,0.111,0.796,0.004,0.536,0.649,0.175,0.473,0.361,0.001,0.039,0.569,0.138,0.348,0.169,0.273,0.798,0.373,0.26,0.56,0.133,0.129,0.101,0.529,0.141,0.206,0.126,0.051,0.179,0.203,0.144,0.54,0.026,0.469,0.12,0.109,0.459,0.506,0.002,0.348,0.06,0.656,0.9,0.132,0.114,0.705,0.144,0.026,0.332,0.878,0.539,0.785,0.008,0.086,0.131,0.132,0.005,0.418,0.156,0.003,0.772,0.202,0.023,0.115,0.503,0.387
13,0.333,0.458,0.134,0.262,0.026,0.207,0.125,0.502,0.057,0.055,0.245,0.438,0.315,1.0,0.23,0.441,0.154,0.207,0.145,0.395,0.251,0.016,0.728,0.06,0.091,0.319,0.153,0.58,0.778,0.254,0.577,0.159,0.032,0.062,0.682,0.808,0.146,0.062,0.122,0.504,0.134,0.1,0.238,0.315,0.8,0.062,0.507,0.523,0.02,0.168,0.138,0.068,0.057,0.712,0.108,0.067,0.508,0.157,0.128,0.606,0.247,0.518,0.75,0.501,0.128,0.145,0.066,0.488,0.11,0.153,0.189,0.104,0.247,0.095,0.101,0.279,0.337,0.792,0.056,0.169
14,0.367,0.528,0.244,0.78,0.025,0.241,0.234,0.531,0.049,0.057,0.768,0.171,0.395,0.23,1.0,0.434,0.176,0.288,0.066,0.384,0.158,0.177,0.65,0.326,0.347,0.77,0.445,0.136,0.009,0.679,0.307,0.253,0.515,0.087,0.0,0.165,0.128,0.084,0.268,0.532,0.02,0.235,0.926,0.229,0.167,0.084,0.078,0.764,0.448,0.134,0.195,0.037,0.303,0.626,0.249,0.054,0.446,0.131,0.455,0.241,0.327,0.084,0.639,0.453,0.073,0.198,0.262,0.478,0.145,0.579,0.302,0.913,0.153,0.358,0.229,0.032,0.07,0.166,0.042,0.071
15,0.62,0.189,0.205,0.182,0.089,0.009,0.188,0.348,0.07,0.049,0.166,0.69,0.111,0.441,0.434,1.0,0.054,0.006,0.052,0.004,0.251,0.381,0.626,0.089,0.349,0.207,0.434,0.396,0.271,0.561,0.076,0.56,0.298,0.009,0.256,0.459,0.672,0.008,0.487,0.394,0.198,0.55,0.577,0.382,0.408,0.004,0.692,0.452,0.352,0.693,0.129,0.077,0.097,0.616,0.525,0.077,0.149,0.696,0.443,0.382,0.52,0.701,0.583,0.147,0.068,0.039,0.021,0.592,0.372,0.858,0.015,0.353,0.295,0.069,0.202,0.338,0.637,0.436,0.075,0.076
16,0.054,0.251,0.803,0.398,0.797,0.02,0.432,0.141,0.852,0.933,0.396,0.308,0.796,0.154,0.176,0.054,1.0,0.013,0.825,0.397,0.181,0.664,0.108,0.005,0.036,0.408,0.001,0.156,0.049,0.154,0.486,0.195,0.295,0.822,0.031,0.025,0.328,0.809,0.012,0.145,0.041,0.062,0.075,0.214,0.034,0.783,0.044,0.337,0.095,0.317,0.505,0.832,0.008,0.088,0.054,0.932,0.515,0.328,0.003,0.596,0.027,0.043,0.114,0.541,0.825,1.0,0.103,0.117,0.14,0.131,0.006,0.222,0.125,0.091,0.766,0.014,0.261,0.028,0.822,0.71
17,0.148,0.556,0.082,0.344,0.06,1.0,0.363,0.519,0.058,0.028,0.316,0.104,0.004,0.207,0.288,0.006,0.013,1.0,0.061,0.187,0.344,0.05,0.045,0.906,0.376,0.333,0.204,0.313,0.504,0.284,0.107,0.033,0.347,0.199,0.549,0.266,0.046,0.175,0.159,0.505,0.287,0.147,0.304,0.213,0.24,0.171,0.049,0.058,0.297,0.046,0.309,0.054,0.903,0.025,0.163,0.031,0.085,0.068,0.212,0.07,0.389,0.041,0.037,0.091,0.058,0.019,0.074,0.072,0.017,0.135,1.0,0.389,0.457,0.312,0.091,0.037,0.06,0.254,0.061,0.095
18,0.047,0.264,0.601,0.215,0.601,0.074,0.32,0.059,0.976,0.765,0.212,0.173,0.536,0.145,0.066,0.052,0.825,0.061,1.0,0.375,0.278,0.547,0.103,0.038,0.091,0.217,0.134,0.038,0.053,0.103,0.392,0.016,0.256,0.782,0.016,0.024,0.311,0.774,0.086,0.065,0.027,0.216,0.003,0.33,0.015,0.792,0.338,0.257,0.123,0.309,0.413,0.979,0.033,0.111,0.213,0.751,0.3,0.345,0.127,0.246,0.005,0.334,0.13,0.322,1.0,0.806,0.074,0.379,0.104,0.083,0.06,0.074,0.2,0.141,0.58,0.163,0.579,0.01,0.978,0.949
19,0.177,0.3,0.251,0.78,0.115,0.212,0.05,0.265,0.277,0.222,0.784,0.038,0.649,0.395,0.384,0.004,0.397,0.187,0.375,1.0,0.188,0.112,0.356,0.155,0.311,0.784,0.094,0.215,0.502,0.038,0.917,0.079,0.594,0.124,0.399,0.176,0.07,0.101,0.06,0.259,0.02,0.209,0.265,0.173,0.193,0.131,0.19,0.299,0.483,0.061,0.054,0.299,0.142,0.376,0.182,0.187,0.835,0.066,0.102,0.36,0.042,0.162,0.356,0.845,0.366,0.454,0.042,0.091,0.065,0.088,0.209,0.493,0.214,0.006,0.239,0.427,0.079,0.179,0.289,0.231
20,0.22,0.051,0.222,0.004,0.108,0.324,0.574,0.028,0.288,0.131,0.006,0.035,0.175,0.251,0.158,0.251,0.181,0.344,0.278,0.188,1.0,0.001,0.288,0.589,0.52,0.006,0.458,0.449,0.331,0.658,0.317,0.146,0.156,0.307,0.43,0.394,0.092,0.283,0.389,0.032,0.109,0.46,0.186,0.952,0.342,0.3,0.233,0.429,0.238,0.081,0.486,0.288,0.604,0.319,0.424,0.152,0.154,0.086,0.457,0.138,0.722,0.235,0.294,0.154,0.291,0.202,0.254,0.578,0.193,0.265,0.336,0.063,0.947,0.57,0.216,0.178,0.235,0.407,0.273,0.391
21,0.203,0.067,0.726,0.224,0.763,0.044,0.272,0.021,0.643,0.776,0.207,0.598,0.473,0.016,0.177,0.381,0.664,0.05,0.547,0.112,0.001,1.0,0.103,0.005,0.061,0.236,0.132,0.279,0.092,0.148,0.104,0.504,0.313,0.575,0.11,0.176,0.741,0.57,0.196,0.026,0.053,0.089,0.145,0.005,0.147,0.602,0.329,0.084,0.167,0.742,0.326,0.666,0.013,0.097,0.095,0.775,0.232,0.764,0.131,0.254,0.238,0.329,0.105,0.202,0.562,0.706,0.077,0.095,0.513,0.499,0.051,0.29,0.002,0.021,0.722,0.048,0.496,0.155,0.658,0.473
22,0.544,0.424,0.157,0.417,0.011,0.05,0.206,0.475,0.059,0.023,0.431,0.342,0.361,0.728,0.65,0.626,0.108,0.045,0.103,0.356,0.288,0.103,1.0,0.042,0.069,0.415,0.534,0.409,0.377,0.561,0.514,0.381,0.058,0.064,0.29,0.609,0.131,0.055,0.381,0.51,0.037,0.13,0.614,0.433,0.599,0.067,0.499,0.792,0.046,0.14,0.154,0.052,0.036,1.0,0.136,0.016,0.52,0.147,0.533,0.436,0.385,0.514,1.0,0.524,0.11,0.095,0.207,0.761,0.37,0.42,0.031,0.432,0.213,0.226,0.171,0.225,0.345,0.59,0.054,0.166
23,0.221,0.376,0.056,0.272,0.034,0.886,0.441,0.411,0.068,0.01,0.288,0.036,0.001,0.06,0.326,0.089,0.005,0.906,0.038,0.155,0.589,0.005,0.042,1.0,0.567,0.287,0.419,0.256,0.349,0.469,0.052,0.112,0.438,0.151,0.423,0.152,0.037,0.129,0.328,0.398,0.238,0.328,0.431,0.468,0.158,0.15,0.014,0.106,0.396,0.04,0.348,0.045,1.0,0.041,0.335,0.015,0.056,0.035,0.407,0.018,0.547,0.021,0.041,0.047,0.029,0.009,0.221,0.234,0.062,0.29,0.874,0.431,0.646,0.539,0.062,0.001,0.079,0.157,0.058,0.092
24,0.079,0.096,0.008,0.301,0.049,0.372,0.411,0.132,0.088,0.035,0.286,0.034,0.039,0.091,0.347,0.349,0.036,0.376,0.091,0.311,0.52,0.061,0.069,0.567,1.0,0.277,0.105,0.163,0.336,0.425,0.204,0.041,0.683,0.108,0.38,0.152,0.231,0.111,0.1,0.119,0.044,0.78,0.506,0.533,0.137,0.09,0.179,0.144,0.884,0.252,0.326,0.086,0.579,0.061,0.768,0.022,0.109,0.241,0.119,0.06,0.491,0.177,0.072,0.119,0.103,0.05,0.17,0.295,0.023,0.601,0.386,0.487,0.71,0.374,0.007,0.332,0.181,0.137,0.073,0.11
25,0.203,0.58,0.295,1.0,0.095,0.352,0.044,0.603,0.169,0.185,1.0,0.161,0.569,0.319,0.77,0.207,0.408,0.333,0.217,0.784,0.006,0.236,0.415,0.287,0.277,1.0,0.137,0.103,0.214,0.204,0.638,0.126,0.736,0.086,0.187,0.095,0.139,0.077,0.058,0.576,0.03,0.178,0.691,0.002,0.105,0.096,0.021,0.467,0.562,0.119,0.034,0.157,0.263,0.432,0.191,0.162,0.736,0.11,0.145,0.389,0.031,0.012,0.444,0.716,0.223,0.391,0.046,0.114,0.025,0.393,0.322,0.873,0.037,0.074,0.26,0.109,0.003,0.105,0.19,0.098
26,0.843,0.27,0.032,0.162,0.039,0.21,0.124,0.268,0.122,0.013,0.163,0.136,0.138,0.153,0.445,0.434,0.001,0.204,0.134,0.094,0.458,0.132,0.534,0.419,0.105,0.137,1.0,0.06,0.036,0.516,0.142,0.676,0.073,0.037,0.008,0.068,0.277,0.024,0.934,0.282,0.454,0.195,0.424,0.54,0.067,0.024,0.548,0.388,0.041,0.279,0.073,0.128,0.41,0.495,0.205,0.014,0.221,0.234,1.0,0.154,0.434,0.532,0.506,0.212,0.141,0.0,0.467,0.631,0.603,0.42,0.224,0.294,0.33,0.498,0.011,0.43,0.449,0.098,0.11,0.226
27,0.169,0.018,0.556,0.102,0.245,0.322,0.549,0.077,0.077,0.181,0.109,0.63,0.348,0.58,0.136,0.396,0.156,0.313,0.038,0.215,0.449,0.279,0.409,0.256,0.163,0.103,0.06,1.0,0.734,0.437,0.39,0.237,0.005,0.214,0.782,0.852,0.264,0.212,0.066,0.079,0.015,0.021,0.078,0.361,0.833,0.194,0.253,0.403,0.029,0.246,0.5,0.083,0.261,0.455,0.014,0.174,0.377,0.318,0.062,0.404,0.628,0.243,0.444,0.36,0.04,0.166,0.08,0.163,0.257,0.158,0.345,0.045,0.459,0.194,0.514,0.106,0.13,0.851,0.078,0.021
28,0.151,0.188,0.102,0.207,0.043,0.492,0.25,0.227,0.015,0.004,0.215,0.405,0.169,0.778,0.009,0.271,0.049,0.504,0.053,0.502,0.331,0.092,0.377,0.349,0.336,0.214,0.036,0.734,1.0,0.125,0.513,0.117,0.226,0.017,0.985,0.731,0.228,0.019,0.04,0.207,0.024,0.099,0.008,0.311,0.781,0.01,0.432,0.145,0.222,0.25,0.22,0.018,0.333,0.346,0.094,0.01,0.364,0.302,0.018,0.344,0.446,0.433,0.371,0.388,0.05,0.044,0.036,0.161,0.185,0.084,0.481,0.043,0.403,0.092,0.123,0.337,0.227,0.755,0.014,0.041
29,0.46,0.338,0.309,0.241,0.118,0.298,0.656,0.279,0.087,0.098,0.217,0.175,0.273,0.254,0.679,0.561,0.154,0.284,0.103,0.038,0.658,0.148,0.561,0.469,0.425,0.204,0.516,0.437,0.125,1.0,0.147,0.344,0.219,0.266,0.186,0.338,0.183,0.26,0.4,0.269,0.092,0.334,0.597,0.727,0.323,0.263,0.192,0.769,0.292,0.194,0.568,0.072,0.494,0.547,0.337,0.092,0.182,0.22,0.541,0.262,0.833,0.173,0.601,0.168,0.117,0.147,0.21,0.605,0.203,0.586,0.293,0.475,0.651,0.531,0.321,0.071,0.109,0.352,0.08,0.16
30,0.265,0.272,0.432,0.661,0.194,0.109,0.2,0.241,0.307,0.292,0.624,0.145,0.798,0.577,0.307,0.076,0.486,0.107,0.392,0.917,0.317,0.104,0.514,0.052,0.204,0.638,0.142,0.39,0.513,0.147,1.0,0.19,0.354,0.22,0.437,0.326,0.003,0.209,0.115,0.224,0.049,0.131,0.156,0.35,0.331,0.213,0.21,0.464,0.22,0.007,0.218,0.298,0.072,0.525,0.132,0.288,0.937,0.008,0.169,0.571,0.151,0.223,0.501,0.951,0.378,0.504,0.015,0.174,0.1,0.017,0.1,0.329,0.277,0.006,0.4,0.41,0.079,0.326,0.309,0.275
31,0.864,0.156,0.288,0.147,0.402,0.037,0.182,0.227,0.07,0.303,0.14,0.477,0.373,0.159,0.253,0.56,0.195,0.033,0.016,0.079,0.146,0.504,0.381,0.112,0.041,0.126,0.676,0.237,0.117,0.344,0.19,1.0,0.088,0.158,0.141,0.113,0.541,0.168,0.815,0.205,0.506,0.131,0.249,0.22,0.117,0.162,0.5,0.208,0.032,0.596,0.193,0.059,0.097,0.391,0.131,0.309,0.355,0.498,0.691,0.511,0.397,0.527,0.376,0.368,0.017,0.221,0.27,0.256,0.808,0.463,0.026,0.19,0.111,0.125,0.289,0.462,0.289,0.137,0.069,0.011
32,0.055,0.33,0.144,0.758,0.054,0.363,0.062,0.335,0.242,0.156,0.757,0.133,0.26,0.032,0.515,0.298,0.295,0.347,0.256,0.594,0.156,0.313,0.058,0.438,0.683,0.736,0.073,0.005,0.226,0.219,0.354,0.088,1.0,0.043,0.242,0.006,0.466,0.036,0.077,0.306,0.047,0.505,0.538,0.134,0.011,0.044,0.139,0.14,0.873,0.409,0.034,0.266,0.414,0.052,0.515,0.167,0.322,0.448,0.056,0.076,0.23,0.14,0.064,0.344,0.232,0.315,0.009,0.042,0.059,0.626,0.376,0.768,0.295,0.092,0.16,0.242,0.152,0.008,0.237,0.099
33,0.021,0.328,0.739,0.088,0.876,0.187,0.739,0.133,0.777,0.901,0.083,0.237,0.56,0.062,0.087,0.009,0.822,0.199,0.782,0.124,0.307,0.575,0.064,0.151,0.108,0.086,0.037,0.214,0.017,0.266,0.22,0.158,0.043,1.0,0.037,0.008,0.235,1.0,0.005,0.124,0.089,0.171,0.036,0.324,0.008,1.0,0.062,0.36,0.001,0.22,0.824,0.786,0.121,0.047,0.14,0.899,0.239,0.225,0.033,0.417,0.112,0.067,0.051,0.232,0.768,0.79,0.127,0.259,0.127,0.007,0.159,0.053,0.255,0.193,0.776,0.002,0.254,0.008,0.81,0.816
34,0.088,0.149,0.162,0.179,0.09,0.56,0.332,0.16,0.0,0.017,0.17,0.405,0.133,0.682,0.0,0.256,0.031,0.549,0.016,0.399,0.43,0.11,0.29,0.423,0.38,0.187,0.008,0.782,0.985,0.186,0.437,0.141,0.242,0.037,1.0,0.733,0.226,0.044,0.022,0.156,0.012,0.092,0.003,0.346,0.714,0.055,0.359,0.137,0.211,0.245,0.275,0.0,0.416,0.342,0.079,0.02,0.338,0.308,0.011,0.285,0.515,0.395,0.307,0.322,0.008,0.032,0.043,0.122,0.201,0.089,0.564,0.056,0.502,0.149,0.158,0.34,0.182,0.733,0.0,0.011
35,0.103,0.138,0.218,0.102,0.022,0.26,0.234,0.263,0.001,0.006,0.104,0.518,0.129,0.808,0.165,0.459,0.025,0.266,0.024,0.176,0.394,0.176,0.609,0.152,0.152,0.095,0.068,0.852,0.731,0.338,0.326,0.113,0.006,0.008,0.733,1.0,0.209,0.005,0.06,0.239,0.095,0.033,0.165,0.348,1.0,0.004,0.353,0.436,0.056,0.207,0.175,0.0,0.16,0.581,0.052,0.004,0.241,0.296,0.087,0.328,0.549,0.343,0.589,0.234,0.011,0.035,0.237,0.372,0.246,0.215,0.26,0.062,0.354,0.25,0.22,0.095,0.236,1.0,0.001,0.045
36,0.411,0.025,0.329,0.131,0.369,0.046,0.183,0.061,0.437,0.399,0.116,0.687,0.101,0.146,0.128,0.672,0.328,0.046,0.311,0.07,0.092,0.741,0.131,0.037,0.231,0.139,0.277,0.264,0.228,0.183,0.003,0.541,0.466,0.235,0.226,0.209,1.0,0.216,0.424,0.048,0.163,0.298,0.197,0.111,0.193,0.226,0.697,0.068,0.352,1.0,0.196,0.4,0.029,0.169,0.302,0.388,0.024,0.991,0.271,0.17,0.346,0.701,0.157,0.015,0.329,0.315,0.059,0.183,0.57,0.645,0.051,0.216,0.13,0.005,0.364,0.458,0.662,0.186,0.404,0.258
37,0.022,0.344,0.773,0.095,0.885,0.186,0.744,0.132,0.773,0.88,0.096,0.237,0.529,0.062,0.084,0.008,0.809,0.175,0.774,0.101,0.283,0.57,0.055,0.129,0.111,0.077,0.024,0.212,0.019,0.26,0.209,0.168,0.036,1.0,0.044,0.005,0.216,1.0,0.002,0.131,0.089,0.159,0.051,0.295,0.01,1.0,0.065,0.323,0.0,0.21,0.847,0.795,0.14,0.054,0.137,0.911,0.251,0.239,0.032,0.426,0.121,0.053,0.05,0.232,0.764,0.813,0.135,0.264,0.127,0.009,0.18,0.05,0.272,0.202,0.776,0.002,0.227,0.007,0.809,0.804
38,0.923,0.192,0.027,0.058,0.1,0.156,0.063,0.253,0.097,0.048,0.062,0.213,0.141,0.122,0.268,0.487,0.012,0.159,0.086,0.06,0.389,0.196,0.381,0.328,0.1,0.058,0.934,0.066,0.04,0.4,0.115,0.815,0.077,0.005,0.022,0.06,0.424,0.002,1.0,0.258,0.598,0.245,0.282,0.454,0.056,0.0,0.583,0.217,0.034,0.423,0.035,0.096,0.346,0.35,0.25,0.047,0.177,0.346,0.937,0.203,0.414,0.584,0.406,0.181,0.093,0.014,0.416,0.465,0.69,0.422,0.166,0.168,0.29,0.374,0.017,0.537,0.443,0.053,0.09,0.119
39,0.397,0.924,0.034,0.584,0.052,0.547,0.093,1.0,0.025,0.083,0.587,0.241,0.206,0.504,0.532,0.394,0.145,0.505,0.065,0.259,0.032,0.026,0.51,0.398,0.119,0.576,0.282,0.079,0.207,0.269,0.224,0.205,0.306,0.124,0.156,0.239,0.048,0.131,0.258,1.0,0.444,0.312,0.656,0.077,0.23,0.149,0.179,0.368,0.171,0.06,0.084,0.015,0.405,0.49,0.3,0.073,0.29,0.039,0.279,0.46,0.064,0.17,0.468,0.315,0.068,0.125,0.016,0.341,0.011,0.323,0.531,0.536,0.039,0.018,0.035,0.039,0.174,0.256,0.031,0.132
40,0.577,0.38,0.016,0.026,0.122,0.269,0.049,0.472,0.013,0.094,0.031,0.14,0.126,0.134,0.02,0.198,0.041,0.287,0.027,0.02,0.109,0.053,0.037,0.238,0.044,0.03,0.454,0.015,0.024,0.092,0.049,0.506,0.047,0.089,0.012,0.095,0.163,0.089,0.598,0.444,1.0,0.347,0.059,0.115,0.077,0.09,0.225,0.016,0.056,0.161,0.048,0.011,0.257,0.035,0.347,0.077,0.078,0.111,0.444,0.357,0.148,0.228,0.027,0.08,0.03,0.038,0.407,0.068,0.312,0.147,0.279,0.033,0.073,0.197,0.023,0.493,0.133,0.091,0.012,0.044
41,0.256,0.184,0.033,0.187,0.05,0.165,0.227,0.305,0.205,0.067,0.194,0.134,0.051,0.1,0.235,0.55,0.062,0.147,0.216,0.209,0.46,0.089,0.13,0.328,0.78,0.178,0.195,0.021,0.099,0.334,0.131,0.131,0.505,0.171,0.092,0.033,0.298,0.159,0.245,0.312,0.347,1.0,0.492,0.44,0.042,0.141,0.357,0.123,0.688,0.292,0.219,0.207,0.306,0.124,1.0,0.062,0.041,0.27,0.186,0.08,0.276,0.362,0.123,0.068,0.24,0.055,0.041,0.405,0.031,0.604,0.151,0.326,0.553,0.093,0.031,0.427,0.437,0.048,0.213,0.278
42,0.342,0.539,0.096,0.691,0.004,0.306,0.189,0.65,0.001,0.013,0.707,0.246,0.179,0.238,0.926,0.577,0.075,0.304,0.003,0.265,0.186,0.145,0.614,0.431,0.506,0.691,0.424,0.078,0.008,0.597,0.156,0.249,0.538,0.036,0.003,0.165,0.197,0.051,0.282,0.656,0.059,0.492,1.0,0.245,0.168,0.042,0.145,0.618,0.611,0.172,0.159,0.0,0.39,0.625,0.485,0.012,0.298,0.189,0.375,0.188,0.299,0.155,0.586,0.282,0.002,0.069,0.187,0.512,0.114,0.756,0.285,0.895,0.206,0.319,0.115,0.004,0.201,0.158,0.0,0.048
43,0.352,0.112,0.211,0.002,0.12,0.223,0.577,0.079,0.328,0.16,0.002,0.035,0.203,0.315,0.229,0.382,0.214,0.213,0.33,0.173,0.952,0.005,0.433,0.468,0.533,0.002,0.54,0.361,0.311,0.727,0.35,0.22,0.134,0.324,0.346,0.348,0.111,0.295,0.454,0.077,0.115,0.44,0.245,1.0,0.318,0.288,0.335,0.576,0.214,0.131,0.525,0.312,0.471,0.437,0.472,0.129,0.177,0.125,0.558,0.182,0.719,0.34,0.449,0.191,0.334,0.195,0.229,0.669,0.236,0.381,0.226,0.108,0.897,0.509,0.212,0.23,0.354,0.337,0.302,0.432
44,0.105,0.137,0.222,0.104,0.024,0.254,0.235,0.249,0.0,0.008,0.11,0.48,0.144,0.8,0.167,0.408,0.034,0.24,0.015,0.193,0.342,0.147,0.599,0.158,0.137,0.105,0.067,0.833,0.781,0.323,0.331,0.117,0.011,0.008,0.714,1.0,0.193,0.01,0.056,0.23,0.077,0.042,0.168,0.318,1.0,0.006,0.331,0.441,0.052,0.21,0.173,0.001,0.145,0.628,0.041,0.01,0.254,0.252,0.088,0.309,0.558,0.344,0.613,0.238,0.016,0.029,0.243,0.379,0.252,0.205,0.26,0.059,0.345,0.253,0.196,0.084,0.218,1.0,0.002,0.046
45,0.027,0.326,0.765,0.084,0.865,0.174,0.718,0.115,0.822,0.898,0.086,0.242,0.54,0.062,0.084,0.004,0.783,0.171,0.792,0.131,0.3,0.602,0.067,0.15,0.09,0.096,0.024,0.194,0.01,0.263,0.213,0.162,0.044,1.0,0.055,0.004,0.226,1.0,0.0,0.149,0.09,0.141,0.042,0.288,0.006,1.0,0.061,0.327,0.001,0.218,0.787,0.805,0.132,0.054,0.161,0.894,0.22,0.249,0.035,0.424,0.117,0.06,0.063,0.238,0.765,0.805,0.136,0.268,0.149,0.007,0.145,0.053,0.269,0.239,0.761,0.002,0.263,0.005,0.795,0.79
46,0.656,0.135,0.043,0.016,0.082,0.042,0.02,0.164,0.311,0.095,0.016,0.538,0.026,0.507,0.078,0.692,0.044,0.049,0.338,0.19,0.233,0.329,0.499,0.014,0.179,0.021,0.548,0.253,0.432,0.192,0.21,0.5,0.139,0.062,0.359,0.353,0.697,0.065,0.583,0.179,0.225,0.357,0.145,0.335,0.331,0.061,1.0,0.156,0.157,0.715,0.006,0.299,0.023,0.502,0.349,0.08,0.139,0.692,0.522,0.189,0.272,1.0,0.49,0.129,0.329,0.05,0.079,0.559,0.555,0.426,0.044,0.023,0.197,0.043,0.037,0.683,0.884,0.334,0.318,0.361
47,0.329,0.437,0.42,0.438,0.143,0.048,0.504,0.41,0.188,0.229,0.47,0.251,0.469,0.523,0.764,0.452,0.337,0.058,0.257,0.299,0.429,0.084,0.792,0.106,0.144,0.467,0.388,0.403,0.145,0.769,0.464,0.208,0.14,0.36,0.137,0.436,0.068,0.323,0.217,0.368,0.016,0.123,0.618,0.576,0.441,0.327,0.156,1.0,0.132,0.072,0.475,0.197,0.129,0.779,0.123,0.204,0.466,0.077,0.346,0.477,0.432,0.165,0.798,0.475,0.241,0.35,0.264,0.646,0.128,0.329,0.057,0.493,0.349,0.435,0.412,0.051,0.105,0.446,0.209,0.269
48,0.028,0.135,0.042,0.566,0.008,0.311,0.167,0.169,0.122,0.034,0.54,0.105,0.12,0.02,0.448,0.352,0.095,0.297,0.123,0.483,0.238,0.167,0.046,0.396,0.884,0.562,0.041,0.029,0.222,0.292,0.22,0.032,0.873,0.001,0.211,0.056,0.352,0.0,0.034,0.171,0.056,0.688,0.611,0.214,0.052,0.001,0.157,0.132,1.0,0.37,0.104,0.117,0.376,0.047,0.664,0.031,0.193,0.371,0.034,0.0,0.316,0.16,0.047,0.202,0.143,0.099,0.172,0.158,0.014,0.638,0.297,0.706,0.39,0.254,0.053,0.364,0.176,0.064,0.108,0.055
49,0.431,0.014,0.356,0.119,0.373,0.049,0.175,0.071,0.413,0.392,0.113,0.705,0.109,0.168,0.134,0.693,0.317,0.046,0.309,0.061,0.081,0.742,0.14,0.04,0.252,0.119,0.279,0.246,0.25,0.194,0.007,0.596,0.409,0.22,0.245,0.207,1.0,0.21,0.423,0.06,0.161,0.292,0.172,0.131,0.21,0.218,0.715,0.072,0.37,1.0,0.208,0.417,0.033,0.154,0.253,0.372,0.022,0.992,0.253,0.192,0.338,0.674,0.144,0.02,0.345,0.297,0.065,0.178,0.523,0.639,0.051,0.22,0.119,0.006,0.338,0.424,0.631,0.172,0.422,0.287
50,0.084,0.227,0.707,0.041,0.674,0.329,0.988,0.092,0.48,0.617,0.042,0.34,0.459,0.138,0.195,0.129,0.505,0.309,0.413,0.054,0.486,0.326,0.154,0.348,0.326,0.034,0.073,0.5,0.22,0.568,0.218,0.193,0.034,0.824,0.275,0.175,0.196,0.847,0.035,0.084,0.048,0.219,0.159,0.525,0.173,0.787,0.006,0.475,0.104,0.208,1.0,0.441,0.342,0.157,0.192,0.622,0.207,0.204,0.069,0.42,0.471,0.007,0.146,0.201,0.411,0.532,0.158,0.232,0.06,0.102,0.32,0.088,0.571,0.37,0.673,0.066,0.041,0.191,0.461,0.456
51,0.027,0.168,0.644,0.151,0.703,0.063,0.383,0.022,1.0,0.815,0.188,0.268,0.506,0.068,0.037,0.077,0.832,0.054,0.979,0.299,0.288,0.666,0.052,0.045,0.086,0.157,0.128,0.083,0.018,0.072,0.298,0.059,0.266,0.786,0.0,0.0,0.4,0.795,0.096,0.015,0.011,0.207,0.0,0.312,0.001,0.805,0.299,0.197,0.117,0.417,0.441,1.0,0.064,0.043,0.211,0.814,0.24,0.417,0.134,0.222,0.005,0.328,0.038,0.256,0.976,0.822,0.127,0.326,0.155,0.122,0.064,0.065,0.205,0.171,0.67,0.121,0.58,0.001,1.0,0.937
52,0.219,0.411,0.073,0.262,0.04,0.881,0.407,0.429,0.06,0.018,0.267,0.044,0.002,0.057,0.303,0.097,0.008,0.903,0.033,0.142,0.604,0.013,0.036,1.0,0.579,0.263,0.41,0.261,0.333,0.494,0.072,0.097,0.414,0.121,0.416,0.16,0.029,0.14,0.346,0.405,0.257,0.306,0.39,0.471,0.145,0.132,0.023,0.129,0.376,0.033,0.342,0.064,1.0,0.049,0.341,0.022,0.05,0.038,0.439,0.032,0.52,0.014,0.033,0.05,0.041,0.012,0.226,0.217,0.073,0.34,0.886,0.41,0.687,0.512,0.068,0.002,0.08,0.166,0.047,0.093
53,0.544,0.445,0.167,0.439,0.008,0.041,0.179,0.493,0.043,0.02,0.469,0.349,0.348,0.712,0.626,0.616,0.088,0.025,0.111,0.376,0.319,0.097,1.0,0.041,0.061,0.432,0.495,0.455,0.346,0.547,0.525,0.391,0.052,0.047,0.342,0.581,0.169,0.054,0.35,0.49,0.035,0.124,0.625,0.437,0.628,0.054,0.502,0.779,0.047,0.154,0.157,0.043,0.049,1.0,0.123,0.021,0.52,0.141,0.505,0.434,0.398,0.51,1.0,0.527,0.109,0.089,0.184,0.747,0.348,0.405,0.043,0.418,0.211,0.227,0.169,0.215,0.352,0.597,0.041,0.182
54,0.244,0.189,0.026,0.16,0.06,0.159,0.232,0.322,0.216,0.054,0.174,0.136,0.06,0.108,0.249,0.525,0.054,0.163,0.213,0.182,0.424,0.095,0.136,0.335,0.768,0.191,0.205,0.014,0.094,0.337,0.132,0.131,0.515,0.14,0.079,0.052,0.302,0.137,0.25,0.3,0.347,1.0,0.485,0.472,0.041,0.161,0.349,0.123,0.664,0.253,0.192,0.211,0.341,0.123,1.0,0.057,0.051,0.288,0.215,0.055,0.249,0.366,0.136,0.056,0.228,0.059,0.042,0.385,0.036,0.596,0.181,0.338,0.536,0.105,0.031,0.424,0.493,0.055,0.203,0.263
55,0.053,0.21,0.82,0.191,0.946,0.038,0.489,0.069,0.816,1.0,0.182,0.342,0.656,0.067,0.054,0.077,0.932,0.031,0.751,0.187,0.152,0.775,0.016,0.015,0.022,0.162,0.014,0.174,0.01,0.092,0.288,0.309,0.167,0.899,0.02,0.004,0.388,0.911,0.047,0.073,0.077,0.062,0.012,0.129,0.01,0.894,0.08,0.204,0.031,0.372,0.622,0.814,0.022,0.021,0.057,1.0,0.32,0.379,0.017,0.522,0.036,0.092,0.016,0.374,0.74,0.937,0.177,0.122,0.279,0.1,0.024,0.092,0.127,0.165,0.783,0.0,0.275,0.004,0.84,0.722
56,0.362,0.328,0.509,0.698,0.327,0.09,0.188,0.285,0.227,0.334,0.706,0.232,0.9,0.508,0.446,0.149,0.515,0.085,0.3,0.835,0.154,0.232,0.52,0.056,0.109,0.736,0.221,0.377,0.364,0.182,0.937,0.355,0.322,0.239,0.338,0.241,0.024,0.251,0.177,0.29,0.078,0.041,0.298,0.177,0.254,0.22,0.139,0.466,0.193,0.022,0.207,0.24,0.05,0.52,0.051,0.32,1.0,0.012,0.216,0.667,0.092,0.145,0.527,1.0,0.292,0.511,0.039,0.143,0.138,0.106,0.084,0.457,0.118,0.003,0.448,0.334,0.012,0.253,0.225,0.193
57,0.351,0.029,0.371,0.1,0.407,0.066,0.199,0.047,0.435,0.38,0.104,0.703,0.132,0.157,0.131,0.696,0.328,0.068,0.345,0.066,0.086,0.764,0.147,0.035,0.241,0.11,0.234,0.318,0.302,0.22,0.008,0.498,0.448,0.225,0.308,0.296,0.991,0.239,0.346,0.039,0.111,0.27,0.189,0.125,0.252,0.249,0.692,0.077,0.371,0.992,0.204,0.417,0.038,0.141,0.288,0.379,0.012,1.0,0.213,0.159,0.379,0.698,0.173,0.015,0.359,0.328,0.03,0.173,0.547,0.637,0.069,0.233,0.139,0.0,0.372,0.396,0.644,0.238,0.396,0.263
58,0.843,0.266,0.019,0.165,0.03,0.21,0.121,0.279,0.116,0.014,0.159,0.155,0.114,0.128,0.455,0.443,0.003,0.212,0.127,0.102,0.457,0.131,0.533,0.407,0.119,0.145,1.0,0.062,0.018,0.541,0.169,0.691,0.056,0.033,0.011,0.087,0.271,0.032,0.937,0.279,0.444,0.186,0.375,0.558,0.088,0.035,0.522,0.346,0.034,0.253,0.069,0.134,0.439,0.505,0.215,0.017,0.216,0.213,1.0,0.155,0.469,0.566,0.514,0.22,0.155,0.0,0.444,0.65,0.652,0.418,0.22,0.284,0.31,0.525,0.02,0.408,0.462,0.09,0.129,0.204
59,0.47,0.429,0.474,0.367,0.501,0.05,0.363,0.463,0.187,0.47,0.393,0.469,0.705,0.606,0.241,0.382,0.596,0.07,0.246,0.36,0.138,0.254,0.436,0.018,0.06,0.389,0.154,0.404,0.344,0.262,0.571,0.511,0.076,0.417,0.285,0.328,0.17,0.426,0.203,0.46,0.357,0.08,0.188,0.182,0.309,0.424,0.189,0.477,0.0,0.192,0.42,0.222,0.032,0.434,0.055,0.522,0.667,0.159,0.155,1.0,0.122,0.197,0.434,0.666,0.235,0.578,0.125,0.145,0.119,0.161,0.046,0.202,0.136,0.071,0.504,0.24,0.038,0.322,0.2,0.181
60,0.357,0.073,0.272,0.031,0.078,0.393,0.578,0.045,0.003,0.035,0.032,0.212,0.144,0.247,0.327,0.52,0.027,0.389,0.005,0.042,0.722,0.238,0.385,0.547,0.491,0.031,0.434,0.628,0.446,0.833,0.151,0.397,0.23,0.112,0.515,0.549,0.346,0.121,0.414,0.064,0.148,0.276,0.299,0.719,0.558,0.117,0.272,0.432,0.316,0.338,0.471,0.005,0.52,0.398,0.249,0.036,0.092,0.379,0.469,0.122,1.0,0.267,0.369,0.08,0.006,0.032,0.191,0.379,0.414,0.5,0.403,0.24,0.771,0.419,0.271,0.142,0.133,0.553,0.003,0.021
61,0.625,0.143,0.036,0.009,0.088,0.054,0.023,0.169,0.343,0.077,0.012,0.543,0.026,0.518,0.084,0.701,0.043,0.041,0.334,0.162,0.235,0.329,0.514,0.021,0.177,0.012,0.532,0.243,0.433,0.173,0.223,0.527,0.14,0.067,0.395,0.343,0.701,0.053,0.584,0.17,0.228,0.362,0.155,0.34,0.344,0.06,1.0,0.165,0.16,0.674,0.007,0.328,0.014,0.51,0.366,0.092,0.145,0.698,0.566,0.197,0.267,1.0,0.487,0.134,0.315,0.044,0.062,0.56,0.542,0.463,0.046,0.03,0.159,0.048,0.048,0.681,0.874,0.354,0.311,0.391
62,0.549,0.443,0.155,0.395,0.012,0.038,0.182,0.484,0.045,0.023,0.409,0.334,0.332,0.75,0.639,0.583,0.114,0.037,0.13,0.356,0.294,0.105,1.0,0.041,0.072,0.444,0.506,0.444,0.371,0.601,0.501,0.376,0.064,0.051,0.307,0.589,0.157,0.05,0.406,0.468,0.027,0.123,0.586,0.449,0.613,0.063,0.49,0.798,0.047,0.144,0.146,0.038,0.033,1.0,0.136,0.016,0.527,0.173,0.514,0.434,0.369,0.487,1.0,0.507,0.129,0.096,0.167,0.761,0.368,0.381,0.049,0.393,0.205,0.242,0.157,0.205,0.399,0.58,0.052,0.188
63,0.363,0.282,0.491,0.683,0.32,0.078,0.195,0.313,0.238,0.37,0.721,0.259,0.878,0.501,0.453,0.147,0.541,0.091,0.322,0.845,0.154,0.202,0.524,0.047,0.119,0.716,0.212,0.36,0.388,0.168,0.951,0.368,0.344,0.232,0.322,0.234,0.015,0.232,0.181,0.315,0.08,0.068,0.282,0.191,0.238,0.238,0.129,0.475,0.202,0.02,0.201,0.256,0.05,0.527,0.056,0.374,1.0,0.015,0.22,0.666,0.08,0.134,0.507,1.0,0.303,0.517,0.028,0.13,0.153,0.097,0.09,0.469,0.15,0.004,0.534,0.346,0.012,0.254,0.257,0.175
64,0.048,0.239,0.597,0.217,0.593,0.061,0.36,0.077,0.976,0.745,0.207,0.178,0.539,0.128,0.073,0.068,0.825,0.058,1.0,0.366,0.291,0.562,0.11,0.029,0.103,0.223,0.141,0.04,0.05,0.117,0.378,0.017,0.232,0.768,0.008,0.011,0.329,0.764,0.093,0.068,0.03,0.24,0.002,0.334,0.016,0.765,0.329,0.241,0.143,0.345,0.411,0.976,0.041,0.109,0.228,0.74,0.292,0.359,0.155,0.235,0.006,0.315,0.129,0.303,1.0,0.825,0.091,0.368,0.114,0.087,0.06,0.074,0.19,0.149,0.583,0.181,0.561,0.016,0.972,0.964
65,0.049,0.267,0.784,0.389,0.798,0.015,0.459,0.134,0.833,0.93,0.383,0.304,0.785,0.145,0.198,0.039,1.0,0.019,0.806,0.454,0.202,0.706,0.095,0.009,0.05,0.391,0.0,0.166,0.044,0.147,0.504,0.221,0.315,0.79,0.032,0.035,0.315,0.813,0.014,0.125,0.038,0.055,0.069,0.195,0.029,0.805,0.05,0.35,0.099,0.297,0.532,0.822,0.012,0.089,0.059,0.937,0.511,0.328,0.0,0.578,0.032,0.044,0.096,0.517,0.825,1.0,0.106,0.119,0.135,0.139,0.007,0.26,0.138,0.108,0.808,0.018,0.246,0.031,0.845,0.705
66,0.201,0.007,0.008,0.055,0.233,0.07,0.13,0.018,0.118,0.184,0.049,0.033,0.008,0.066,0.262,0.021,0.103,0.074,0.074,0.042,0.254,0.077,0.207,0.221,0.17,0.046,0.467,0.08,0.036,0.21,0.015,0.27,0.009,0.127,0.043,0.237,0.059,0.135,0.416,0.016,0.407,0.041,0.187,0.229,0.243,0.136,0.079,0.264,0.172,0.065,0.158,0.127,0.226,0.184,0.042,0.177,0.039,0.03,0.444,0.125,0.191,0.062,0.167,0.028,0.091,0.106,1.0,0.311,0.515,0.059,0.099,0.136,0.173,0.861,0.007,0.238,0.05,0.225,0.109,0.149
67,0.465,0.378,0.026,0.14,0.078,0.059,0.244,0.329,0.293,0.132,0.115,0.117,0.086,0.488,0.478,0.592,0.117,0.072,0.379,0.091,0.578,0.095,0.761,0.234,0.295,0.114,0.631,0.163,0.161,0.605,0.174,0.256,0.042,0.259,0.122,0.372,0.183,0.264,0.465,0.341,0.068,0.405,0.512,0.669,0.379,0.268,0.559,0.646,0.158,0.178,0.232,0.326,0.217,0.747,0.385,0.122,0.143,0.173,0.65,0.145,0.379,0.56,0.761,0.13,0.368,0.119,0.311,1.0,0.361,0.469,0.067,0.241,0.473,0.476,0.022,0.183,0.617,0.347,0.318,0.548
68,0.581,0.001,0.157,0.023,0.391,0.013,0.052,0.013,0.165,0.274,0.018,0.286,0.131,0.11,0.145,0.372,0.14,0.017,0.104,0.065,0.193,0.513,0.37,0.062,0.023,0.025,0.603,0.257,0.185,0.203,0.1,0.808,0.059,0.127,0.201,0.246,0.57,0.127,0.69,0.011,0.312,0.031,0.114,0.236,0.252,0.149,0.555,0.128,0.014,0.523,0.06,0.155,0.073,0.348,0.036,0.279,0.138,0.547,0.652,0.119,0.414,0.542,0.368,0.153,0.114,0.135,0.515,0.361,1.0,0.33,0.013,0.075,0.132,0.316,0.149,0.433,0.391,0.246,0.157,0.158
69,0.467,0.206,0.169,0.372,0.084,0.138,0.156,0.337,0.125,0.116,0.393,0.513,0.132,0.153,0.579,0.858,0.131,0.135,0.083,0.088,0.265,0.499,0.42,0.29,0.601,0.393,0.42,0.158,0.084,0.586,0.017,0.463,0.626,0.007,0.089,0.215,0.645,0.009,0.422,0.323,0.147,0.604,0.756,0.381,0.205,0.007,0.426,0.329,0.638,0.639,0.102,0.122,0.34,0.405,0.596,0.1,0.106,0.637,0.418,0.161,0.5,0.463,0.381,0.097,0.087,0.139,0.059,0.469,0.33,1.0,0.15,0.647,0.351,0.191,0.169,0.155,0.49,0.204,0.119,0.07
70,0.128,0.542,0.079,0.331,0.054,1.0,0.389,0.55,0.061,0.032,0.35,0.094,0.005,0.189,0.302,0.015,0.006,1.0,0.06,0.209,0.336,0.051,0.031,0.874,0.386,0.322,0.224,0.345,0.481,0.293,0.1,0.026,0.376,0.159,0.564,0.26,0.051,0.18,0.166,0.531,0.279,0.151,0.285,0.226,0.26,0.145,0.044,0.057,0.297,0.051,0.32,0.064,0.886,0.043,0.181,0.024,0.084,0.069,0.22,0.046,0.403,0.046,0.049,0.09,0.06,0.007,0.099,0.067,0.013,0.15,1.0,0.357,0.435,0.301,0.104,0.025,0.063,0.255,0.048,0.107
71,0.257,0.488,0.208,0.886,0.057,0.375,0.139,0.525,0.079,0.091,0.887,0.185,0.418,0.104,0.913,0.353,0.222,0.389,0.074,0.493,0.063,0.29,0.432,0.431,0.487,0.873,0.294,0.045,0.043,0.475,0.329,0.19,0.768,0.053,0.056,0.062,0.216,0.05,0.168,0.536,0.033,0.326,0.895,0.108,0.059,0.053,0.023,0.493,0.706,0.22,0.088,0.065,0.41,0.418,0.338,0.092,0.457,0.233,0.284,0.202,0.24,0.03,0.393,0.469,0.074,0.26,0.136,0.241,0.075,0.647,0.357,1.0,0.153,0.235,0.209,0.039,0.051,0.054,0.081,0.013
72,0.167,0.054,0.182,0.031,0.139,0.431,0.639,0.062,0.205,0.117,0.036,0.057,0.156,0.247,0.153,0.295,0.125,0.457,0.2,0.214,0.947,0.002,0.213,0.646,0.71,0.037,0.33,0.459,0.403,0.651,0.277,0.111,0.295,0.255,0.502,0.354,0.13,0.272,0.29,0.039,0.073,0.553,0.206,0.897,0.345,0.269,0.197,0.349,0.39,0.119,0.571,0.205,0.687,0.211,0.536,0.127,0.118,0.139,0.31,0.136,0.771,0.159,0.205,0.15,0.19,0.138,0.173,0.473,0.132,0.351,0.435,0.153,1.0,0.493,0.197,0.193,0.135,0.36,0.191,0.256
73,0.17,0.031,0.081,0.075,0.186,0.277,0.381,0.016,0.179,0.146,0.066,0.043,0.003,0.095,0.358,0.069,0.091,0.312,0.141,0.006,0.57,0.021,0.226,0.539,0.374,0.074,0.498,0.194,0.092,0.531,0.006,0.125,0.092,0.193,0.149,0.25,0.005,0.202,0.374,0.018,0.197,0.093,0.319,0.509,0.253,0.239,0.043,0.435,0.254,0.006,0.37,0.171,0.512,0.227,0.105,0.165,0.003,0.0,0.525,0.071,0.419,0.048,0.242,0.004,0.149,0.108,0.861,0.476,0.316,0.191,0.301,0.235,0.493,1.0,0.085,0.063,0.109,0.266,0.159,0.249
74,0.077,0.111,1.0,0.273,0.797,0.109,0.638,0.036,0.65,0.811,0.295,0.587,0.772,0.101,0.229,0.202,0.766,0.091,0.58,0.239,0.216,0.722,0.171,0.062,0.007,0.26,0.011,0.514,0.123,0.321,0.4,0.289,0.16,0.776,0.158,0.22,0.364,0.776,0.017,0.035,0.023,0.031,0.115,0.212,0.196,0.761,0.037,0.412,0.053,0.338,0.673,0.67,0.068,0.169,0.031,0.783,0.448,0.372,0.02,0.504,0.271,0.048,0.157,0.534,0.583,0.808,0.007,0.022,0.149,0.169,0.104,0.209,0.197,0.085,1.0,0.01,0.154,0.216,0.679,0.488
75,0.559,0.03,0.007,0.123,0.055,0.019,0.063,0.043,0.115,0.001,0.118,0.253,0.202,0.279,0.032,0.338,0.014,0.037,0.163,0.427,0.178,0.048,0.225,0.001,0.332,0.109,0.43,0.106,0.337,0.071,0.41,0.462,0.242,0.002,0.34,0.095,0.458,0.002,0.537,0.039,0.493,0.427,0.004,0.23,0.084,0.002,0.683,0.051,0.364,0.424,0.066,0.121,0.002,0.215,0.424,0.0,0.334,0.396,0.408,0.24,0.142,0.681,0.205,0.346,0.181,0.018,0.238,0.183,0.433,0.155,0.025,0.039,0.193,0.063,0.01,1.0,0.433,0.081,0.139,0.116
76,0.424,0.152,0.17,0.002,0.241,0.06,0.017,0.174,0.58,0.292,0.003,0.492,0.023,0.337,0.07,0.637,0.261,0.06,0.579,0.079,0.235,0.496,0.345,0.079,0.181,0.003,0.449,0.13,0.227,0.109,0.079,0.289,0.152,0.254,0.182,0.236,0.662,0.227,0.443,0.174,0.133,0.437,0.201,0.354,0.218,0.263,0.884,0.105,0.176,0.631,0.041,0.58,0.08,0.352,0.493,0.275,0.012,0.644,0.462,0.038,0.133,0.874,0.399,0.012,0.561,0.246,0.05,0.617,0.391,0.49,0.063,0.051,0.135,0.109,0.154,0.433,1.0,0.238,0.586,0.618
77,0.117,0.145,0.216,0.113,0.016,0.253,0.224,0.235,0.0,0.007,0.117,0.476,0.115,0.792,0.166,0.436,0.028,0.254,0.01,0.179,0.407,0.155,0.59,0.157,0.137,0.105,0.098,0.851,0.755,0.352,0.326,0.137,0.008,0.008,0.733,1.0,0.186,0.007,0.053,0.256,0.091,0.048,0.158,0.337,1.0,0.005,0.334,0.446,0.064,0.172,0.191,0.001,0.166,0.597,0.055,0.004,0.253,0.238,0.09,0.322,0.553,0.354,0.58,0.254,0.016,0.031,0.225,0.347,0.246,0.204,0.255,0.054,0.36,0.266,0.216,0.081,0.238,1.0,0.001,0.033
78,0.028,0.17,0.664,0.167,0.696,0.05,0.372,0.018,1.0,0.821,0.197,0.281,0.503,0.056,0.042,0.075,0.822,0.061,0.978,0.289,0.273,0.658,0.054,0.058,0.073,0.19,0.11,0.078,0.014,0.08,0.309,0.069,0.237,0.81,0.0,0.001,0.404,0.809,0.09,0.031,0.012,0.213,0.0,0.302,0.002,0.795,0.318,0.209,0.108,0.422,0.461,1.0,0.047,0.041,0.203,0.84,0.225,0.396,0.129,0.2,0.003,0.311,0.052,0.257,0.972,0.845,0.109,0.318,0.157,0.119,0.048,0.081,0.191,0.159,0.679,0.139,0.586,0.001,1.0,0.936
79,0.066,0.288,0.494,0.074,0.62,0.098,0.434,0.134,0.927,0.739,0.08,0.131,0.387,0.169,0.071,0.076,0.71,0.095,0.949,0.231,0.391,0.473,0.166,0.092,0.11,0.098,0.226,0.021,0.041,0.16,0.275,0.011,0.099,0.816,0.011,0.045,0.258,0.804,0.119,0.132,0.044,0.278,0.048,0.432,0.046,0.79,0.361,0.269,0.055,0.287,0.456,0.937,0.093,0.182,0.263,0.722,0.193,0.263,0.204,0.181,0.021,0.391,0.188,0.175,0.964,0.705,0.149,0.548,0.158,0.07,0.107,0.013,0.256,0.249,0.488,0.116,0.618,0.033,0.936,1.0
