,0,1,2,3,4,5,6,7,8,9,10,11,12,13,14,15,16,17,18,19,20,21,22,23,24,25,26,27,28,29
0,1.0,0.641,0.374,0.761,0.307,0.127,0.209,0.497,0.402,0.056,0.092,0.023,0.701,0.073,0.999,0.803,0.35,0.188,0.187,0.561,0.152,0.648,0.766,0.747,0.069,0.999,0.071,0.63,0.305,0.38
1,0.641,1.0,0.057,0.989,0.044,0.004,0.029,0.104,0.906,0.344,0.523,0.227,0.17,0.006,0.683,0.962,0.851,0.019,0.7,0.096,0.582,0.161,0.979,0.246,0.404,0.625,0.416,1.0,0.837,0.89
2,0.374,0.057,1.0,0.072,0.997,0.854,0.968,0.961,0.016,0.0,0.0,0.0,0.824,0.739,0.334,0.093,0.007,0.941,0.002,0.939,0.002,0.881,0.072,0.759,0.0,0.341,0.0,0.045,0.009,0.005
3,0.761,0.989,0.072,1.0,0.048,0.02,0.036,0.138,0.842,0.271,0.433,0.178,0.262,0.004,0.788,0.997,0.782,0.033,0.604,0.154,0.507,0.218,1.0,0.33,0.317,0.701,0.354,0.979,0.742,0.803
4,0.307,0.044,0.997,0.048,1.0,0.902,0.983,0.924,0.013,0.0,0.0,0.0,0.753,0.792,0.276,0.062,0.003,0.981,0.001,0.905,0.001,0.834,0.083,0.71,0.0,0.328,0.0,0.032,0.004,0.007
5,0.127,0.004,0.854,0.02,0.902,1.0,0.964,0.733,0.003,0.0,0.0,0.0,0.496,0.981,0.126,0.02,0.0,0.979,0.0,0.661,0.001,0.582,0.014,0.42,0.0,0.139,0.0,0.003,0.0,0.0
6,0.209,0.029,0.968,0.036,0.983,0.964,1.0,0.856,0.004,0.0,0.0,0.0,0.682,0.892,0.196,0.044,0.003,1.0,0.0,0.838,0.0,0.752,0.035,0.574,0.0,0.241,0.0,0.018,0.0,0.004
7,0.497,0.104,0.961,0.138,0.924,0.733,0.856,1.0,0.035,0.001,0.002,0.0,0.947,0.578,0.513,0.184,0.022,0.842,0.009,1.0,0.005,0.983,0.148,0.907,0.0,0.519,0.0,0.075,0.021,0.023
8,0.402,0.906,0.016,0.842,0.013,0.003,0.004,0.035,1.0,0.611,0.781,0.456,0.072,0.0,0.394,0.774,0.994,0.003,0.935,0.035,0.866,0.058,0.818,0.09,0.696,0.334,0.707,0.916,0.986,1.0
9,0.056,0.344,0.0,0.271,0.0,0.0,0.0,0.001,0.611,1.0,0.964,0.967,0.002,0.0,0.059,0.22,0.67,0.0,0.82,0.0,0.905,0.002,0.228,0.005,0.995,0.039,0.988,0.395,0.704,0.663
10,0.092,0.523,0.0,0.433,0.0,0.0,0.0,0.002,0.781,0.964,1.0,0.853,0.007,0.0,0.108,0.362,0.837,0.0,0.944,0.004,0.99,0.004,0.398,0.017,0.986,0.089,0.996,0.555,0.867,0.795
11,0.023,0.227,0.0,0.178,0.0,0.0,0.0,0.0,0.456,0.967,0.853,1.0,0.0,0.0,0.027,0.117,0.515,0.0,0.706,0.0,0.783,0.0,0.143,0.001,0.921,0.014,0.911,0.239,0.57,0.468
12,0.701,0.17,0.824,0.262,0.753,0.496,0.682,0.947,0.072,0.002,0.007,0.0,1.0,0.365,0.683,0.3,0.052,0.632,0.024,0.967,0.015,0.994,0.293,0.994,0.003,0.749,0.008,0.165,0.046,0.074
13,0.073,0.006,0.739,0.004,0.792,0.981,0.892,0.578,0.0,0.0,0.0,0.0,0.365,1.0,0.073,0.01,0.0,0.898,0.0,0.555,0.0,0.42,0.008,0.339,0.0,0.09,0.0,0.002,0.0,0.0
14,0.999,0.683,0.334,0.788,0.276,0.126,0.196,0.513,0.394,0.059,0.108,0.027,0.683,0.073,1.0,0.834,0.353,0.185,0.2,0.498,0.152,0.6,0.793,0.746,0.078,0.995,0.083,0.656,0.29,0.395
15,0.803,0.962,0.093,0.997,0.062,0.02,0.044,0.184,0.774,0.22,0.362,0.117,0.3,0.01,0.834,1.0,0.719,0.049,0.542,0.208,0.433,0.266,1.0,0.381,0.275,0.801,0.313,0.957,0.678,0.747
16,0.35,0.851,0.007,0.782,0.003,0.0,0.003,0.022,0.994,0.67,0.837,0.515,0.052,0.0,0.353,0.719,1.0,0.0,0.959,0.026,0.916,0.052,0.739,0.065,0.731,0.271,0.766,0.89,1.0,0.999
17,0.188,0.019,0.941,0.033,0.981,0.979,1.0,0.842,0.003,0.0,0.0,0.0,0.632,0.898,0.185,0.049,0.0,1.0,0.001,0.815,0.0,0.715,0.036,0.562,0.0,0.232,0.0,0.012,0.001,0.001
18,0.187,0.7,0.002,0.604,0.001,0.0,0.0,0.009,0.935,0.82,0.944,0.706,0.024,0.0,0.2,0.542,0.959,0.001,1.0,0.016,0.984,0.015,0.571,0.043,0.88,0.167,0.915,0.738,0.977,0.952
19,0.561,0.096,0.939,0.154,0.905,0.661,0.838,1.0,0.035,0.0,0.004,0.0,0.967,0.555,0.498,0.208,0.026,0.815,0.016,1.0,0.006,0.989,0.171,0.929,0.001,0.594,0.001,0.091,0.014,0.02
20,0.152,0.582,0.002,0.507,0.001,0.001,0.0,0.005,0.866,0.905,0.99,0.783,0.015,0.0,0.152,0.433,0.916,0.0,0.984,0.006,1.0,0.006,0.463,0.029,0.951,0.146,0.952,0.638,0.936,0.877
21,0.648,0.161,0.881,0.218,0.834,0.582,0.752,0.983,0.058,0.002,0.004,0.0,0.994,0.42,0.6,0.266,0.052,0.715,0.015,0.989,0.006,1.0,0.222,0.97,0.008,0.685,0.004,0.135,0.031,0.051
22,0.766,0.979,0.072,1.0,0.083,0.014,0.035,0.148,0.818,0.228,0.398,0.143,0.293,0.008,0.793,1.0,0.739,0.036,0.571,0.171,0.463,0.222,1.0,0.347,0.284,0.736,0.321,0.969,0.691,0.799
23,0.747,0.246,0.759,0.33,0.71,0.42,0.574,0.907,0.09,0.005,0.017,0.001,0.994,0.339,0.746,0.381,0.065,0.562,0.043,0.929,0.029,0.97,0.347,1.0,0.004,0.793,0.015,0.237,0.058,0.085
24,0.069,0.404,0.0,0.317,0.0,0.0,0.0,0.0,0.696,0.995,0.986,0.921,0.003,0.0,0.078,0.275,0.731,0.0,0.88,0.001,0.951,0.008,0.284,0.004,1.0,0.055,0.997,0.448,0.785,0.702
25,0.999,0.625,0.341,0.701,0.328,0.139,0.241,0.519,0.334,0.039,0.089,0.014,0.749,0.09,0.995,0.801,0.271,0.232,0.167,0.594,0.146,0.685,0.736,0.793,0.055,1.0,0.071,0.538,0.28,0.314
26,0.071,0.416,0.0,0.354,0.0,0.0,0.0,0.0,0.707,0.988,0.996,0.911,0.008,0.0,0.083,0.313,0.766,0.0,0.915,0.001,0.952,0.004,0.321,0.015,0.997,0.071,1.0,0.47,0.779,0.742
27,0.63,1.0,0.045,0.979,0.032,0.003,0.018,0.075,0.916,0.395,0.555,0.239,0.165,0.002,0.656,0.957,0.89,0.012,0.738,0.091,0.638,0.135,0.969,0.237,0.448,0.538,0.47,1.0,0.862,0.906
28,0.305,0.837,0.009,0.742,0.004,0.0,0.0,0.021,0.986,0.704,0.867,0.57,0.046,0.0,0.29,0.678,1.0,0.001,0.977,0.014,0.936,0.031,0.691,0.058,0.785,0.28,0.779,0.862,1.0,0.995
29,0.38,0.89,0.005,0.803,0.007,0.0,0.004,0.023,1.0,0.663,0.795,0.468,0.074,0.0,0.395,0.747,0.999,0.001,0.952,0.02,0.877,0.051,0.799,0.085,0.702,0.314,0.742,0.906,0.995,1.0
