,0,1,2,3,4,5,6,7,8,9,10,11,12,13,14,15,16,17,18,19,20,21,22,23,24,25,26,27,28,29
0,1.0,0.112,0.208,0.0,0.0,0.478,0.0,0.252,0.368,0.027,0.0,0.001,0.997,0.0,0.006,0.0,0.844,0.043,0.002,0.595,0.361,0.264,0.985,0.736,0.004,0.546,0.0,0.925,0.0,0.015
1,0.112,1.0,0.0,0.001,0.307,0.002,0.029,0.002,0.0,0.0,0.006,0.342,0.151,0.052,0.599,0.012,0.369,0.922,0.495,0.004,0.841,0.931,0.168,0.014,0.0,0.001,0.112,0.039,0.0,0.0
2,0.208,0.0,1.0,0.028,0.0,0.888,0.0,0.995,0.959,0.709,0.001,0.0,0.153,0.0,0.0,0.0,0.064,0.0,0.0,0.798,0.003,0.001,0.144,0.625,0.355,0.844,0.0,0.417,0.056,0.599
3,0.0,0.001,0.028,1.0,0.067,0.005,0.501,0.016,0.008,0.202,0.798,0.045,0.0,0.368,0.015,0.591,0.0,0.002,0.028,0.002,0.0,0.0,0.0,0.0,0.518,0.002,0.213,0.0,0.977,0.313
4,0.0,0.307,0.0,0.067,1.0,0.0,0.568,0.0,0.0,0.0,0.324,0.988,0.002,0.699,0.875,0.469,0.007,0.551,0.956,0.0,0.085,0.142,0.0,0.0,0.0,0.0,0.863,0.0,0.04,0.0
5,0.478,0.002,0.888,0.005,0.0,1.0,0.0,0.931,0.982,0.418,0.0,0.0,0.394,0.0,0.0,0.0,0.162,0.0,0.0,0.976,0.025,0.013,0.365,0.927,0.149,0.995,0.0,0.717,0.012,0.305
6,0.0,0.029,0.0,0.501,0.568,0.0,1.0,0.0,0.0,0.005,0.858,0.531,0.0,0.986,0.311,0.981,0.0,0.094,0.423,0.0,0.005,0.009,0.0,0.0,0.045,0.0,0.876,0.0,0.373,0.014
7,0.252,0.002,0.995,0.016,0.0,0.931,0.0,1.0,0.98,0.652,0.004,0.0,0.199,0.0,0.0,0.001,0.069,0.0,0.0,0.815,0.005,0.002,0.189,0.692,0.281,0.864,0.0,0.49,0.042,0.5
8,0.368,0.0,0.959,0.008,0.0,0.982,0.0,0.98,1.0,0.537,0.0,0.0,0.319,0.0,0.0,0.0,0.115,0.0,0.0,0.925,0.01,0.002,0.256,0.818,0.195,0.958,0.0,0.583,0.027,0.386
9,0.027,0.0,0.709,0.202,0.0,0.418,0.005,0.652,0.537,1.0,0.04,0.0,0.028,0.002,0.0,0.016,0.002,0.0,0.0,0.326,0.0,0.0,0.013,0.213,0.833,0.339,0.0,0.1,0.315,0.978
10,0.0,0.006,0.001,0.798,0.324,0.0,0.858,0.004,0.0,0.04,1.0,0.27,0.0,0.769,0.121,0.968,0.0,0.015,0.17,0.0,0.0,0.0,0.0,0.0,0.199,0.0,0.638,0.0,0.662,0.069
11,0.001,0.342,0.0,0.045,0.988,0.0,0.531,0.0,0.0,0.0,0.27,1.0,0.002,0.664,0.918,0.412,0.007,0.573,0.976,0.0,0.114,0.185,0.0,0.0,0.003,0.0,0.832,0.0,0.037,0.0
12,0.997,0.151,0.153,0.0,0.002,0.394,0.0,0.199,0.319,0.028,0.0,0.002,1.0,0.0,0.011,0.0,0.892,0.049,0.003,0.51,0.402,0.31,0.997,0.671,0.0,0.474,0.0,0.879,0.0,0.01
13,0.0,0.052,0.0,0.368,0.699,0.0,0.986,0.0,0.0,0.002,0.769,0.664,0.0,1.0,0.413,0.914,0.0,0.15,0.555,0.0,0.004,0.017,0.0,0.0,0.019,0.0,0.956,0.0,0.281,0.004
14,0.006,0.599,0.0,0.015,0.875,0.0,0.311,0.0,0.0,0.0,0.121,0.918,0.011,0.413,1.0,0.205,0.05,0.823,0.985,0.0,0.28,0.359,0.013,0.0,0.0,0.0,0.614,0.0,0.004,0.0
15,0.0,0.012,0.0,0.591,0.469,0.0,0.981,0.001,0.0,0.016,0.968,0.412,0.0,0.914,0.205,1.0,0.0,0.05,0.297,0.0,0.0,0.004,0.0,0.0,0.09,0.0,0.788,0.0,0.476,0.023
16,0.844,0.369,0.064,0.0,0.007,0.162,0.0,0.069,0.115,0.002,0.0,0.007,0.892,0.0,0.05,0.0,1.0,0.17,0.021,0.258,0.724,0.603,0.914,0.362,0.0,0.225,0.0,0.581,0.0,0.0
17,0.043,0.922,0.0,0.002,0.551,0.0,0.094,0.0,0.0,0.0,0.015,0.573,0.049,0.15,0.823,0.05,0.17,1.0,0.732,0.0,0.617,0.723,0.061,0.001,0.0,0.0,0.255,0.007,0.0,0.0
18,0.002,0.495,0.0,0.028,0.956,0.0,0.423,0.0,0.0,0.0,0.17,0.976,0.003,0.555,0.985,0.297,0.021,0.732,1.0,0.0,0.169,0.245,0.004,0.0,0.0,0.0,0.715,0.0,0.013,0.0
19,0.595,0.004,0.798,0.002,0.0,0.976,0.0,0.815,0.925,0.326,0.0,0.0,0.51,0.0,0.0,0.0,0.258,0.0,0.0,1.0,0.04,0.028,0.459,0.979,0.094,0.99,0.0,0.833,0.006,0.206
20,0.361,0.841,0.003,0.0,0.085,0.025,0.005,0.005,0.01,0.0,0.0,0.114,0.402,0.004,0.28,0.0,0.724,0.617,0.169,0.04,1.0,0.976,0.492,0.059,0.0,0.032,0.026,0.193,0.0,0.0
21,0.264,0.931,0.001,0.0,0.142,0.013,0.009,0.002,0.002,0.0,0.0,0.185,0.31,0.017,0.359,0.004,0.603,0.723,0.245,0.028,0.976,1.0,0.35,0.042,0.0,0.016,0.026,0.101,0.0,0.0
22,0.985,0.168,0.144,0.0,0.0,0.365,0.0,0.189,0.256,0.013,0.0,0.0,0.997,0.0,0.013,0.0,0.914,0.061,0.004,0.459,0.492,0.35,1.0,0.617,0.001,0.406,0.0,0.822,0.0,0.006
23,0.736,0.014,0.625,0.0,0.0,0.927,0.0,0.692,0.818,0.213,0.0,0.0,0.671,0.0,0.0,0.0,0.362,0.001,0.0,0.979,0.059,0.042,0.617,1.0,0.049,0.941,0.0,0.925,0.001,0.152
24,0.004,0.0,0.355,0.518,0.0,0.149,0.045,0.281,0.195,0.833,0.199,0.003,0.0,0.019,0.0,0.09,0.0,0.0,0.0,0.094,0.0,0.0,0.001,0.049,1.0,0.117,0.012,0.008,0.635,0.922
25,0.546,0.001,0.844,0.002,0.0,0.995,0.0,0.864,0.958,0.339,0.0,0.0,0.474,0.0,0.0,0.0,0.225,0.0,0.0,0.99,0.032,0.016,0.406,0.941,0.117,1.0,0.0,0.784,0.006,0.231
26,0.0,0.112,0.0,0.213,0.863,0.0,0.876,0.0,0.0,0.0,0.638,0.832,0.0,0.956,0.614,0.788,0.0,0.255,0.715,0.0,0.026,0.026,0.0,0.0,0.012,0.0,1.0,0.0,0.159,0.004
27,0.925,0.039,0.417,0.0,0.0,0.717,0.0,0.49,0.583,0.1,0.0,0.0,0.879,0.0,0.0,0.0,0.581,0.007,0.0,0.833,0.193,0.101,0.822,0.925,0.008,0.784,0.0,1.0,0.0,0.039
28,0.0,0.0,0.056,0.977,0.04,0.012,0.373,0.042,0.027,0.315,0.662,0.037,0.0,0.281,0.004,0.476,0.0,0.0,0.013,0.006,0.0,0.0,0.0,0.001,0.635,0.006,0.159,0.0,1.0,0.41
29,0.015,0.0,0.599,0.313,0.0,0.305,0.014,0.5,0.386,0.978,0.069,0.0,0.01,0.004,0.0,0.023,0.0,0.0,0.0,0.206,0.0,0.0,0.006,0.152,0.922,0.231,0.004,0.039,0.41,1.0
