,0,1,2,3,4,5,6,7,8,9,10,11,12,13,14,15,16,17,18,19,20,21,22,23,24,25,26,27,28,29
0,1.0,0.546,0.216,0.656,0.189,0.068,0.125,0.397,0.279,0.019,0.055,0.008,0.641,0.022,0.998,0.746,0.235,0.1,0.107,0.457,0.076,0.598,0.707,0.726,0.024,0.999,0.031,0.49,0.213,0.245
1,0.546,1.0,0.019,0.98,0.011,0.0,0.008,0.038,0.862,0.242,0.397,0.136,0.116,0.0,0.595,0.956,0.822,0.005,0.625,0.06,0.506,0.083,0.972,0.158,0.322,0.508,0.339,0.999,0.787,0.823
2,0.216,0.019,1.0,0.026,0.991,0.825,0.953,0.949,0.003,0.0,0.0,0.0,0.763,0.667,0.237,0.058,0.001,0.917,0.0,0.934,0.0,0.867,0.037,0.717,0.0,0.28,0.0,0.011,0.002,0.002
3,0.656,0.98,0.026,1.0,0.02,0.007,0.011,0.074,0.78,0.168,0.314,0.088,0.177,0.001,0.689,0.992,0.67,0.011,0.509,0.063,0.403,0.128,0.997,0.217,0.237,0.633,0.22,0.974,0.677,0.756
4,0.189,0.011,0.991,0.02,1.0,0.861,0.979,0.902,0.001,0.0,0.0,0.0,0.687,0.752,0.169,0.027,0.002,0.962,0.0,0.876,0.0,0.773,0.024,0.636,0.0,0.224,0.0,0.014,0.0,0.001
5,0.068,0.0,0.825,0.007,0.861,1.0,0.958,0.608,0.0,0.0,0.0,0.0,0.406,0.969,0.061,0.004,0.001,0.967,0.0,0.6,0.0,0.495,0.006,0.355,0.0,0.079,0.0,0.0,0.0,0.001
6,0.125,0.008,0.953,0.011,0.979,0.958,1.0,0.832,0.001,0.0,0.0,0.0,0.586,0.854,0.125,0.016,0.001,0.997,0.0,0.793,0.0,0.677,0.015,0.516,0.0,0.146,0.0,0.004,0.0,0.001
7,0.397,0.038,0.949,0.074,0.902,0.608,0.832,1.0,0.009,0.0,0.0,0.0,0.925,0.487,0.381,0.096,0.003,0.783,0.005,0.997,0.0,0.972,0.072,0.872,0.0,0.455,0.0,0.037,0.004,0.004
8,0.279,0.862,0.003,0.78,0.001,0.0,0.001,0.009,1.0,0.509,0.705,0.336,0.034,0.0,0.322,0.709,0.992,0.002,0.905,0.01,0.852,0.02,0.761,0.043,0.617,0.243,0.638,0.919,0.982,0.997
9,0.019,0.242,0.0,0.168,0.0,0.0,0.0,0.0,0.509,1.0,0.95,0.946,0.0,0.0,0.021,0.103,0.591,0.0,0.788,0.0,0.872,0.0,0.151,0.001,0.993,0.016,0.985,0.264,0.633,0.573
10,0.055,0.397,0.0,0.314,0.0,0.0,0.0,0.0,0.705,0.95,1.0,0.819,0.002,0.0,0.051,0.259,0.785,0.0,0.924,0.001,0.985,0.002,0.254,0.001,0.986,0.038,0.991,0.436,0.828,0.751
11,0.008,0.136,0.0,0.088,0.0,0.0,0.0,0.0,0.336,0.946,0.819,1.0,0.0,0.0,0.007,0.067,0.405,0.0,0.592,0.0,0.717,0.0,0.078,0.0,0.911,0.006,0.869,0.154,0.423,0.379
12,0.641,0.116,0.763,0.177,0.687,0.406,0.586,0.925,0.034,0.0,0.002,0.0,1.0,0.278,0.601,0.23,0.025,0.567,0.005,0.949,0.003,0.995,0.199,0.991,0.001,0.669,0.001,0.104,0.016,0.01
13,0.022,0.0,0.667,0.001,0.752,0.969,0.854,0.487,0.0,0.0,0.0,0.0,0.278,1.0,0.018,0.002,0.0,0.891,0.0,0.44,0.0,0.354,0.001,0.235,0.0,0.037,0.0,0.0,0.0,0.0
14,0.998,0.595,0.237,0.689,0.169,0.061,0.125,0.381,0.322,0.021,0.051,0.007,0.601,0.018,1.0,0.801,0.23,0.101,0.138,0.409,0.081,0.5,0.754,0.65,0.034,0.994,0.031,0.575,0.213,0.27
15,0.746,0.956,0.058,0.992,0.027,0.004,0.016,0.096,0.709,0.103,0.259,0.067,0.23,0.002,0.801,1.0,0.644,0.018,0.422,0.117,0.341,0.142,1.0,0.276,0.156,0.707,0.186,0.931,0.579,0.659
16,0.235,0.822,0.001,0.67,0.002,0.001,0.001,0.003,0.992,0.591,0.785,0.405,0.025,0.0,0.23,0.644,1.0,0.0,0.945,0.009,0.892,0.015,0.686,0.036,0.679,0.184,0.722,0.858,0.999,0.998
17,0.1,0.005,0.917,0.011,0.962,0.967,0.997,0.783,0.002,0.0,0.0,0.0,0.567,0.891,0.101,0.018,0.0,1.0,0.0,0.763,0.0,0.631,0.015,0.48,0.0,0.137,0.0,0.001,0.0,0.0
18,0.107,0.625,0.0,0.509,0.0,0.0,0.0,0.005,0.905,0.788,0.924,0.592,0.005,0.0,0.138,0.422,0.945,0.0,1.0,0.003,0.978,0.005,0.481,0.008,0.829,0.112,0.883,0.684,0.952,0.937
19,0.457,0.06,0.934,0.063,0.876,0.6,0.793,0.997,0.01,0.0,0.001,0.0,0.949,0.44,0.409,0.117,0.009,0.763,0.003,1.0,0.001,0.985,0.099,0.912,0.0,0.516,0.0,0.047,0.003,0.009
20,0.076,0.506,0.0,0.403,0.0,0.0,0.0,0.0,0.852,0.872,0.985,0.717,0.003,0.0,0.081,0.341,0.892,0.0,0.978,0.001,1.0,0.001,0.39,0.006,0.937,0.054,0.944,0.558,0.919,0.85
21,0.598,0.083,0.867,0.128,0.773,0.495,0.677,0.972,0.02,0.0,0.002,0.0,0.995,0.354,0.5,0.142,0.015,0.631,0.005,0.985,0.001,1.0,0.168,0.979,0.0,0.611,0.001,0.08,0.01,0.019
22,0.707,0.972,0.037,0.997,0.024,0.006,0.015,0.072,0.761,0.151,0.254,0.078,0.199,0.001,0.754,1.0,0.686,0.015,0.481,0.099,0.39,0.168,1.0,0.241,0.203,0.661,0.217,0.955,0.626,0.692
23,0.726,0.158,0.717,0.217,0.636,0.355,0.516,0.872,0.043,0.001,0.001,0.0,0.991,0.235,0.65,0.276,0.036,0.48,0.008,0.912,0.006,0.979,0.241,1.0,0.001,0.751,0.002,0.137,0.028,0.03
24,0.024,0.322,0.0,0.237,0.0,0.0,0.0,0.0,0.617,0.993,0.986,0.911,0.001,0.0,0.034,0.156,0.679,0.0,0.829,0.0,0.937,0.0,0.203,0.001,1.0,0.025,0.998,0.333,0.702,0.636
25,0.999,0.508,0.28,0.633,0.224,0.079,0.146,0.455,0.243,0.016,0.038,0.006,0.669,0.037,0.994,0.707,0.184,0.137,0.112,0.516,0.054,0.611,0.661,0.751,0.025,1.0,0.021,0.48,0.19,0.234
26,0.031,0.339,0.0,0.22,0.0,0.0,0.0,0.0,0.638,0.985,0.991,0.869,0.001,0.0,0.031,0.186,0.722,0.0,0.883,0.0,0.944,0.001,0.217,0.002,0.998,0.021,1.0,0.345,0.732,0.649
27,0.49,0.999,0.011,0.974,0.014,0.0,0.004,0.037,0.919,0.264,0.436,0.154,0.104,0.0,0.575,0.931,0.858,0.001,0.684,0.047,0.558,0.08,0.955,0.137,0.333,0.48,0.345,1.0,0.829,0.882
28,0.213,0.787,0.002,0.677,0.0,0.0,0.0,0.004,0.982,0.633,0.828,0.423,0.016,0.0,0.213,0.579,0.999,0.0,0.952,0.003,0.919,0.01,0.626,0.028,0.702,0.19,0.732,0.829,1.0,0.991
29,0.245,0.823,0.002,0.756,0.001,0.001,0.001,0.004,0.997,0.573,0.751,0.379,0.01,0.0,0.27,0.659,0.998,0.0,0.937,0.009,0.85,0.019,0.692,0.03,0.636,0.234,0.649,0.882,0.991,1.0
