,0,1,2,3,4,5,6,7,8,9,10,11,12,13,14,15,16,17,18,19,20,21,22,23,24,25,26,27,28,29,30,31,32,33,34,35,36,37,38,39,40,41,42,43,44,45,46,47,48,49,50,51,52,53,54,55,56,57,58,59,60,61,62,63,64,65,66,67,68,69,70,71,72,73,74,75,76,77,78,79,80,81,82,83,84,85,86,87,88,89,90,91,92,93,94,95,96,97,98,99
0,1.0,0.343,0.132,0.008,0.001,0.106,0.22,0.223,0.044,0.125,0.085,0.042,0.005,0.001,0.381,0.388,0.059,0.067,0.084,0.007,0.12,0.119,0.551,0.067,0.542,0.049,0.507,0.118,0.039,0.001,0.607,0.549,0.175,0.006,0.056,0.13,0.0,0.079,0.054,0.035,0.002,0.048,0.237,0.032,0.132,0.171,0.52,0.101,0.195,0.069,0.289,0.075,0.039,0.005,0.05,0.039,0.186,0.196,0.548,0.05,0.106,0.114,0.083,0.131,0.097,0.005,0.011,0.137,0.02,0.139,0.067,0.487,0.136,0.12,0.169,0.119,0.296,0.246,0.01,0.794,0.116,0.047,0.001,0.039,0.001,0.551,0.285,0.022,0.081,0.0,0.259,0.684,0.145,0.175,0.059,0.126,0.107,0.0,0.026,0.209
1,0.343,1.0,0.02,0.051,0.138,0.041,0.142,0.671,0.154,0.071,0.0,0.072,0.012,0.008,0.74,0.995,0.0,0.124,0.0,0.064,0.061,0.168,0.394,0.001,0.488,0.168,0.18,0.021,0.101,0.048,0.769,0.501,0.062,0.025,0.132,0.07,0.156,0.101,0.003,0.011,0.032,0.0,0.144,0.116,0.128,0.017,0.103,0.067,0.192,0.107,0.981,0.09,0.04,0.05,0.149,0.056,0.211,0.017,0.08,0.004,0.018,0.112,0.302,0.01,0.0,0.128,0.004,0.479,0.015,0.088,0.075,0.352,0.077,0.082,0.38,0.009,0.819,0.261,0.012,0.219,0.006,0.005,0.068,0.002,0.071,0.497,0.343,0.012,0.021,0.058,0.915,0.686,0.466,0.115,0.037,0.062,0.001,0.158,0.061,0.725
2,0.132,0.02,1.0,0.109,0.092,0.404,0.006,0.034,0.002,0.007,0.018,0.086,0.097,0.019,0.04,0.021,0.038,0.023,0.016,0.043,0.155,0.042,0.001,0.064,0.002,0.046,0.044,0.401,0.024,0.02,0.018,0.001,0.011,0.054,0.0,0.145,0.089,0.027,0.147,0.08,0.026,0.015,0.006,0.003,0.026,0.123,0.093,0.094,0.007,0.018,0.028,0.034,0.032,0.096,0.001,0.15,0.004,0.717,0.072,0.118,0.553,0.034,0.053,0.885,0.112,0.087,0.073,0.049,0.107,0.076,0.026,0.032,0.074,0.01,0.02,0.102,0.012,0.02,0.158,0.11,0.038,0.142,0.099,0.035,0.039,0.001,0.027,0.098,0.315,0.03,0.032,0.01,0.051,0.045,0.025,0.07,0.115,0.071,0.165,0.032
3,0.008,0.051,0.109,1.0,0.261,0.507,0.057,0.036,0.051,0.058,0.063,0.14,0.211,0.049,0.036,0.057,0.052,0.065,0.052,0.132,0.212,0.02,0.036,0.075,0.029,0.041,0.076,0.525,0.29,0.463,0.039,0.034,0.145,0.017,0.047,0.064,0.002,0.037,0.181,0.025,0.117,0.039,0.064,0.051,0.377,0.185,0.021,0.195,0.216,0.05,0.045,0.025,0.013,0.987,0.051,0.858,0.221,0.217,0.022,0.152,0.334,0.346,0.026,0.134,0.285,0.303,0.187,0.076,0.009,0.162,0.004,0.111,0.156,0.059,0.019,0.146,0.036,0.195,0.572,0.038,0.078,0.203,0.257,0.058,0.758,0.031,0.142,0.004,0.605,0.726,0.035,0.029,0.062,0.015,0.017,0.148,0.292,0.006,0.746,0.048
4,0.001,0.138,0.092,0.261,1.0,0.061,0.005,0.0,0.083,0.083,0.068,0.414,0.826,0.049,0.27,0.145,0.063,0.088,0.075,0.02,0.018,0.074,0.031,0.061,0.039,0.071,0.025,0.054,0.104,0.336,0.103,0.044,0.262,0.179,0.07,0.046,0.016,0.116,0.041,0.166,0.217,0.077,0.002,0.064,0.234,0.033,0.004,0.013,0.055,0.074,0.108,0.102,0.106,0.306,0.079,0.235,0.066,0.039,0.004,0.031,0.007,0.255,0.048,0.041,0.022,0.921,0.839,0.034,0.097,0.012,0.143,0.016,0.015,0.123,0.193,0.046,0.287,0.048,0.125,0.003,0.052,0.036,0.969,0.061,0.353,0.051,0.025,0.132,0.06,0.373,0.042,0.076,0.047,0.115,0.114,0.004,0.029,0.027,0.267,0.0
5,0.106,0.041,0.404,0.507,0.061,1.0,0.169,0.025,0.006,0.129,0.001,0.001,0.032,0.0,0.036,0.026,0.001,0.233,0.001,0.296,0.137,0.019,0.151,0.005,0.114,0.173,0.266,1.0,0.248,0.03,0.076,0.097,0.084,0.139,0.003,0.033,0.017,0.026,0.253,0.17,0.074,0.0,0.166,0.008,0.461,0.027,0.04,0.247,0.15,0.191,0.021,0.027,0.002,0.414,0.002,0.749,0.139,0.858,0.038,0.255,0.913,0.475,0.005,0.583,0.121,0.032,0.035,0.008,0.176,0.165,0.001,0.065,0.209,0.075,0.029,0.01,0.015,0.134,0.655,0.235,0.004,0.244,0.027,0.0,0.154,0.097,0.113,0.195,0.994,0.138,0.02,0.069,0.012,0.012,0.0,0.287,0.166,0.018,0.775,0.022
6,0.22,0.142,0.006,0.057,0.005,0.169,1.0,0.051,0.083,0.137,0.14,0.004,0.0,0.015,0.115,0.159,0.064,0.226,0.133,0.789,0.187,0.101,0.027,0.048,0.043,0.222,0.042,0.183,0.54,0.089,0.146,0.029,0.212,0.293,0.087,0.161,0.188,0.25,0.206,0.288,0.232,0.116,1.0,0.075,0.192,0.003,0.688,0.23,0.74,0.226,0.149,0.225,0.004,0.031,0.083,0.064,0.732,0.088,0.676,0.223,0.159,0.166,0.021,0.041,0.048,0.0,0.001,0.022,0.333,0.169,0.026,0.748,0.167,0.113,0.139,0.01,0.177,0.757,0.068,0.01,0.068,0.24,0.0,0.089,0.018,0.028,0.768,0.328,0.166,0.005,0.112,0.106,0.022,0.013,0.016,0.229,0.106,0.22,0.065,0.057
7,0.223,0.671,0.034,0.036,0.0,0.025,0.051,1.0,0.136,0.107,0.101,0.541,0.145,0.181,0.226,0.644,0.105,0.216,0.1,0.031,0.019,0.268,0.204,0.081,0.232,0.258,0.107,0.017,0.158,0.052,0.429,0.269,0.025,0.026,0.167,0.206,0.41,0.26,0.006,0.047,0.063,0.12,0.057,0.184,0.07,0.049,0.005,0.017,0.246,0.224,0.824,0.262,0.117,0.05,0.166,0.014,0.258,0.027,0.003,0.004,0.027,0.07,0.415,0.042,0.053,0.007,0.13,0.927,0.014,0.008,0.063,0.362,0.016,0.14,0.066,0.06,0.289,0.31,0.015,0.1,0.072,0.007,0.017,0.099,0.033,0.245,0.312,0.024,0.015,0.072,0.922,0.417,0.939,0.184,0.074,0.014,0.04,0.401,0.0,1.0
8,0.044,0.154,0.002,0.051,0.083,0.006,0.083,0.136,1.0,0.072,0.431,0.185,0.124,0.81,0.139,0.146,0.292,0.03,0.454,0.055,0.047,0.096,0.073,0.189,0.067,0.009,0.093,0.008,0.023,0.332,0.106,0.061,0.058,0.343,1.0,0.1,0.068,0.053,0.032,0.311,0.356,0.518,0.082,0.996,0.031,0.027,0.07,0.103,0.006,0.026,0.14,0.046,0.531,0.074,1.0,0.007,0.006,0.005,0.056,0.033,0.004,0.062,0.003,0.002,0.085,0.12,0.134,0.185,0.23,0.094,0.477,0.021,0.088,0.062,0.632,0.079,0.257,0.001,0.054,0.018,0.235,0.022,0.113,0.279,0.126,0.074,0.021,0.269,0.005,0.225,0.107,0.087,0.188,0.017,0.599,0.093,0.059,0.067,0.042,0.164
9,0.125,0.071,0.007,0.058,0.083,0.129,0.137,0.107,0.072,1.0,0.046,0.037,0.02,0.138,0.003,0.041,0.028,0.0,0.028,0.114,0.159,0.736,0.039,0.028,0.014,0.001,0.099,0.12,0.008,0.094,0.01,0.019,0.159,0.348,0.082,0.023,0.069,0.021,0.286,0.373,0.282,0.05,0.15,0.089,0.003,0.054,0.158,0.132,0.022,0.0,0.09,0.023,0.143,0.053,0.069,0.063,0.013,0.073,0.176,0.272,0.151,0.0,0.364,0.059,0.127,0.131,0.024,0.107,0.416,0.124,0.102,0.054,0.093,0.95,0.031,0.028,0.014,0.016,0.413,0.083,0.002,0.293,0.052,0.025,0.019,0.025,0.021,0.388,0.14,0.019,0.111,0.02,0.107,0.679,0.124,0.098,0.152,0.033,0.151,0.132
10,0.085,0.0,0.018,0.063,0.068,0.001,0.14,0.101,0.431,0.046,1.0,0.236,0.153,0.628,0.145,0.004,0.847,0.0,1.0,0.11,0.031,0.019,0.036,0.763,0.018,0.0,0.044,0.0,0.0,0.244,0.011,0.025,0.0,0.18,0.429,0.136,0.009,0.004,0.003,0.119,0.223,0.98,0.128,0.455,0.0,0.452,0.203,0.003,0.004,0.001,0.008,0.009,0.589,0.075,0.427,0.021,0.006,0.0,0.191,0.003,0.0,0.0,0.038,0.002,0.206,0.074,0.168,0.192,0.112,0.001,0.614,0.018,0.002,0.006,0.162,0.577,0.122,0.008,0.013,0.095,0.866,0.002,0.113,0.863,0.172,0.033,0.013,0.097,0.0,0.169,0.031,0.011,0.173,0.005,0.66,0.031,0.139,0.016,0.0,0.095
11,0.042,0.072,0.086,0.14,0.414,0.001,0.004,0.541,0.185,0.037,0.236,1.0,0.772,0.25,0.014,0.053,0.213,0.174,0.198,0.007,0.022,0.117,0.018,0.186,0.02,0.139,0.014,0.0,0.124,0.229,0.027,0.014,0.057,0.123,0.184,0.125,0.302,0.225,0.052,0.188,0.191,0.213,0.002,0.212,0.107,0.095,0.033,0.01,0.165,0.183,0.152,0.186,0.251,0.201,0.211,0.039,0.17,0.032,0.028,0.055,0.017,0.134,0.235,0.092,0.099,0.447,0.779,0.743,0.077,0.012,0.247,0.137,0.012,0.022,0.093,0.128,0.018,0.151,0.113,0.008,0.155,0.049,0.59,0.204,0.124,0.005,0.117,0.127,0.0,0.269,0.241,0.043,0.737,0.106,0.26,0.014,0.101,0.334,0.096,0.516
12,0.005,0.012,0.097,0.211,0.826,0.032,0.0,0.145,0.124,0.02,0.153,0.772,1.0,0.158,0.134,0.012,0.142,0.084,0.15,0.0,0.032,0.001,0.0,0.123,0.008,0.067,0.007,0.033,0.077,0.287,0.016,0.002,0.163,0.157,0.118,0.006,0.074,0.168,0.063,0.141,0.236,0.18,0.0,0.127,0.207,0.062,0.015,0.022,0.101,0.088,0.0,0.153,0.249,0.251,0.13,0.131,0.112,0.042,0.019,0.065,0.013,0.24,0.056,0.064,0.065,0.752,1.0,0.316,0.121,0.02,0.248,0.05,0.021,0.023,0.161,0.097,0.137,0.062,0.154,0.002,0.103,0.069,0.922,0.131,0.232,0.007,0.036,0.127,0.024,0.321,0.012,0.006,0.334,0.07,0.231,0.012,0.061,0.128,0.215,0.132
13,0.001,0.008,0.019,0.049,0.049,0.0,0.015,0.181,0.81,0.138,0.628,0.25,0.158,1.0,0.104,0.005,0.49,0.002,0.623,0.004,0.0,0.123,0.002,0.365,0.002,0.001,0.004,0.0,0.086,0.283,0.007,0.008,0.068,0.287,0.799,0.215,0.127,0.1,0.002,0.201,0.318,0.756,0.022,0.86,0.003,0.132,0.043,0.01,0.046,0.002,0.035,0.115,0.888,0.058,0.799,0.003,0.06,0.0,0.04,0.001,0.0,0.006,0.006,0.006,0.182,0.042,0.176,0.281,0.159,0.006,0.786,0.021,0.008,0.118,0.407,0.221,0.094,0.02,0.06,0.016,0.425,0.003,0.099,0.47,0.148,0.009,0.014,0.195,0.0,0.192,0.073,0.0,0.262,0.042,0.893,0.028,0.111,0.138,0.019,0.186
14,0.381,0.74,0.04,0.036,0.27,0.036,0.115,0.226,0.139,0.003,0.145,0.014,0.134,0.104,1.0,0.815,0.078,0.041,0.144,0.047,0.097,0.005,0.476,0.077,0.605,0.043,0.281,0.02,0.061,0.025,0.805,0.602,0.017,0.008,0.129,0.018,0.006,0.007,0.019,0.022,0.023,0.152,0.114,0.112,0.101,0.109,0.166,0.099,0.074,0.034,0.623,0.004,0.346,0.042,0.122,0.036,0.082,0.007,0.147,0.023,0.005,0.093,0.086,0.008,0.04,0.187,0.159,0.091,0.014,0.129,0.485,0.169,0.116,0.012,0.625,0.082,0.924,0.136,0.08,0.345,0.099,0.028,0.226,0.097,0.036,0.626,0.186,0.015,0.022,0.027,0.479,0.714,0.077,0.011,0.365,0.109,0.055,0.003,0.142,0.237
15,0.388,0.995,0.021,0.057,0.145,0.026,0.159,0.644,0.146,0.041,0.004,0.053,0.012,0.005,0.815,1.0,0.002,0.108,0.005,0.076,0.066,0.114,0.413,0.003,0.523,0.161,0.253,0.027,0.08,0.062,0.812,0.515,0.052,0.025,0.149,0.043,0.139,0.096,0.009,0.013,0.036,0.006,0.144,0.111,0.127,0.022,0.102,0.066,0.184,0.126,0.957,0.119,0.049,0.06,0.129,0.051,0.162,0.021,0.097,0.005,0.017,0.102,0.266,0.01,0.002,0.14,0.023,0.396,0.011,0.093,0.106,0.325,0.08,0.06,0.419,0.009,0.834,0.244,0.018,0.234,0.002,0.007,0.084,0.002,0.052,0.527,0.3,0.011,0.023,0.058,0.886,0.747,0.414,0.08,0.049,0.075,0.005,0.141,0.08,0.639
16,0.059,0.0,0.038,0.052,0.063,0.001,0.064,0.105,0.292,0.028,0.847,0.213,0.142,0.49,0.078,0.002,1.0,0.008,0.856,0.13,0.135,0.0,0.1,0.972,0.09,0.005,0.094,0.001,0.003,0.174,0.019,0.094,0.012,0.154,0.314,0.117,0.01,0.034,0.087,0.075,0.151,0.855,0.079,0.345,0.002,0.648,0.125,0.096,0.001,0.005,0.013,0.024,0.456,0.078,0.268,0.007,0.005,0.001,0.122,0.103,0.005,0.002,0.049,0.017,0.196,0.071,0.151,0.155,0.129,0.064,0.474,0.003,0.067,0.01,0.04,0.859,0.082,0.012,0.025,0.153,0.939,0.104,0.106,1.0,0.093,0.067,0.01,0.092,0.001,0.158,0.027,0.052,0.171,0.019,0.513,0.136,0.113,0.021,0.004,0.109
17,0.067,0.124,0.023,0.065,0.088,0.233,0.226,0.216,0.03,0.0,0.0,0.174,0.084,0.002,0.041,0.108,0.008,1.0,0.0,0.22,0.038,0.057,0.152,0.008,0.131,0.982,0.131,0.212,0.103,0.067,0.128,0.16,0.224,0.109,0.028,0.228,0.365,0.38,0.035,0.093,0.108,0.0,0.231,0.021,0.695,0.001,0.164,0.09,0.144,1.0,0.134,0.382,0.0,0.02,0.019,0.227,0.142,0.111,0.158,0.038,0.141,0.695,0.103,0.05,0.003,0.14,0.075,0.244,0.125,0.081,0.003,0.166,0.078,0.005,0.063,0.005,0.058,0.166,0.024,0.068,0.002,0.039,0.08,0.005,0.115,0.15,0.169,0.101,0.204,0.021,0.193,0.144,0.22,0.001,0.001,0.123,0.011,0.4,0.129,0.217
18,0.084,0.0,0.016,0.052,0.075,0.001,0.133,0.1,0.454,0.028,1.0,0.198,0.15,0.623,0.144,0.005,0.856,0.0,1.0,0.101,0.034,0.018,0.033,0.728,0.026,0.0,0.03,0.0,0.0,0.236,0.019,0.028,0.0,0.166,0.395,0.123,0.008,0.01,0.0,0.127,0.229,0.977,0.14,0.448,0.001,0.448,0.225,0.001,0.003,0.0,0.005,0.008,0.589,0.082,0.43,0.021,0.006,0.0,0.216,0.001,0.0,0.0,0.04,0.008,0.223,0.072,0.153,0.163,0.103,0.002,0.607,0.025,0.002,0.013,0.174,0.606,0.14,0.005,0.005,0.094,0.86,0.003,0.101,0.863,0.163,0.025,0.017,0.122,0.003,0.186,0.032,0.015,0.17,0.004,0.672,0.024,0.14,0.015,0.0,0.099
19,0.007,0.064,0.043,0.132,0.02,0.296,0.789,0.031,0.055,0.114,0.11,0.007,0.0,0.004,0.047,0.076,0.13,0.22,0.101,1.0,0.227,0.12,0.173,0.108,0.099,0.234,0.361,0.309,0.726,0.046,0.053,0.107,0.124,0.248,0.052,0.187,0.274,0.211,0.274,0.182,0.169,0.081,0.798,0.041,0.124,0.027,0.255,0.329,0.684,0.232,0.061,0.235,0.008,0.103,0.051,0.163,0.702,0.22,0.286,0.289,0.304,0.122,0.106,0.142,0.063,0.005,0.0,0.033,0.322,0.265,0.007,0.515,0.242,0.097,0.09,0.083,0.089,0.726,0.11,0.13,0.101,0.245,0.002,0.113,0.0,0.086,0.666,0.236,0.316,0.0,0.068,0.032,0.021,0.007,0.001,0.403,0.097,0.247,0.094,0.033
20,0.12,0.061,0.155,0.212,0.018,0.137,0.187,0.019,0.047,0.159,0.031,0.022,0.032,0.0,0.097,0.066,0.135,0.038,0.034,0.227,1.0,0.105,0.241,0.263,0.212,0.033,0.205,0.167,0.062,0.0,0.179,0.234,0.096,0.287,0.057,0.172,0.093,0.097,0.835,0.369,0.146,0.013,0.204,0.049,0.075,0.696,0.065,0.86,0.092,0.042,0.057,0.1,0.02,0.179,0.07,0.21,0.099,0.125,0.042,0.826,0.104,0.062,0.038,0.13,0.728,0.015,0.018,0.018,0.529,0.82,0.027,0.146,0.835,0.124,0.187,0.484,0.079,0.163,0.138,0.209,0.191,0.841,0.026,0.165,0.058,0.234,0.172,0.434,0.169,0.052,0.036,0.173,0.015,0.077,0.012,0.67,0.77,0.077,0.12,0.021
21,0.119,0.168,0.042,0.02,0.074,0.019,0.101,0.268,0.096,0.736,0.019,0.117,0.001,0.123,0.005,0.114,0.0,0.057,0.018,0.12,0.105,1.0,0.058,0.016,0.045,0.08,0.151,0.022,0.081,0.125,0.017,0.033,0.028,0.278,0.08,0.314,0.477,0.074,0.146,0.376,0.236,0.033,0.113,0.087,0.0,0.043,0.183,0.067,0.022,0.055,0.185,0.065,0.123,0.012,0.088,0.021,0.022,0.013,0.219,0.129,0.033,0.0,0.723,0.014,0.087,0.085,0.002,0.299,0.273,0.044,0.07,0.0,0.047,0.874,0.032,0.03,0.012,0.019,0.094,0.147,0.004,0.144,0.033,0.002,0.05,0.034,0.01,0.317,0.028,0.06,0.224,0.04,0.248,0.676,0.085,0.073,0.098,0.356,0.01,0.258
22,0.551,0.394,0.001,0.036,0.031,0.151,0.027,0.204,0.073,0.039,0.036,0.018,0.0,0.002,0.476,0.413,0.1,0.152,0.033,0.173,0.241,0.058,1.0,0.129,0.969,0.162,0.874,0.14,0.052,0.004,0.714,0.978,0.068,0.049,0.066,0.031,0.045,0.024,0.154,0.033,0.02,0.017,0.027,0.048,0.128,0.229,0.054,0.408,0.012,0.146,0.297,0.023,0.068,0.033,0.083,0.117,0.011,0.098,0.063,0.161,0.085,0.105,0.046,0.02,0.125,0.012,0.0,0.096,0.071,0.427,0.115,0.07,0.435,0.031,0.258,0.193,0.332,0.033,0.016,0.814,0.125,0.152,0.008,0.077,0.002,0.971,0.036,0.046,0.146,0.01,0.264,0.827,0.1,0.06,0.07,0.558,0.161,0.043,0.053,0.208
23,0.067,0.001,0.064,0.075,0.061,0.005,0.048,0.081,0.189,0.028,0.763,0.186,0.123,0.365,0.077,0.003,0.972,0.008,0.728,0.108,0.263,0.016,0.129,1.0,0.138,0.005,0.14,0.002,0.017,0.132,0.045,0.115,0.018,0.106,0.195,0.132,0.024,0.041,0.153,0.05,0.099,0.652,0.039,0.232,0.0,0.727,0.078,0.151,0.01,0.007,0.013,0.032,0.324,0.116,0.187,0.016,0.007,0.005,0.101,0.165,0.011,0.002,0.08,0.045,0.297,0.074,0.108,0.118,0.129,0.134,0.35,0.003,0.123,0.016,0.016,0.942,0.061,0.012,0.017,0.193,0.913,0.177,0.089,0.974,0.091,0.131,0.012,0.087,0.006,0.158,0.037,0.067,0.152,0.033,0.37,0.219,0.178,0.029,0.005,0.095
24,0.542,0.488,0.002,0.029,0.039,0.114,0.043,0.232,0.067,0.014,0.018,0.02,0.008,0.002,0.605,0.523,0.09,0.131,0.026,0.099,0.212,0.045,0.969,0.138,1.0,0.149,0.758,0.089,0.028,0.012,0.825,1.0,0.06,0.027,0.054,0.021,0.015,0.008,0.148,0.025,0.028,0.024,0.025,0.051,0.106,0.197,0.074,0.337,0.028,0.135,0.386,0.021,0.103,0.03,0.068,0.085,0.028,0.077,0.071,0.146,0.072,0.1,0.031,0.018,0.141,0.019,0.006,0.146,0.06,0.403,0.163,0.104,0.4,0.027,0.321,0.161,0.406,0.049,0.021,0.747,0.091,0.141,0.021,0.093,0.008,1.0,0.075,0.048,0.076,0.018,0.315,0.921,0.132,0.031,0.094,0.465,0.138,0.011,0.07,0.263
25,0.049,0.168,0.046,0.041,0.071,0.173,0.222,0.258,0.009,0.001,0.0,0.139,0.067,0.001,0.043,0.161,0.005,0.982,0.0,0.234,0.033,0.08,0.162,0.005,0.149,1.0,0.153,0.166,0.141,0.029,0.14,0.164,0.214,0.076,0.015,0.304,0.426,0.423,0.029,0.061,0.078,0.0,0.221,0.011,0.616,0.001,0.134,0.078,0.176,0.992,0.149,0.406,0.0,0.032,0.018,0.202,0.171,0.095,0.133,0.021,0.131,0.606,0.119,0.057,0.006,0.127,0.046,0.201,0.073,0.062,0.0,0.183,0.063,0.012,0.042,0.008,0.077,0.169,0.013,0.061,0.002,0.036,0.062,0.002,0.069,0.16,0.173,0.076,0.172,0.007,0.176,0.15,0.225,0.003,0.0,0.094,0.011,0.432,0.118,0.246
26,0.507,0.18,0.044,0.076,0.025,0.266,0.042,0.107,0.093,0.099,0.044,0.014,0.007,0.004,0.281,0.253,0.094,0.131,0.03,0.361,0.205,0.151,0.874,0.14,0.758,0.153,1.0,0.294,0.175,0.0,0.455,0.753,0.128,0.039,0.094,0.079,0.106,0.079,0.181,0.023,0.019,0.02,0.048,0.081,0.145,0.172,0.03,0.384,0.055,0.135,0.152,0.076,0.024,0.076,0.101,0.198,0.045,0.241,0.031,0.164,0.181,0.128,0.091,0.094,0.104,0.016,0.005,0.068,0.072,0.359,0.058,0.006,0.384,0.079,0.192,0.169,0.157,0.067,0.04,0.79,0.107,0.174,0.007,0.126,0.014,0.769,0.023,0.048,0.251,0.009,0.121,0.564,0.066,0.114,0.023,0.539,0.129,0.123,0.079,0.111
27,0.118,0.021,0.401,0.525,0.054,1.0,0.183,0.017,0.008,0.12,0.0,0.0,0.033,0.0,0.02,0.027,0.001,0.212,0.0,0.309,0.167,0.022,0.14,0.002,0.089,0.166,0.294,1.0,0.266,0.031,0.078,0.089,0.086,0.131,0.005,0.044,0.02,0.021,0.216,0.158,0.076,0.0,0.149,0.001,0.469,0.036,0.026,0.228,0.135,0.209,0.028,0.025,0.001,0.418,0.006,0.724,0.162,0.843,0.04,0.261,0.921,0.46,0.007,0.617,0.124,0.028,0.032,0.012,0.179,0.182,0.002,0.065,0.192,0.082,0.039,0.015,0.024,0.126,0.639,0.241,0.002,0.254,0.025,0.002,0.195,0.117,0.12,0.173,0.987,0.148,0.026,0.073,0.009,0.008,0.001,0.264,0.132,0.009,0.768,0.012
28,0.039,0.101,0.024,0.29,0.104,0.248,0.54,0.158,0.023,0.008,0.0,0.124,0.077,0.086,0.061,0.08,0.003,0.103,0.0,0.726,0.062,0.081,0.052,0.017,0.028,0.141,0.175,0.266,1.0,0.085,0.044,0.029,0.221,0.0,0.028,0.233,0.194,0.145,0.048,0.004,0.012,0.006,0.566,0.036,0.072,0.012,0.195,0.108,0.914,0.122,0.148,0.147,0.133,0.31,0.035,0.233,0.903,0.141,0.192,0.054,0.195,0.042,0.114,0.076,0.075,0.063,0.08,0.164,0.006,0.087,0.097,0.628,0.08,0.025,0.059,0.008,0.075,0.866,0.114,0.023,0.002,0.056,0.102,0.009,0.109,0.034,0.785,0.0,0.311,0.175,0.156,0.024,0.18,0.102,0.113,0.139,0.054,0.172,0.13,0.148
29,0.001,0.048,0.02,0.463,0.336,0.03,0.089,0.052,0.332,0.094,0.244,0.229,0.287,0.283,0.025,0.062,0.174,0.067,0.236,0.046,0.0,0.125,0.004,0.132,0.012,0.029,0.0,0.031,0.085,1.0,0.025,0.01,0.242,0.605,0.328,0.049,0.007,0.075,0.025,0.506,0.823,0.225,0.097,0.349,0.255,0.103,0.099,0.02,0.023,0.062,0.06,0.08,0.122,0.552,0.34,0.279,0.039,0.019,0.105,0.024,0.012,0.261,0.131,0.017,0.067,0.342,0.3,0.108,0.335,0.002,0.096,0.002,0.006,0.093,0.103,0.111,0.054,0.014,0.099,0.004,0.172,0.021,0.356,0.177,0.825,0.015,0.007,0.459,0.049,0.909,0.071,0.017,0.101,0.24,0.138,0.018,0.032,0.01,0.196,0.068
30,0.607,0.769,0.018,0.039,0.103,0.076,0.146,0.429,0.106,0.01,0.011,0.027,0.016,0.007,0.805,0.812,0.019,0.128,0.019,0.053,0.179,0.017,0.714,0.045,0.825,0.14,0.455,0.078,0.044,0.025,1.0,0.817,0.084,0.039,0.122,0.016,0.017,0.042,0.068,0.042,0.024,0.017,0.152,0.064,0.133,0.15,0.172,0.179,0.122,0.148,0.665,0.048,0.118,0.031,0.114,0.057,0.132,0.048,0.164,0.079,0.06,0.124,0.076,0.03,0.107,0.058,0.017,0.264,0.035,0.213,0.187,0.302,0.216,0.006,0.517,0.121,0.691,0.199,0.031,0.551,0.046,0.057,0.056,0.022,0.019,0.83,0.26,0.044,0.055,0.024,0.598,0.969,0.223,0.031,0.1,0.217,0.111,0.013,0.089,0.42
31,0.549,0.501,0.001,0.034,0.044,0.097,0.029,0.269,0.061,0.019,0.025,0.014,0.002,0.008,0.602,0.515,0.094,0.16,0.028,0.107,0.234,0.033,0.978,0.115,1.0,0.164,0.753,0.089,0.029,0.01,0.817,1.0,0.065,0.032,0.058,0.017,0.011,0.015,0.142,0.022,0.02,0.011,0.032,0.038,0.123,0.201,0.066,0.34,0.022,0.141,0.39,0.008,0.098,0.025,0.056,0.089,0.033,0.073,0.076,0.146,0.076,0.08,0.037,0.018,0.141,0.024,0.005,0.14,0.057,0.413,0.173,0.114,0.387,0.011,0.284,0.164,0.407,0.05,0.014,0.762,0.095,0.142,0.018,0.081,0.015,1.0,0.08,0.042,0.091,0.008,0.33,0.919,0.143,0.034,0.077,0.453,0.142,0.019,0.057,0.225
32,0.175,0.062,0.011,0.145,0.262,0.084,0.212,0.025,0.058,0.159,0.0,0.057,0.163,0.068,0.017,0.052,0.012,0.224,0.0,0.124,0.096,0.028,0.068,0.018,0.06,0.214,0.128,0.086,0.221,0.242,0.084,0.065,1.0,0.271,0.042,0.175,0.215,0.701,0.14,0.226,0.23,0.004,0.179,0.071,0.351,0.034,0.233,0.054,0.174,0.223,0.048,0.735,0.062,0.144,0.043,0.182,0.171,0.031,0.23,0.158,0.027,0.249,0.027,0.002,0.092,0.309,0.161,0.013,0.231,0.067,0.037,0.185,0.056,0.095,0.001,0.02,0.027,0.213,0.005,0.083,0.006,0.159,0.247,0.005,0.229,0.038,0.185,0.221,0.084,0.192,0.029,0.089,0.005,0.352,0.035,0.034,0.092,0.299,0.091,0.027
33,0.006,0.025,0.054,0.017,0.179,0.139,0.293,0.026,0.343,0.348,0.18,0.123,0.157,0.287,0.008,0.025,0.154,0.109,0.166,0.248,0.287,0.278,0.049,0.106,0.027,0.076,0.039,0.131,0.0,0.605,0.039,0.032,0.271,1.0,0.304,0.002,0.036,0.128,0.468,0.926,0.955,0.196,0.331,0.325,0.193,0.033,0.179,0.352,0.01,0.126,0.033,0.117,0.124,0.043,0.341,0.03,0.012,0.163,0.175,0.471,0.179,0.19,0.195,0.128,0.079,0.147,0.175,0.052,0.93,0.278,0.103,0.044,0.29,0.316,0.159,0.044,0.035,0.026,0.141,0.032,0.088,0.465,0.193,0.158,0.261,0.032,0.038,0.954,0.112,0.33,0.027,0.023,0.049,0.344,0.141,0.333,0.117,0.047,0.069,0.031
34,0.056,0.132,0.0,0.047,0.07,0.003,0.087,0.167,1.0,0.082,0.429,0.184,0.118,0.799,0.129,0.149,0.314,0.028,0.395,0.052,0.057,0.08,0.066,0.195,0.054,0.015,0.094,0.005,0.028,0.328,0.122,0.058,0.042,0.304,1.0,0.099,0.068,0.052,0.032,0.297,0.38,0.524,0.089,0.996,0.042,0.023,0.051,0.093,0.008,0.021,0.155,0.033,0.52,0.09,1.0,0.01,0.007,0.006,0.054,0.032,0.007,0.065,0.002,0.002,0.073,0.116,0.128,0.189,0.235,0.087,0.467,0.014,0.081,0.057,0.643,0.09,0.242,0.0,0.069,0.019,0.231,0.034,0.104,0.299,0.158,0.052,0.005,0.258,0.008,0.207,0.113,0.09,0.167,0.025,0.546,0.083,0.044,0.073,0.051,0.148
35,0.13,0.07,0.145,0.064,0.046,0.033,0.161,0.206,0.1,0.023,0.136,0.125,0.006,0.215,0.018,0.043,0.117,0.228,0.123,0.187,0.172,0.314,0.031,0.132,0.021,0.304,0.079,0.044,0.233,0.049,0.016,0.017,0.175,0.002,0.099,1.0,0.75,0.541,0.14,0.031,0.008,0.16,0.172,0.139,0.075,0.175,0.237,0.155,0.209,0.26,0.109,0.554,0.25,0.086,0.11,0.027,0.21,0.086,0.246,0.149,0.052,0.033,0.192,0.105,0.285,0.027,0.016,0.252,0.009,0.125,0.252,0.171,0.124,0.113,0.065,0.17,0.008,0.25,0.047,0.174,0.144,0.138,0.004,0.122,0.063,0.023,0.235,0.006,0.042,0.077,0.152,0.011,0.243,0.011,0.231,0.15,0.243,0.756,0.015,0.207
36,0.0,0.156,0.089,0.002,0.016,0.017,0.188,0.41,0.068,0.069,0.009,0.302,0.074,0.127,0.006,0.139,0.01,0.365,0.008,0.274,0.093,0.477,0.045,0.024,0.015,0.426,0.106,0.02,0.194,0.007,0.017,0.011,0.215,0.036,0.068,0.75,1.0,0.757,0.098,0.104,0.028,0.013,0.205,0.08,0.113,0.029,0.139,0.089,0.173,0.344,0.206,0.754,0.135,0.002,0.078,0.007,0.174,0.03,0.117,0.107,0.03,0.093,0.489,0.049,0.136,0.058,0.075,0.458,0.068,0.079,0.089,0.13,0.077,0.203,0.036,0.036,0.012,0.192,0.022,0.052,0.012,0.118,0.019,0.011,0.006,0.015,0.161,0.052,0.014,0.008,0.285,0.034,0.412,0.087,0.105,0.123,0.134,0.992,0.007,0.404
37,0.079,0.101,0.027,0.037,0.116,0.026,0.25,0.26,0.053,0.021,0.004,0.225,0.168,0.1,0.007,0.096,0.034,0.38,0.01,0.211,0.097,0.074,0.024,0.041,0.008,0.423,0.079,0.021,0.145,0.075,0.042,0.015,0.701,0.128,0.052,0.541,0.757,1.0,0.159,0.086,0.086,0.018,0.286,0.057,0.29,0.042,0.161,0.108,0.183,0.383,0.149,1.0,0.118,0.027,0.063,0.086,0.121,0.009,0.185,0.177,0.01,0.25,0.096,0.012,0.145,0.187,0.142,0.238,0.154,0.085,0.081,0.215,0.091,0.015,0.016,0.036,0.019,0.21,0.023,0.001,0.015,0.167,0.143,0.02,0.109,0.011,0.219,0.112,0.021,0.041,0.135,0.043,0.249,0.02,0.108,0.101,0.127,0.85,0.035,0.216
38,0.054,0.003,0.147,0.181,0.041,0.253,0.206,0.006,0.032,0.286,0.003,0.052,0.063,0.002,0.019,0.009,0.087,0.035,0.0,0.274,0.835,0.146,0.154,0.153,0.148,0.029,0.181,0.216,0.048,0.025,0.068,0.142,0.14,0.468,0.032,0.14,0.098,0.159,1.0,0.446,0.252,0.0,0.208,0.014,0.078,0.449,0.039,0.849,0.06,0.05,0.001,0.191,0.001,0.14,0.024,0.205,0.053,0.174,0.044,1.0,0.2,0.076,0.081,0.127,0.704,0.04,0.052,0.017,0.707,0.793,0.002,0.09,0.816,0.23,0.052,0.33,0.009,0.11,0.271,0.187,0.097,1.0,0.057,0.099,0.019,0.143,0.115,0.596,0.265,0.009,0.0,0.069,0.02,0.219,0.0,0.758,0.836,0.146,0.168,0.013
39,0.035,0.011,0.08,0.025,0.166,0.17,0.288,0.047,0.311,0.373,0.119,0.188,0.141,0.201,0.022,0.013,0.075,0.093,0.127,0.182,0.369,0.376,0.033,0.05,0.025,0.061,0.023,0.158,0.004,0.506,0.042,0.022,0.226,0.926,0.297,0.031,0.104,0.086,0.446,1.0,0.877,0.162,0.282,0.347,0.21,0.081,0.232,0.342,0.003,0.101,0.007,0.078,0.138,0.023,0.321,0.071,0.005,0.179,0.223,0.479,0.201,0.247,0.223,0.122,0.134,0.1,0.162,0.098,0.9,0.251,0.102,0.03,0.305,0.396,0.215,0.033,0.033,0.014,0.185,0.014,0.014,0.485,0.152,0.073,0.172,0.018,0.032,0.97,0.148,0.242,0.022,0.032,0.101,0.367,0.159,0.243,0.184,0.077,0.136,0.045
40,0.002,0.032,0.026,0.117,0.217,0.074,0.232,0.063,0.356,0.282,0.223,0.191,0.236,0.318,0.023,0.036,0.151,0.108,0.229,0.169,0.146,0.236,0.02,0.099,0.028,0.078,0.019,0.076,0.012,0.823,0.024,0.02,0.23,0.955,0.38,0.008,0.028,0.086,0.252,0.877,1.0,0.225,0.238,0.387,0.187,0.009,0.215,0.176,0.0,0.106,0.044,0.101,0.173,0.153,0.397,0.084,0.0,0.105,0.188,0.284,0.109,0.233,0.191,0.083,0.003,0.233,0.214,0.077,0.746,0.135,0.113,0.012,0.127,0.249,0.174,0.045,0.047,0.003,0.089,0.015,0.094,0.269,0.252,0.164,0.447,0.017,0.009,0.834,0.061,0.546,0.029,0.01,0.093,0.331,0.166,0.191,0.027,0.036,0.097,0.059
41,0.048,0.0,0.015,0.039,0.077,0.0,0.116,0.12,0.518,0.05,0.98,0.213,0.18,0.756,0.152,0.006,0.855,0.0,0.977,0.081,0.013,0.033,0.017,0.652,0.024,0.0,0.02,0.0,0.006,0.225,0.017,0.011,0.004,0.196,0.524,0.16,0.013,0.018,0.0,0.162,0.225,1.0,0.123,0.569,0.0,0.387,0.169,0.002,0.0,0.0,0.006,0.015,0.723,0.078,0.504,0.015,0.0,0.0,0.157,0.0,0.0,0.0,0.018,0.006,0.201,0.075,0.188,0.185,0.112,0.001,0.706,0.012,0.001,0.028,0.209,0.521,0.143,0.0,0.019,0.059,0.794,0.001,0.125,0.809,0.158,0.016,0.004,0.148,0.0,0.205,0.038,0.011,0.185,0.0,0.76,0.032,0.132,0.028,0.002,0.127
42,0.237,0.144,0.006,0.064,0.002,0.166,1.0,0.057,0.082,0.15,0.128,0.002,0.0,0.022,0.114,0.144,0.079,0.231,0.14,0.798,0.204,0.113,0.027,0.039,0.025,0.221,0.048,0.149,0.566,0.097,0.152,0.032,0.179,0.331,0.089,0.172,0.205,0.286,0.208,0.282,0.238,0.123,1.0,0.078,0.161,0.0,0.675,0.239,0.705,0.23,0.142,0.26,0.009,0.055,0.082,0.084,0.729,0.083,0.667,0.211,0.161,0.164,0.024,0.048,0.065,0.003,0.0,0.024,0.315,0.17,0.025,0.752,0.177,0.14,0.136,0.018,0.198,0.75,0.083,0.013,0.078,0.225,0.0,0.072,0.003,0.029,0.785,0.331,0.165,0.011,0.128,0.11,0.025,0.021,0.025,0.237,0.096,0.187,0.065,0.059
43,0.032,0.116,0.003,0.051,0.064,0.008,0.075,0.184,0.996,0.089,0.455,0.212,0.127,0.86,0.112,0.111,0.345,0.021,0.448,0.041,0.049,0.087,0.048,0.232,0.051,0.011,0.081,0.001,0.036,0.349,0.064,0.038,0.071,0.325,0.996,0.139,0.08,0.057,0.014,0.347,0.387,0.569,0.078,1.0,0.039,0.041,0.052,0.067,0.015,0.019,0.111,0.061,0.594,0.083,0.998,0.011,0.016,0.001,0.059,0.015,0.002,0.045,0.008,0.003,0.087,0.094,0.123,0.214,0.235,0.074,0.512,0.019,0.052,0.065,0.564,0.107,0.228,0.002,0.053,0.007,0.231,0.022,0.1,0.329,0.148,0.042,0.005,0.275,0.004,0.211,0.113,0.08,0.211,0.034,0.612,0.077,0.07,0.082,0.036,0.167
44,0.132,0.128,0.026,0.377,0.234,0.461,0.192,0.07,0.031,0.003,0.0,0.107,0.207,0.003,0.101,0.127,0.002,0.695,0.001,0.124,0.075,0.0,0.128,0.0,0.106,0.616,0.145,0.469,0.072,0.255,0.133,0.123,0.351,0.193,0.042,0.075,0.113,0.29,0.078,0.21,0.187,0.0,0.161,0.039,1.0,0.01,0.194,0.106,0.071,0.721,0.112,0.288,0.004,0.285,0.039,0.658,0.042,0.234,0.167,0.071,0.234,0.988,0.001,0.032,0.034,0.297,0.219,0.046,0.129,0.118,0.012,0.089,0.121,0.0,0.128,0.001,0.116,0.078,0.27,0.108,0.0,0.066,0.244,0.001,0.391,0.134,0.113,0.162,0.449,0.229,0.091,0.121,0.059,0.046,0.008,0.141,0.06,0.175,0.564,0.082
45,0.171,0.017,0.123,0.185,0.033,0.027,0.003,0.049,0.027,0.054,0.452,0.095,0.062,0.132,0.109,0.022,0.648,0.001,0.448,0.027,0.696,0.043,0.229,0.727,0.197,0.001,0.172,0.036,0.012,0.103,0.15,0.201,0.034,0.033,0.023,0.175,0.029,0.042,0.449,0.081,0.009,0.387,0.0,0.041,0.01,1.0,0.069,0.421,0.005,0.004,0.017,0.036,0.177,0.22,0.021,0.102,0.008,0.022,0.073,0.396,0.029,0.01,0.064,0.07,0.69,0.03,0.073,0.063,0.118,0.369,0.203,0.015,0.374,0.064,0.048,0.914,0.067,0.02,0.057,0.29,0.756,0.447,0.053,0.633,0.153,0.203,0.022,0.108,0.031,0.194,0.025,0.164,0.09,0.069,0.206,0.291,0.599,0.036,0.041,0.05
46,0.52,0.103,0.093,0.021,0.004,0.04,0.688,0.005,0.07,0.158,0.203,0.033,0.015,0.043,0.166,0.102,0.125,0.164,0.225,0.255,0.065,0.183,0.054,0.078,0.074,0.134,0.03,0.026,0.195,0.099,0.172,0.066,0.233,0.179,0.051,0.237,0.139,0.161,0.039,0.232,0.215,0.169,0.675,0.052,0.194,0.069,1.0,0.049,0.393,0.141,0.056,0.179,0.033,0.017,0.055,0.052,0.387,0.023,1.0,0.034,0.014,0.162,0.02,0.015,0.044,0.01,0.019,0.004,0.167,0.036,0.093,0.543,0.035,0.164,0.092,0.096,0.177,0.37,0.017,0.192,0.176,0.054,0.009,0.131,0.041,0.089,0.4,0.2,0.043,0.048,0.028,0.146,0.001,0.133,0.087,0.011,0.03,0.129,0.075,0.004
47,0.101,0.067,0.094,0.195,0.013,0.247,0.23,0.017,0.103,0.132,0.003,0.01,0.022,0.01,0.099,0.066,0.096,0.09,0.001,0.329,0.86,0.067,0.408,0.151,0.337,0.078,0.384,0.228,0.108,0.02,0.179,0.34,0.054,0.352,0.093,0.155,0.089,0.108,0.849,0.342,0.176,0.002,0.239,0.067,0.106,0.421,0.049,1.0,0.104,0.093,0.044,0.075,0.01,0.154,0.11,0.227,0.138,0.128,0.037,0.86,0.155,0.115,0.021,0.068,0.578,0.014,0.025,0.004,0.532,0.979,0.012,0.099,0.974,0.073,0.158,0.257,0.089,0.18,0.184,0.32,0.088,0.855,0.017,0.1,0.023,0.344,0.188,0.441,0.239,0.013,0.032,0.19,0.002,0.05,0.004,0.943,0.663,0.108,0.145,0.011
48,0.195,0.192,0.007,0.216,0.055,0.15,0.74,0.246,0.006,0.022,0.004,0.165,0.101,0.046,0.074,0.184,0.001,0.144,0.003,0.684,0.092,0.022,0.012,0.01,0.028,0.176,0.055,0.135,0.914,0.023,0.122,0.022,0.174,0.01,0.008,0.209,0.173,0.183,0.06,0.003,0.0,0.0,0.705,0.015,0.071,0.005,0.393,0.104,1.0,0.123,0.245,0.195,0.094,0.191,0.004,0.118,1.0,0.053,0.386,0.065,0.12,0.037,0.125,0.026,0.04,0.05,0.102,0.268,0.03,0.083,0.057,0.894,0.088,0.007,0.041,0.004,0.129,0.981,0.096,0.005,0.002,0.062,0.064,0.005,0.062,0.013,0.941,0.014,0.194,0.099,0.261,0.078,0.277,0.072,0.06,0.114,0.044,0.188,0.09,0.258
49,0.069,0.107,0.018,0.05,0.074,0.191,0.226,0.224,0.026,0.0,0.001,0.183,0.088,0.002,0.034,0.126,0.005,1.0,0.0,0.232,0.042,0.055,0.146,0.007,0.135,0.992,0.135,0.209,0.122,0.062,0.148,0.141,0.223,0.126,0.021,0.26,0.344,0.383,0.05,0.101,0.106,0.0,0.23,0.019,0.721,0.004,0.141,0.093,0.123,1.0,0.156,0.402,0.001,0.023,0.028,0.234,0.133,0.118,0.154,0.042,0.154,0.67,0.127,0.056,0.007,0.169,0.081,0.208,0.105,0.067,0.002,0.149,0.068,0.009,0.046,0.004,0.075,0.163,0.016,0.071,0.003,0.038,0.073,0.003,0.092,0.133,0.175,0.099,0.182,0.028,0.177,0.142,0.226,0.003,0.001,0.101,0.013,0.398,0.145,0.232
50,0.289,0.981,0.028,0.045,0.108,0.021,0.149,0.824,0.14,0.09,0.008,0.152,0.0,0.035,0.623,0.957,0.013,0.134,0.005,0.061,0.057,0.185,0.297,0.013,0.386,0.149,0.152,0.028,0.148,0.06,0.665,0.39,0.048,0.033,0.155,0.109,0.206,0.149,0.001,0.007,0.044,0.006,0.142,0.111,0.112,0.017,0.056,0.044,0.245,0.156,1.0,0.14,0.044,0.049,0.132,0.037,0.246,0.015,0.047,0.001,0.022,0.081,0.334,0.016,0.006,0.075,0.0,0.606,0.007,0.059,0.057,0.378,0.053,0.126,0.277,0.014,0.688,0.314,0.001,0.155,0.003,0.001,0.035,0.003,0.053,0.382,0.377,0.013,0.03,0.053,0.974,0.647,0.634,0.141,0.014,0.041,0.0,0.193,0.039,0.824
51,0.075,0.09,0.034,0.025,0.102,0.027,0.225,0.262,0.046,0.023,0.009,0.186,0.153,0.115,0.004,0.119,0.024,0.382,0.008,0.235,0.1,0.065,0.023,0.032,0.021,0.406,0.076,0.025,0.147,0.08,0.048,0.008,0.735,0.117,0.033,0.554,0.754,1.0,0.191,0.078,0.101,0.015,0.26,0.061,0.288,0.036,0.179,0.075,0.195,0.402,0.14,1.0,0.126,0.023,0.041,0.073,0.142,0.007,0.172,0.163,0.01,0.26,0.099,0.007,0.143,0.187,0.149,0.23,0.146,0.084,0.092,0.221,0.078,0.01,0.014,0.035,0.014,0.209,0.02,0.002,0.008,0.171,0.115,0.027,0.117,0.01,0.231,0.09,0.019,0.035,0.146,0.048,0.246,0.031,0.097,0.099,0.134,0.837,0.037,0.231
52,0.039,0.04,0.032,0.013,0.106,0.002,0.004,0.117,0.531,0.143,0.589,0.251,0.249,0.888,0.346,0.049,0.456,0.0,0.589,0.008,0.02,0.123,0.068,0.324,0.103,0.0,0.024,0.001,0.133,0.122,0.118,0.098,0.062,0.124,0.52,0.25,0.135,0.118,0.001,0.138,0.173,0.723,0.009,0.594,0.004,0.177,0.033,0.01,0.094,0.001,0.044,0.126,1.0,0.02,0.532,0.005,0.073,0.0,0.044,0.001,0.001,0.011,0.003,0.009,0.198,0.072,0.197,0.207,0.087,0.009,0.972,0.036,0.003,0.12,0.364,0.256,0.231,0.083,0.102,0.078,0.384,0.003,0.129,0.442,0.08,0.121,0.063,0.096,0.002,0.086,0.061,0.068,0.194,0.046,0.985,0.028,0.135,0.145,0.042,0.133
53,0.005,0.05,0.096,0.987,0.306,0.414,0.031,0.05,0.074,0.053,0.075,0.201,0.251,0.058,0.042,0.06,0.078,0.02,0.082,0.103,0.179,0.012,0.033,0.116,0.03,0.032,0.076,0.418,0.31,0.552,0.031,0.025,0.144,0.043,0.09,0.086,0.002,0.027,0.14,0.023,0.153,0.078,0.055,0.083,0.285,0.22,0.017,0.154,0.191,0.023,0.049,0.023,0.02,1.0,0.084,0.725,0.203,0.165,0.01,0.131,0.204,0.279,0.041,0.101,0.273,0.338,0.238,0.087,0.0,0.132,0.012,0.118,0.123,0.042,0.024,0.139,0.054,0.199,0.493,0.022,0.12,0.123,0.338,0.084,0.809,0.023,0.169,0.008,0.486,0.824,0.053,0.034,0.106,0.029,0.022,0.086,0.257,0.005,0.664,0.066
54,0.05,0.149,0.001,0.051,0.079,0.002,0.083,0.166,1.0,0.069,0.427,0.211,0.13,0.799,0.122,0.129,0.268,0.019,0.43,0.051,0.07,0.088,0.083,0.187,0.068,0.018,0.101,0.006,0.035,0.34,0.114,0.056,0.043,0.341,1.0,0.11,0.078,0.063,0.024,0.321,0.397,0.504,0.082,0.998,0.039,0.021,0.055,0.11,0.004,0.028,0.132,0.041,0.532,0.084,1.0,0.013,0.007,0.005,0.069,0.025,0.002,0.052,0.001,0.003,0.085,0.111,0.124,0.182,0.221,0.088,0.445,0.012,0.077,0.06,0.649,0.095,0.266,0.001,0.051,0.025,0.228,0.013,0.109,0.306,0.14,0.064,0.018,0.273,0.004,0.248,0.131,0.087,0.171,0.018,0.59,0.084,0.059,0.067,0.05,0.179
55,0.039,0.056,0.15,0.858,0.235,0.749,0.064,0.014,0.007,0.063,0.021,0.039,0.131,0.003,0.036,0.051,0.007,0.227,0.021,0.163,0.21,0.021,0.117,0.016,0.085,0.202,0.198,0.724,0.233,0.279,0.057,0.089,0.182,0.03,0.01,0.027,0.007,0.086,0.205,0.071,0.084,0.015,0.084,0.011,0.658,0.102,0.052,0.227,0.118,0.234,0.037,0.073,0.005,0.725,0.013,1.0,0.127,0.431,0.041,0.249,0.46,0.669,0.009,0.187,0.207,0.197,0.137,0.0,0.056,0.253,0.005,0.051,0.232,0.044,0.024,0.055,0.039,0.125,0.654,0.125,0.018,0.228,0.19,0.008,0.592,0.073,0.089,0.058,0.784,0.508,0.042,0.054,0.001,0.008,0.001,0.245,0.249,0.016,0.879,0.013
56,0.186,0.211,0.004,0.221,0.066,0.139,0.732,0.258,0.006,0.013,0.006,0.17,0.112,0.06,0.082,0.162,0.005,0.142,0.006,0.702,0.099,0.022,0.011,0.007,0.028,0.171,0.045,0.162,0.903,0.039,0.132,0.033,0.171,0.012,0.007,0.21,0.174,0.121,0.053,0.005,0.0,0.0,0.729,0.016,0.042,0.008,0.387,0.138,1.0,0.133,0.246,0.142,0.073,0.203,0.007,0.127,1.0,0.042,0.366,0.069,0.133,0.053,0.119,0.035,0.049,0.039,0.1,0.252,0.033,0.078,0.083,0.888,0.064,0.004,0.042,0.003,0.105,0.985,0.091,0.008,0.002,0.066,0.083,0.005,0.05,0.025,0.934,0.02,0.191,0.102,0.255,0.093,0.229,0.07,0.052,0.112,0.052,0.216,0.073,0.258
57,0.196,0.017,0.717,0.217,0.039,0.858,0.088,0.027,0.005,0.073,0.0,0.032,0.042,0.0,0.007,0.021,0.001,0.111,0.0,0.22,0.125,0.013,0.098,0.005,0.077,0.095,0.241,0.843,0.141,0.019,0.048,0.073,0.031,0.163,0.006,0.086,0.03,0.009,0.174,0.179,0.105,0.0,0.083,0.001,0.234,0.022,0.023,0.128,0.053,0.118,0.015,0.007,0.0,0.165,0.005,0.431,0.042,1.0,0.036,0.17,0.947,0.279,0.022,0.894,0.063,0.005,0.06,0.04,0.183,0.101,0.0,0.024,0.111,0.024,0.023,0.022,0.01,0.058,0.444,0.292,0.003,0.176,0.025,0.004,0.029,0.068,0.051,0.185,0.787,0.015,0.016,0.059,0.027,0.027,0.001,0.152,0.073,0.018,0.485,0.034
58,0.548,0.08,0.072,0.022,0.004,0.038,0.676,0.003,0.056,0.176,0.191,0.028,0.019,0.04,0.147,0.097,0.122,0.158,0.216,0.286,0.042,0.219,0.063,0.101,0.071,0.133,0.031,0.04,0.192,0.105,0.164,0.076,0.23,0.175,0.054,0.246,0.117,0.185,0.044,0.223,0.188,0.157,0.667,0.059,0.167,0.073,1.0,0.037,0.386,0.154,0.047,0.172,0.044,0.01,0.069,0.041,0.366,0.036,1.0,0.049,0.022,0.18,0.019,0.01,0.043,0.014,0.018,0.001,0.183,0.036,0.099,0.552,0.034,0.187,0.095,0.058,0.223,0.395,0.021,0.209,0.201,0.038,0.009,0.116,0.039,0.071,0.38,0.199,0.04,0.056,0.032,0.174,0.002,0.118,0.081,0.014,0.048,0.125,0.065,0.003
59,0.05,0.004,0.118,0.152,0.031,0.255,0.223,0.004,0.033,0.272,0.003,0.055,0.065,0.001,0.023,0.005,0.103,0.038,0.001,0.289,0.826,0.129,0.161,0.165,0.146,0.021,0.164,0.261,0.054,0.024,0.079,0.146,0.158,0.471,0.032,0.149,0.107,0.177,1.0,0.479,0.284,0.0,0.211,0.015,0.071,0.396,0.034,0.86,0.065,0.042,0.001,0.163,0.001,0.131,0.025,0.249,0.069,0.17,0.049,1.0,0.202,0.075,0.088,0.154,0.718,0.042,0.068,0.014,0.733,0.8,0.003,0.081,0.784,0.195,0.061,0.286,0.005,0.096,0.267,0.175,0.091,1.0,0.06,0.105,0.017,0.128,0.114,0.578,0.259,0.013,0.0,0.066,0.016,0.173,0.001,0.748,0.803,0.146,0.17,0.009
60,0.106,0.018,0.553,0.334,0.007,0.913,0.159,0.027,0.004,0.151,0.0,0.017,0.013,0.0,0.005,0.017,0.005,0.141,0.0,0.304,0.104,0.033,0.085,0.011,0.072,0.131,0.181,0.921,0.195,0.012,0.06,0.076,0.027,0.179,0.007,0.052,0.03,0.01,0.2,0.201,0.109,0.0,0.161,0.002,0.234,0.029,0.014,0.155,0.12,0.154,0.022,0.01,0.001,0.204,0.002,0.46,0.133,0.947,0.022,0.202,1.0,0.268,0.013,0.844,0.07,0.0,0.016,0.021,0.232,0.112,0.0,0.055,0.107,0.087,0.034,0.018,0.005,0.106,0.557,0.234,0.001,0.198,0.003,0.001,0.023,0.068,0.106,0.21,0.883,0.016,0.018,0.062,0.026,0.034,0.0,0.187,0.102,0.017,0.548,0.022
61,0.114,0.112,0.034,0.346,0.255,0.475,0.166,0.07,0.062,0.0,0.0,0.134,0.24,0.006,0.093,0.102,0.002,0.695,0.0,0.122,0.062,0.0,0.105,0.002,0.1,0.606,0.128,0.46,0.042,0.261,0.124,0.08,0.249,0.19,0.065,0.033,0.093,0.25,0.076,0.247,0.233,0.0,0.164,0.045,0.988,0.01,0.162,0.115,0.037,0.67,0.081,0.26,0.011,0.279,0.052,0.669,0.053,0.279,0.18,0.075,0.268,1.0,0.015,0.07,0.038,0.29,0.223,0.071,0.134,0.12,0.015,0.08,0.096,0.001,0.133,0.0,0.137,0.057,0.309,0.092,0.0,0.079,0.259,0.003,0.387,0.1,0.078,0.202,0.477,0.27,0.075,0.105,0.071,0.033,0.006,0.121,0.055,0.17,0.62,0.051
62,0.083,0.302,0.053,0.026,0.048,0.005,0.021,0.415,0.003,0.364,0.038,0.235,0.056,0.006,0.086,0.266,0.049,0.103,0.04,0.106,0.038,0.723,0.046,0.08,0.031,0.119,0.091,0.007,0.114,0.131,0.076,0.037,0.027,0.195,0.002,0.192,0.489,0.096,0.081,0.223,0.191,0.018,0.024,0.008,0.001,0.064,0.02,0.021,0.125,0.127,0.334,0.099,0.003,0.041,0.001,0.009,0.119,0.022,0.019,0.088,0.013,0.015,1.0,0.029,0.039,0.014,0.069,0.474,0.155,0.006,0.001,0.106,0.009,0.531,0.004,0.075,0.13,0.133,0.033,0.117,0.09,0.073,0.042,0.061,0.073,0.032,0.137,0.199,0.002,0.1,0.416,0.085,0.408,0.687,0.001,0.036,0.025,0.415,0.012,0.436
63,0.131,0.01,0.885,0.134,0.041,0.583,0.041,0.042,0.002,0.059,0.002,0.092,0.064,0.006,0.008,0.01,0.017,0.05,0.008,0.142,0.13,0.014,0.02,0.045,0.018,0.057,0.094,0.617,0.076,0.017,0.03,0.018,0.002,0.128,0.002,0.105,0.049,0.012,0.127,0.122,0.083,0.006,0.048,0.003,0.032,0.07,0.015,0.068,0.026,0.056,0.016,0.007,0.009,0.101,0.003,0.187,0.035,0.894,0.01,0.154,0.844,0.07,0.029,1.0,0.069,0.063,0.071,0.055,0.163,0.035,0.004,0.023,0.04,0.022,0.015,0.055,0.001,0.041,0.308,0.154,0.027,0.152,0.072,0.036,0.013,0.021,0.045,0.139,0.545,0.014,0.023,0.035,0.066,0.056,0.003,0.09,0.082,0.035,0.214,0.04
64,0.097,0.0,0.112,0.285,0.022,0.121,0.048,0.053,0.085,0.127,0.206,0.099,0.065,0.182,0.04,0.002,0.196,0.003,0.223,0.063,0.728,0.087,0.125,0.297,0.141,0.006,0.104,0.124,0.075,0.067,0.107,0.141,0.092,0.079,0.073,0.285,0.136,0.145,0.704,0.134,0.003,0.201,0.065,0.087,0.034,0.69,0.044,0.578,0.04,0.007,0.006,0.143,0.198,0.273,0.085,0.207,0.049,0.063,0.043,0.718,0.07,0.038,0.039,0.069,1.0,0.031,0.079,0.075,0.227,0.601,0.214,0.045,0.617,0.112,0.115,0.489,0.038,0.068,0.13,0.198,0.327,0.726,0.045,0.221,0.206,0.133,0.069,0.159,0.148,0.183,0.012,0.081,0.074,0.077,0.227,0.416,0.97,0.142,0.129,0.043
65,0.005,0.128,0.087,0.303,0.921,0.032,0.0,0.007,0.12,0.131,0.074,0.447,0.752,0.042,0.187,0.14,0.071,0.14,0.072,0.005,0.015,0.085,0.012,0.074,0.019,0.127,0.016,0.028,0.063,0.342,0.058,0.024,0.309,0.147,0.116,0.027,0.058,0.187,0.04,0.1,0.233,0.075,0.003,0.094,0.297,0.03,0.01,0.014,0.05,0.169,0.075,0.187,0.072,0.338,0.111,0.197,0.039,0.005,0.014,0.042,0.0,0.29,0.014,0.063,0.031,1.0,0.773,0.068,0.112,0.013,0.127,0.006,0.007,0.168,0.192,0.053,0.277,0.019,0.141,0.005,0.057,0.052,0.941,0.068,0.39,0.017,0.011,0.085,0.055,0.368,0.036,0.042,0.061,0.103,0.094,0.013,0.037,0.089,0.23,0.007
66,0.011,0.004,0.073,0.187,0.839,0.035,0.001,0.13,0.134,0.024,0.168,0.779,1.0,0.176,0.159,0.023,0.151,0.075,0.153,0.0,0.018,0.002,0.0,0.108,0.006,0.046,0.005,0.032,0.08,0.3,0.017,0.005,0.161,0.175,0.128,0.016,0.075,0.142,0.052,0.162,0.214,0.188,0.0,0.123,0.219,0.073,0.019,0.025,0.102,0.081,0.0,0.149,0.197,0.238,0.124,0.137,0.1,0.06,0.018,0.068,0.016,0.223,0.069,0.071,0.079,0.773,1.0,0.319,0.108,0.029,0.257,0.05,0.018,0.016,0.194,0.085,0.146,0.061,0.178,0.001,0.122,0.057,0.926,0.151,0.231,0.01,0.045,0.126,0.022,0.324,0.021,0.007,0.328,0.068,0.242,0.016,0.062,0.107,0.223,0.154
