,0,1,2,3,4,5,6,7,8,9,10,11,12,13,14,15,16,17,18,19,20,21,22,23,24,25,26,27,28,29,30,31,32,33,34,35,36,37,38,39,40,41,42,43,44,45,46,47,48,49
0,1.0,0.819,1.0,0.804,0.217,0.515,0.562,0.166,1.0,0.896,0.91,0.021,0.249,0.104,0.191,0.696,0.493,0.978,0.971,0.316,0.786,0.603,0.999,0.761,0.45,0.129,0.995,0.223,0.058,0.946,0.211,0.008,0.955,0.524,0.954,0.904,0.046,0.994,0.999,0.055,0.016,0.94,0.365,0.995,0.013,0.887,0.711,0.987,0.975,0.704
1,0.819,1.0,0.856,0.999,0.587,0.866,0.904,0.474,0.791,0.994,0.985,0.153,0.62,0.384,0.477,0.973,0.862,0.945,0.939,0.738,0.995,0.931,0.849,0.987,0.823,0.447,0.76,0.533,0.24,0.959,0.57,0.118,0.959,0.894,0.65,0.583,0.229,0.783,0.869,0.26,0.169,0.635,0.783,0.894,0.142,0.534,0.97,0.901,0.698,0.97
2,1.0,0.856,1.0,0.827,0.214,0.531,0.6,0.177,0.998,0.909,0.906,0.021,0.294,0.122,0.179,0.741,0.499,0.968,0.981,0.336,0.793,0.606,1.0,0.729,0.473,0.147,0.989,0.227,0.071,0.969,0.217,0.017,0.967,0.537,0.921,0.879,0.044,0.986,0.999,0.052,0.021,0.924,0.415,0.996,0.019,0.855,0.667,0.991,0.971,0.694
3,0.804,0.999,0.827,1.0,0.617,0.901,0.929,0.523,0.77,0.986,0.976,0.214,0.709,0.426,0.565,0.982,0.872,0.918,0.906,0.751,1.0,0.955,0.834,0.993,0.859,0.479,0.756,0.612,0.275,0.945,0.625,0.152,0.931,0.907,0.624,0.517,0.246,0.75,0.845,0.308,0.158,0.569,0.818,0.842,0.18,0.464,0.987,0.889,0.651,0.982
4,0.217,0.587,0.214,0.617,1.0,0.879,0.846,0.987,0.191,0.501,0.463,0.728,0.998,0.967,0.999,0.744,0.888,0.379,0.352,0.976,0.62,0.798,0.264,0.685,0.915,0.971,0.17,0.995,0.851,0.4,1.0,0.681,0.401,0.869,0.101,0.059,0.836,0.184,0.295,0.851,0.686,0.092,0.957,0.306,0.691,0.06,0.737,0.299,0.128,0.781
5,0.515,0.866,0.531,0.901,0.879,1.0,0.999,0.827,0.492,0.803,0.809,0.452,0.926,0.749,0.829,0.964,0.999,0.685,0.676,0.959,0.92,0.989,0.584,0.95,0.998,0.768,0.449,0.808,0.537,0.702,0.877,0.34,0.695,0.999,0.31,0.273,0.546,0.466,0.592,0.576,0.403,0.299,0.985,0.577,0.397,0.23,0.967,0.657,0.412,0.982
6,0.562,0.904,0.6,0.929,0.846,0.999,1.0,0.765,0.558,0.845,0.831,0.39,0.874,0.655,0.792,0.974,0.994,0.729,0.716,0.925,0.942,0.998,0.588,0.961,0.988,0.724,0.464,0.836,0.527,0.751,0.839,0.321,0.738,1.0,0.347,0.284,0.464,0.529,0.632,0.499,0.338,0.361,0.974,0.655,0.344,0.265,0.982,0.684,0.419,0.991
7,0.166,0.474,0.177,0.523,0.987,0.827,0.765,1.0,0.126,0.38,0.419,0.851,0.965,0.994,0.998,0.603,0.812,0.29,0.286,0.958,0.52,0.737,0.191,0.582,0.846,0.995,0.114,0.994,0.915,0.296,0.988,0.754,0.262,0.784,0.066,0.031,0.89,0.109,0.21,0.936,0.8,0.051,0.911,0.208,0.816,0.032,0.653,0.237,0.087,0.668
8,1.0,0.791,0.998,0.77,0.191,0.492,0.558,0.126,1.0,0.865,0.886,0.02,0.263,0.102,0.167,0.666,0.486,0.96,0.97,0.327,0.761,0.586,0.998,0.732,0.446,0.117,0.998,0.159,0.038,0.949,0.192,0.007,0.948,0.532,0.959,0.921,0.033,0.996,0.993,0.053,0.006,0.933,0.342,0.984,0.015,0.888,0.649,0.973,0.981,0.664
9,0.896,0.994,0.909,0.986,0.501,0.803,0.845,0.38,0.865,1.0,1.0,0.107,0.545,0.315,0.436,0.946,0.81,0.967,0.977,0.592,0.971,0.889,0.931,0.955,0.776,0.383,0.85,0.461,0.189,0.986,0.478,0.075,0.982,0.818,0.744,0.64,0.156,0.831,0.924,0.202,0.086,0.721,0.697,0.923,0.112,0.596,0.929,0.959,0.786,0.912
10,0.91,0.985,0.906,0.976,0.463,0.809,0.831,0.419,0.886,1.0,1.0,0.118,0.524,0.282,0.44,0.918,0.779,0.975,0.981,0.596,0.963,0.868,0.932,0.946,0.761,0.346,0.836,0.416,0.181,0.989,0.435,0.071,0.989,0.816,0.744,0.637,0.156,0.859,0.944,0.176,0.081,0.735,0.669,0.95,0.077,0.639,0.915,0.973,0.789,0.918
11,0.021,0.153,0.021,0.214,0.728,0.452,0.39,0.851,0.02,0.107,0.118,1.0,0.725,0.891,0.814,0.296,0.47,0.063,0.042,0.674,0.19,0.366,0.024,0.226,0.49,0.901,0.011,0.788,0.985,0.074,0.797,0.987,0.066,0.455,0.004,0.0,0.994,0.024,0.023,0.977,0.996,0.003,0.557,0.039,0.996,0.0,0.285,0.043,0.017,0.283
12,0.249,0.62,0.294,0.709,0.998,0.926,0.874,0.965,0.263,0.545,0.524,0.725,1.0,0.92,0.979,0.774,0.907,0.4,0.417,0.997,0.693,0.872,0.324,0.771,0.953,0.947,0.214,0.991,0.807,0.458,0.99,0.601,0.436,0.903,0.144,0.103,0.775,0.251,0.315,0.831,0.64,0.117,0.973,0.38,0.697,0.084,0.793,0.392,0.167,0.821
13,0.104,0.384,0.122,0.426,0.967,0.749,0.655,0.994,0.102,0.315,0.282,0.891,0.92,1.0,0.986,0.532,0.753,0.219,0.198,0.886,0.46,0.654,0.128,0.502,0.792,0.997,0.072,0.968,0.951,0.229,0.969,0.823,0.229,0.713,0.028,0.02,0.955,0.073,0.142,0.967,0.867,0.034,0.841,0.168,0.88,0.016,0.59,0.199,0.062,0.584
14,0.191,0.477,0.179,0.565,0.999,0.829,0.792,0.998,0.167,0.436,0.44,0.814,0.979,0.986,1.0,0.657,0.836,0.29,0.292,0.95,0.584,0.75,0.202,0.614,0.892,0.989,0.114,1.0,0.893,0.359,0.999,0.719,0.334,0.8,0.081,0.06,0.876,0.156,0.216,0.885,0.751,0.059,0.908,0.238,0.795,0.054,0.691,0.255,0.103,0.724
15,0.696,0.973,0.741,0.982,0.744,0.964,0.974,0.603,0.666,0.946,0.918,0.296,0.774,0.532,0.657,1.0,0.945,0.842,0.84,0.854,0.993,0.992,0.731,0.998,0.94,0.578,0.613,0.664,0.366,0.893,0.714,0.206,0.886,0.973,0.493,0.399,0.353,0.641,0.759,0.369,0.207,0.472,0.883,0.77,0.242,0.426,1.0,0.815,0.565,0.999
16,0.493,0.862,0.499,0.872,0.888,0.999,0.994,0.812,0.486,0.81,0.779,0.47,0.907,0.753,0.836,0.945,1.0,0.671,0.664,0.958,0.925,0.992,0.531,0.941,1.0,0.783,0.44,0.862,0.562,0.694,0.881,0.395,0.691,1.0,0.334,0.226,0.564,0.433,0.545,0.598,0.381,0.281,0.99,0.598,0.427,0.232,0.961,0.634,0.354,0.967
17,0.978,0.945,0.968,0.918,0.379,0.685,0.729,0.29,0.96,0.967,0.975,0.063,0.4,0.219,0.29,0.842,0.671,1.0,1.0,0.503,0.918,0.758,0.985,0.881,0.596,0.242,0.945,0.314,0.095,0.998,0.397,0.037,1.0,0.675,0.839,0.769,0.089,0.924,0.992,0.114,0.047,0.838,0.559,0.995,0.054,0.753,0.832,1.0,0.899,0.813
18,0.971,0.939,0.981,0.906,0.352,0.676,0.716,0.286,0.97,0.977,0.981,0.042,0.417,0.198,0.292,0.84,0.664,1.0,1.0,0.463,0.903,0.728,0.991,0.845,0.623,0.212,0.948,0.338,0.08,0.994,0.337,0.029,0.996,0.684,0.866,0.798,0.074,0.961,0.987,0.098,0.038,0.848,0.533,0.993,0.046,0.77,0.834,0.999,0.904,0.794
19,0.316,0.738,0.336,0.751,0.976,0.959,0.925,0.958,0.327,0.592,0.596,0.674,0.997,0.886,0.95,0.854,0.958,0.503,0.463,1.0,0.772,0.896,0.345,0.78,0.973,0.92,0.264,0.965,0.769,0.493,0.967,0.531,0.508,0.934,0.164,0.12,0.702,0.299,0.384,0.757,0.573,0.154,0.994,0.39,0.619,0.101,0.844,0.443,0.208,0.873
20,0.786,0.995,0.793,1.0,0.62,0.92,0.942,0.52,0.761,0.971,0.963,0.19,0.693,0.46,0.584,0.993,0.925,0.918,0.903,0.772,1.0,0.961,0.814,0.995,0.878,0.494,0.691,0.578,0.295,0.942,0.621,0.158,0.927,0.921,0.607,0.487,0.287,0.732,0.828,0.307,0.187,0.559,0.828,0.856,0.188,0.474,0.989,0.862,0.622,0.98
21,0.603,0.931,0.606,0.955,0.798,0.989,0.998,0.737,0.586,0.889,0.868,0.366,0.872,0.654,0.75,0.992,0.992,0.758,0.728,0.896,0.961,1.0,0.631,0.979,0.97,0.689,0.519,0.778,0.485,0.825,0.782,0.274,0.798,0.996,0.389,0.306,0.44,0.565,0.634,0.465,0.352,0.391,0.935,0.685,0.325,0.294,0.995,0.737,0.478,0.997
22,0.999,0.849,1.0,0.834,0.264,0.584,0.588,0.191,0.998,0.931,0.932,0.024,0.324,0.128,0.202,0.731,0.531,0.985,0.991,0.345,0.814,0.631,1.0,0.763,0.503,0.143,0.98,0.239,0.057,0.963,0.234,0.016,0.977,0.578,0.922,0.856,0.038,0.986,0.998,0.054,0.029,0.903,0.439,0.999,0.023,0.849,0.723,0.992,0.966,0.688
23,0.761,0.987,0.729,0.993,0.685,0.95,0.961,0.582,0.732,0.955,0.946,0.226,0.771,0.502,0.614,0.998,0.941,0.881,0.845,0.78,0.995,0.979,0.763,1.0,0.891,0.545,0.702,0.641,0.331,0.907,0.677,0.174,0.899,0.958,0.544,0.48,0.296,0.671,0.801,0.338,0.212,0.535,0.867,0.812,0.201,0.427,0.998,0.862,0.607,0.995
24,0.45,0.823,0.473,0.859,0.915,0.998,0.988,0.846,0.446,0.776,0.761,0.49,0.953,0.792,0.892,0.94,1.0,0.596,0.623,0.973,0.878,0.97,0.503,0.891,1.0,0.821,0.374,0.902,0.598,0.653,0.9,0.404,0.626,0.994,0.273,0.198,0.608,0.398,0.526,0.634,0.417,0.272,0.999,0.532,0.469,0.195,0.943,0.568,0.359,0.953
25,0.129,0.447,0.147,0.479,0.971,0.768,0.724,0.995,0.117,0.383,0.346,0.901,0.947,0.997,0.989,0.578,0.783,0.242,0.212,0.92,0.494,0.689,0.143,0.545,0.821,1.0,0.104,0.986,0.946,0.273,0.983,0.805,0.272,0.734,0.042,0.024,0.944,0.107,0.147,0.944,0.846,0.054,0.856,0.174,0.827,0.03,0.586,0.213,0.072,0.624
26,0.995,0.76,0.989,0.756,0.17,0.449,0.464,0.114,0.998,0.85,0.836,0.011,0.214,0.072,0.114,0.613,0.44,0.945,0.948,0.264,0.691,0.519,0.98,0.702,0.374,0.104,1.0,0.147,0.025,0.895,0.157,0.006,0.912,0.464,0.982,0.957,0.013,0.999,0.978,0.022,0.006,0.974,0.326,0.97,0.008,0.921,0.596,0.964,0.997,0.609
27,0.223,0.533,0.227,0.612,0.995,0.808,0.836,0.994,0.159,0.461,0.416,0.788,0.991,0.968,1.0,0.664,0.862,0.314,0.338,0.965,0.578,0.778,0.239,0.641,0.902,0.986,0.147,1.0,0.892,0.361,1.0,0.708,0.334,0.824,0.095,0.046,0.863,0.175,0.271,0.904,0.739,0.085,0.929,0.275,0.765,0.037,0.735,0.29,0.113,0.703
28,0.058,0.24,0.071,0.275,0.851,0.537,0.527,0.915,0.038,0.189,0.181,0.985,0.807,0.951,0.893,0.366,0.562,0.095,0.08,0.769,0.295,0.485,0.057,0.331,0.598,0.946,0.025,0.892,1.0,0.122,0.869,0.959,0.114,0.531,0.005,0.005,1.0,0.028,0.068,1.0,0.977,0.006,0.638,0.066,0.973,0.004,0.39,0.089,0.02,0.427
29,0.946,0.959,0.969,0.945,0.4,0.702,0.751,0.296,0.949,0.986,0.989,0.074,0.458,0.229,0.359,0.893,0.694,0.998,0.994,0.493,0.942,0.825,0.963,0.907,0.653,0.273,0.895,0.361,0.122,1.0,0.38,0.038,1.0,0.742,0.834,0.721,0.124,0.932,0.971,0.124,0.067,0.805,0.565,0.985,0.053,0.717,0.858,0.992,0.859,0.834
30,0.211,0.57,0.217,0.625,1.0,0.877,0.839,0.988,0.192,0.478,0.435,0.797,0.99,0.969,0.999,0.714,0.881,0.397,0.337,0.967,0.621,0.782,0.234,0.677,0.9,0.983,0.157,1.0,0.869,0.38,1.0,0.666,0.351,0.857,0.09,0.068,0.835,0.18,0.248,0.873,0.714,0.097,0.924,0.266,0.708,0.034,0.731,0.298,0.118,0.756
31,0.008,0.118,0.017,0.152,0.681,0.34,0.321,0.754,0.007,0.075,0.071,0.987,0.601,0.823,0.719,0.206,0.395,0.037,0.029,0.531,0.158,0.274,0.016,0.174,0.404,0.805,0.006,0.708,0.959,0.038,0.666,1.0,0.04,0.33,0.0,0.0,0.962,0.005,0.011,0.944,0.999,0.0,0.442,0.019,0.994,0.0,0.212,0.025,0.0,0.215
32,0.955,0.959,0.967,0.931,0.401,0.695,0.738,0.262,0.948,0.982,0.989,0.066,0.436,0.229,0.334,0.886,0.691,1.0,0.996,0.508,0.927,0.798,0.977,0.899,0.626,0.272,0.912,0.334,0.114,1.0,0.351,0.04,1.0,0.755,0.839,0.776,0.102,0.95,0.985,0.126,0.044,0.817,0.577,0.979,0.046,0.711,0.861,0.994,0.874,0.845
33,0.524,0.894,0.537,0.907,0.869,0.999,1.0,0.784,0.532,0.818,0.816,0.455,0.903,0.713,0.8,0.973,1.0,0.675,0.684,0.934,0.921,0.996,0.578,0.958,0.994,0.734,0.464,0.824,0.531,0.742,0.857,0.33,0.755,1.0,0.334,0.277,0.501,0.467,0.613,0.539,0.379,0.323,0.975,0.631,0.378,0.242,0.979,0.656,0.382,0.978
34,0.954,0.65,0.921,0.624,0.101,0.31,0.347,0.066,0.959,0.744,0.744,0.004,0.144,0.028,0.081,0.493,0.334,0.839,0.866,0.164,0.607,0.389,0.922,0.544,0.273,0.042,0.982,0.095,0.005,0.834,0.09,0.0,0.839,0.334,1.0,0.994,0.009,0.979,0.912,0.012,0.001,1.0,0.246,0.891,0.004,0.977,0.47,0.872,0.996,0.481
35,0.904,0.583,0.879,0.517,0.059,0.273,0.284,0.031,0.921,0.64,0.637,0.0,0.103,0.02,0.06,0.399,0.226,0.769,0.798,0.12,0.487,0.306,0.856,0.48,0.198,0.024,0.957,0.046,0.005,0.721,0.068,0.0,0.776,0.277,0.994,1.0,0.005,0.954,0.847,0.005,0.0,0.993,0.167,0.862,0.0,0.998,0.362,0.81,0.973,0.366
36,0.046,0.229,0.044,0.246,0.836,0.546,0.464,0.89,0.033,0.156,0.156,0.994,0.775,0.955,0.876,0.353,0.564,0.089,0.074,0.702,0.287,0.44,0.038,0.296,0.608,0.944,0.013,0.863,1.0,0.124,0.835,0.962,0.102,0.501,0.009,0.005,1.0,0.022,0.052,0.999,0.974,0.004,0.644,0.057,0.983,0.0,0.372,0.072,0.013,0.406
37,0.994,0.783,0.986,0.75,0.184,0.466,0.529,0.109,0.996,0.831,0.859,0.024,0.251,0.073,0.156,0.641,0.433,0.924,0.961,0.299,0.732,0.565,0.986,0.671,0.398,0.107,0.999,0.175,0.028,0.932,0.18,0.005,0.95,0.467,0.979,0.954,0.022,1.0,0.987,0.034,0.009,0.966,0.349,0.977,0.007,0.925,0.645,0.967,0.99,0.593
38,0.999,0.869,0.999,0.845,0.295,0.592,0.632,0.21,0.993,0.924,0.944,0.023,0.315,0.142,0.216,0.759,0.545,0.992,0.987,0.384,0.828,0.634,0.998,0.801,0.526,0.147,0.978,0.271,0.068,0.971,0.248,0.011,0.985,0.613,0.912,0.847,0.052,0.987,1.0,0.062,0.02,0.896,0.472,1.0,0.031,0.802,0.747,0.997,0.958,0.727
39,0.055,0.26,0.052,0.308,0.851,0.576,0.499,0.936,0.053,0.202,0.176,0.977,0.831,0.967,0.885,0.369,0.598,0.114,0.098,0.757,0.307,0.465,0.054,0.338,0.634,0.944,0.022,0.904,1.0,0.124,0.873,0.944,0.126,0.539,0.012,0.005,0.999,0.034,0.062,1.0,0.961,0.01,0.656,0.084,0.975,0.007,0.406,0.086,0.014,0.414
40,0.016,0.169,0.021,0.158,0.686,0.403,0.338,0.8,0.006,0.086,0.081,0.996,0.64,0.867,0.751,0.207,0.381,0.047,0.038,0.573,0.187,0.352,0.029,0.212,0.417,0.846,0.006,0.739,0.977,0.067,0.714,0.999,0.044,0.379,0.001,0.0,0.974,0.009,0.02,0.961,1.0,0.0,0.485,0.027,1.0,0.001,0.244,0.042,0.001,0.236
41,0.94,0.635,0.924,0.569,0.092,0.299,0.361,0.051,0.933,0.721,0.735,0.003,0.117,0.034,0.059,0.472,0.281,0.838,0.848,0.154,0.559,0.391,0.903,0.535,0.272,0.054,0.974,0.085,0.006,0.805,0.097,0.0,0.817,0.323,1.0,0.993,0.004,0.966,0.896,0.01,0.0,1.0,0.204,0.904,0.002,0.988,0.453,0.854,0.992,0.423
42,0.365,0.783,0.415,0.818,0.957,0.985,0.974,0.911,0.342,0.697,0.669,0.557,0.973,0.841,0.908,0.883,0.99,0.559,0.533,0.994,0.828,0.935,0.439,0.867,0.999,0.856,0.326,0.929,0.638,0.565,0.924,0.442,0.577,0.975,0.246,0.167,0.644,0.349,0.472,0.656,0.485,0.204,1.0,0.452,0.549,0.149,0.917,0.542,0.28,0.912
43,0.995,0.894,0.996,0.842,0.306,0.577,0.655,0.208,0.984,0.923,0.95,0.039,0.38,0.168,0.238,0.77,0.598,0.995,0.993,0.39,0.856,0.685,0.999,0.812,0.532,0.174,0.97,0.275,0.066,0.985,0.266,0.019,0.979,0.631,0.891,0.862,0.057,0.977,1.0,0.084,0.027,0.904,0.452,1.0,0.034,0.825,0.752,0.998,0.936,0.778
44,0.013,0.142,0.019,0.18,0.691,0.397,0.344,0.816,0.015,0.112,0.077,0.996,0.697,0.88,0.795,0.242,0.427,0.054,0.046,0.619,0.188,0.325,0.023,0.201,0.469,0.827,0.008,0.765,0.973,0.053,0.708,0.994,0.046,0.378,0.004,0.0,0.983,0.007,0.031,0.975,1.0,0.002,0.549,0.034,1.0,0.0,0.249,0.033,0.002,0.263
45,0.887,0.534,0.855,0.464,0.06,0.23,0.265,0.032,0.888,0.596,0.639,0.0,0.084,0.016,0.054,0.426,0.232,0.753,0.77,0.101,0.474,0.294,0.849,0.427,0.195,0.03,0.921,0.037,0.004,0.717,0.034,0.0,0.711,0.242,0.977,0.998,0.0,0.925,0.802,0.007,0.001,0.988,0.149,0.825,0.0,1.0,0.353,0.766,0.958,0.355
46,0.711,0.97,0.667,0.987,0.737,0.967,0.982,0.653,0.649,0.929,0.915,0.285,0.793,0.59,0.691,1.0,0.961,0.832,0.834,0.844,0.989,0.995,0.723,0.998,0.943,0.586,0.596,0.735,0.39,0.858,0.731,0.212,0.861,0.979,0.47,0.362,0.372,0.645,0.747,0.406,0.244,0.453,0.917,0.752,0.249,0.353,1.0,0.778,0.55,1.0
47,0.987,0.901,0.991,0.889,0.299,0.657,0.684,0.237,0.973,0.959,0.973,0.043,0.392,0.199,0.255,0.815,0.634,1.0,0.999,0.443,0.862,0.737,0.992,0.862,0.568,0.213,0.964,0.29,0.089,0.992,0.298,0.025,0.994,0.656,0.872,0.81,0.072,0.967,0.997,0.086,0.042,0.854,0.542,0.998,0.033,0.766,0.778,1.0,0.912,0.775
48,0.975,0.698,0.971,0.651,0.128,0.412,0.419,0.087,0.981,0.786,0.789,0.017,0.167,0.062,0.103,0.565,0.354,0.899,0.904,0.208,0.622,0.478,0.966,0.607,0.359,0.072,0.997,0.113,0.02,0.859,0.118,0.0,0.874,0.382,0.996,0.973,0.013,0.99,0.958,0.014,0.001,0.992,0.28,0.936,0.002,0.958,0.55,0.912,1.0,0.521
49,0.704,0.97,0.694,0.982,0.781,0.982,0.991,0.668,0.664,0.912,0.918,0.283,0.821,0.584,0.724,0.999,0.967,0.813,0.794,0.873,0.98,0.997,0.688,0.995,0.953,0.624,0.609,0.703,0.427,0.834,0.756,0.215,0.845,0.978,0.481,0.366,0.406,0.593,0.727,0.414,0.236,0.423,0.912,0.778,0.263,0.355,1.0,0.775,0.521,1.0
