,0,1,2,3,4,5,6,7,8,9,10,11,12,13,14,15,16,17,18,19,20,21,22,23,24,25,26,27,28,29,30,31,32,33,34,35,36,37,38,39,40,41,42,43,44,45,46,47,48,49,50,51,52,53,54,55,56,57,58,59,60,61,62,63,64,65,66,67,68,69,70,71,72,73,74,75,76,77,78,79,80,81,82,83,84,85,86,87,88,89,90,91,92,93,94,95,96,97,98,99
0,1.0,0.221,0.81,0.074,0.085,0.928,0.078,0.09,0.062,0.461,0.069,0.131,0.033,0.071,0.053,0.104,0.951,0.95,0.986,0.069,0.994,0.093,0.511,0.087,0.022,0.222,0.088,0.083,0.422,0.963,0.455,0.075,0.066,0.858,0.071,0.522,0.057,0.043,0.102,0.084,0.03,0.823,0.042,0.055,0.062,0.104,0.194,0.023,0.094,0.094,0.64,0.083,0.026,0.474,0.034,0.209,0.09,0.965,0.054,0.083,0.079,0.031,0.627,0.038,0.066,0.928,0.042,0.094,0.089,0.986,0.09,0.043,0.039,0.055,0.162,0.024,0.756,0.133,0.948,0.115,0.257,0.074,0.036,0.835,0.09,0.097,0.09,0.219,0.08,0.369,0.242,0.021,0.041,0.068,0.097,0.061,0.034,0.23,0.083,0.06
1,0.221,1.0,0.149,0.822,0.846,0.21,0.659,0.902,0.611,0.742,0.824,0.652,0.483,0.801,0.766,0.833,0.183,0.196,0.212,0.838,0.194,0.821,0.493,0.867,0.582,0.8,0.811,0.782,0.095,0.21,0.752,0.811,0.822,0.161,0.809,0.467,0.716,0.819,0.869,0.856,0.603,0.211,0.596,0.874,0.769,0.817,0.779,0.774,0.772,0.778,0.349,0.804,0.476,0.772,0.72,1.0,0.899,0.213,0.752,0.823,0.827,0.743,0.598,0.796,0.637,0.203,0.759,0.891,0.838,0.21,0.777,0.772,0.784,0.846,0.657,0.545,0.146,0.406,0.197,0.808,0.047,0.764,0.626,0.147,0.737,0.862,0.756,0.807,0.786,0.742,0.841,0.465,0.614,0.813,0.859,0.488,0.758,0.849,0.887,0.804
2,0.81,0.149,1.0,0.088,0.079,0.876,0.09,0.077,0.076,0.404,0.092,0.115,0.061,0.098,0.081,0.091,0.641,0.745,0.85,0.072,0.876,0.096,0.399,0.103,0.035,0.223,0.07,0.076,0.457,0.682,0.421,0.1,0.078,1.0,0.081,0.618,0.056,0.056,0.093,0.109,0.033,0.531,0.066,0.06,0.082,0.061,0.2,0.026,0.077,0.086,0.644,0.083,0.032,0.436,0.031,0.172,0.09,0.807,0.058,0.092,0.076,0.049,0.581,0.044,0.08,0.6,0.035,0.075,0.075,0.778,0.064,0.09,0.055,0.077,0.135,0.044,0.656,0.139,0.703,0.104,0.468,0.08,0.069,1.0,0.072,0.128,0.092,0.191,0.08,0.398,0.258,0.054,0.052,0.066,0.112,0.081,0.026,0.253,0.085,0.062
3,0.074,0.822,0.088,1.0,0.925,0.087,0.707,0.92,0.827,0.634,0.847,0.662,0.625,0.979,0.9,0.932,0.062,0.06,0.083,0.933,0.07,0.96,0.347,0.976,0.719,0.895,0.936,0.81,0.084,0.058,0.61,0.964,0.855,0.085,0.88,0.378,0.879,0.848,0.978,0.982,0.74,0.064,0.845,0.975,0.83,0.926,0.871,0.844,0.918,0.883,0.285,0.982,0.498,0.649,0.857,0.803,0.901,0.076,0.925,0.785,0.914,0.936,0.492,0.886,0.742,0.066,0.918,0.934,0.93,0.079,0.928,0.886,0.94,0.936,0.535,0.568,0.083,0.48,0.07,0.964,0.043,0.924,0.83,0.089,0.885,0.978,0.896,0.91,0.923,0.665,0.899,0.6,0.775,0.932,0.976,0.622,0.875,0.813,0.854,0.967
4,0.085,0.846,0.079,0.925,1.0,0.102,0.814,0.98,0.833,0.667,0.961,0.713,0.646,0.956,0.926,0.983,0.079,0.075,0.099,0.995,0.101,0.914,0.45,0.92,0.769,0.934,0.995,0.879,0.064,0.069,0.692,0.939,0.98,0.086,0.985,0.327,0.967,0.982,0.917,0.918,0.781,0.074,0.841,0.883,0.965,0.984,0.95,0.937,0.976,0.972,0.303,0.921,0.638,0.707,0.932,0.858,0.96,0.103,0.982,0.911,0.984,0.974,0.536,0.967,0.819,0.069,0.975,0.996,0.987,0.08,0.991,0.932,0.944,0.994,0.535,0.695,0.091,0.516,0.093,0.961,0.055,0.98,0.832,0.104,0.965,0.927,0.976,0.888,0.962,0.792,0.913,0.665,0.869,0.983,0.923,0.737,0.949,0.935,0.977,0.892
5,0.928,0.21,0.876,0.087,0.102,1.0,0.084,0.081,0.06,0.455,0.079,0.165,0.041,0.075,0.057,0.1,0.789,0.834,0.95,0.099,0.929,0.103,0.511,0.111,0.02,0.22,0.116,0.097,0.553,0.797,0.428,0.112,0.083,0.866,0.085,0.556,0.057,0.065,0.114,0.088,0.023,0.692,0.056,0.071,0.072,0.066,0.228,0.034,0.1,0.095,0.676,0.064,0.038,0.46,0.022,0.192,0.091,0.936,0.056,0.101,0.085,0.037,0.644,0.06,0.078,0.777,0.042,0.078,0.071,0.89,0.097,0.051,0.037,0.069,0.13,0.037,0.747,0.162,0.842,0.117,0.357,0.095,0.044,0.895,0.096,0.105,0.104,0.236,0.083,0.401,0.279,0.028,0.082,0.095,0.101,0.054,0.039,0.27,0.091,0.063
6,0.078,0.659,0.09,0.707,0.814,0.084,1.0,0.867,0.922,0.708,0.908,0.478,0.933,0.713,0.847,0.884,0.055,0.043,0.074,0.8,0.067,0.587,0.194,0.73,0.962,0.779,0.805,0.97,0.04,0.046,0.692,0.601,0.799,0.082,0.827,0.373,0.822,0.823,0.712,0.693,0.971,0.051,0.927,0.648,0.789,0.86,0.773,0.907,0.833,0.761,0.336,0.613,0.917,0.679,0.89,0.676,0.755,0.055,0.818,0.957,0.84,0.82,0.365,0.912,1.0,0.049,0.831,0.835,0.724,0.052,0.819,0.85,0.873,0.821,0.209,0.941,0.083,0.837,0.058,0.852,0.055,0.844,0.929,0.072,0.775,0.694,0.773,0.659,0.685,0.792,0.764,0.936,0.933,0.84,0.681,0.96,0.923,0.843,0.873,0.588
7,0.09,0.902,0.077,0.92,0.98,0.081,0.867,1.0,0.866,0.733,0.95,0.626,0.733,0.937,0.921,0.98,0.066,0.059,0.095,0.973,0.083,0.892,0.359,0.933,0.816,0.9,0.954,0.918,0.07,0.068,0.728,0.869,0.941,0.073,0.953,0.379,0.928,0.953,0.94,0.938,0.826,0.073,0.869,0.907,0.934,0.973,0.879,0.97,0.949,0.922,0.33,0.892,0.656,0.707,0.947,0.892,0.963,0.071,0.947,0.922,0.97,0.936,0.496,0.971,0.851,0.074,0.937,0.994,0.948,0.061,0.947,0.921,0.959,0.98,0.519,0.753,0.081,0.546,0.072,0.949,0.036,0.938,0.837,0.074,0.928,0.928,0.924,0.863,0.891,0.764,0.896,0.696,0.831,0.981,0.933,0.753,0.964,0.908,0.966,0.887
8,0.062,0.611,0.076,0.827,0.833,0.06,0.922,0.866,1.0,0.612,0.84,0.481,0.922,0.84,0.911,0.901,0.021,0.041,0.049,0.799,0.054,0.695,0.215,0.778,0.956,0.824,0.864,0.916,0.044,0.041,0.602,0.691,0.822,0.072,0.811,0.384,0.829,0.814,0.794,0.764,0.959,0.015,1.0,0.727,0.782,0.884,0.82,0.874,0.871,0.794,0.321,0.737,0.776,0.627,0.885,0.626,0.774,0.032,0.83,0.886,0.821,0.875,0.336,0.934,0.933,0.014,0.853,0.828,0.777,0.042,0.847,0.911,0.927,0.869,0.287,0.847,0.039,0.746,0.039,0.924,0.062,0.872,0.999,0.068,0.816,0.788,0.834,0.753,0.775,0.71,0.826,0.918,0.93,0.849,0.761,0.926,0.89,0.821,0.834,0.676
9,0.461,0.742,0.404,0.634,0.667,0.455,0.708,0.733,0.612,1.0,0.667,0.526,0.518,0.574,0.657,0.726,0.433,0.415,0.469,0.666,0.481,0.564,0.471,0.686,0.605,0.751,0.641,0.749,0.198,0.454,1.0,0.549,0.636,0.392,0.624,0.754,0.58,0.654,0.696,0.658,0.566,0.404,0.615,0.62,0.602,0.655,0.763,0.595,0.641,0.602,0.734,0.568,0.524,0.979,0.542,0.776,0.718,0.426,0.588,0.735,0.661,0.58,0.771,0.651,0.67,0.407,0.586,0.708,0.623,0.451,0.597,0.647,0.618,0.663,0.431,0.545,0.441,0.658,0.436,0.669,0.22,0.657,0.595,0.45,0.609,0.673,0.633,0.718,0.584,0.936,0.807,0.529,0.586,0.631,0.686,0.595,0.637,0.836,0.696,0.52
10,0.069,0.824,0.092,0.847,0.961,0.079,0.908,0.95,0.84,0.667,1.0,0.645,0.782,0.879,0.93,0.974,0.054,0.061,0.073,0.93,0.071,0.809,0.392,0.823,0.812,0.894,0.955,0.931,0.053,0.062,0.687,0.803,0.978,0.071,0.971,0.31,0.943,0.983,0.816,0.821,0.824,0.061,0.828,0.831,0.948,0.946,0.894,0.974,0.934,0.948,0.298,0.831,0.729,0.68,0.96,0.821,0.943,0.07,0.947,0.947,0.96,0.946,0.503,0.97,0.898,0.061,0.94,0.971,0.933,0.071,0.94,0.93,0.936,0.955,0.439,0.813,0.068,0.592,0.066,0.9,0.046,0.939,0.837,0.073,0.949,0.825,0.926,0.834,0.891,0.817,0.87,0.759,0.91,0.943,0.837,0.795,0.977,0.909,0.989,0.784
11,0.131,0.652,0.115,0.662,0.713,0.165,0.478,0.626,0.481,0.526,0.645,1.0,0.369,0.725,0.714,0.663,0.137,0.14,0.136,0.684,0.143,0.748,0.407,0.627,0.411,0.708,0.67,0.538,0.047,0.142,0.503,0.729,0.714,0.119,0.704,0.335,0.654,0.68,0.64,0.642,0.431,0.122,0.485,0.624,0.684,0.634,0.712,0.584,0.636,0.67,0.273,0.697,0.284,0.561,0.548,0.672,0.71,0.138,0.648,0.583,0.622,0.673,0.606,0.587,0.474,0.118,0.666,0.682,0.693,0.137,0.657,0.683,0.65,0.678,0.723,0.344,0.142,0.316,0.118,0.681,0.045,0.645,0.496,0.128,0.659,0.636,0.66,0.706,0.737,0.572,0.692,0.361,0.624,0.597,0.618,0.388,0.579,0.626,0.706,0.657
12,0.033,0.483,0.061,0.625,0.646,0.041,0.933,0.733,0.922,0.518,0.782,0.369,1.0,0.622,0.796,0.771,0.015,0.019,0.025,0.608,0.026,0.486,0.11,0.551,0.982,0.628,0.678,0.863,0.026,0.013,0.529,0.477,0.699,0.04,0.672,0.306,0.679,0.718,0.572,0.549,0.979,0.009,0.933,0.541,0.677,0.726,0.628,0.811,0.707,0.657,0.241,0.512,0.901,0.482,0.836,0.466,0.65,0.027,0.711,0.874,0.684,0.694,0.188,0.826,0.936,0.018,0.701,0.656,0.593,0.027,0.658,0.802,0.801,0.718,0.135,0.946,0.021,0.807,0.016,0.729,0.043,0.689,0.906,0.046,0.641,0.574,0.635,0.525,0.558,0.628,0.627,1.0,0.887,0.702,0.558,0.952,0.836,0.692,0.751,0.46
13,0.071,0.801,0.098,0.979,0.956,0.075,0.713,0.937,0.84,0.574,0.879,0.725,0.622,1.0,0.926,0.947,0.055,0.065,0.082,0.97,0.067,0.971,0.421,0.927,0.738,0.917,0.963,0.789,0.086,0.07,0.62,0.983,0.934,0.083,0.942,0.348,0.936,0.917,0.912,0.929,0.72,0.055,0.818,0.926,0.914,0.944,0.924,0.895,0.96,0.935,0.264,0.968,0.504,0.66,0.876,0.786,0.914,0.07,0.954,0.798,0.952,0.975,0.511,0.905,0.706,0.046,0.975,0.943,0.97,0.065,0.975,0.932,0.944,0.96,0.553,0.546,0.071,0.431,0.047,0.969,0.048,0.949,0.835,0.084,0.955,0.916,0.954,0.919,0.967,0.677,0.903,0.605,0.843,0.946,0.934,0.64,0.893,0.856,0.869,0.954
14,0.053,0.766,0.081,0.9,0.926,0.057,0.847,0.921,0.911,0.657,0.93,0.714,0.796,0.926,1.0,0.94,0.048,0.059,0.062,0.89,0.055,0.853,0.358,0.854,0.84,0.869,0.912,0.897,0.058,0.04,0.65,0.855,0.926,0.09,0.943,0.369,0.88,0.911,0.84,0.867,0.855,0.03,0.903,0.853,0.895,0.911,0.852,0.904,0.909,0.9,0.247,0.857,0.692,0.667,0.928,0.777,0.93,0.059,0.914,0.891,0.909,0.954,0.477,0.935,0.844,0.047,0.94,0.915,0.896,0.042,0.913,1.0,0.972,0.976,0.445,0.737,0.039,0.548,0.041,0.976,0.042,0.911,0.894,0.083,0.895,0.851,0.888,0.826,0.887,0.759,0.875,0.814,0.9,0.893,0.859,0.788,0.946,0.871,0.931,0.815
15,0.104,0.833,0.091,0.932,0.983,0.1,0.884,0.98,0.901,0.726,0.974,0.663,0.771,0.947,0.94,1.0,0.094,0.099,0.095,0.972,0.083,0.875,0.365,0.893,0.833,0.936,0.977,0.932,0.098,0.088,0.71,0.882,0.964,0.109,0.977,0.37,0.964,0.96,0.907,0.886,0.821,0.088,0.904,0.853,0.954,0.994,0.954,0.957,0.988,0.963,0.365,0.878,0.695,0.77,0.966,0.815,0.944,0.094,0.98,0.934,0.989,0.967,0.517,0.983,0.877,0.081,0.964,0.98,0.956,0.089,0.983,0.946,0.968,0.986,0.474,0.764,0.093,0.606,0.083,0.97,0.061,0.978,0.893,0.092,0.957,0.904,0.959,0.905,0.952,0.826,0.939,0.754,0.915,0.989,0.914,0.818,0.963,0.956,0.97,0.865
16,0.951,0.183,0.641,0.062,0.079,0.789,0.055,0.066,0.021,0.433,0.054,0.137,0.015,0.055,0.048,0.094,1.0,0.96,0.897,0.081,0.915,0.077,0.46,0.093,0.017,0.168,0.064,0.061,0.346,1.0,0.411,0.079,0.058,0.655,0.064,0.468,0.05,0.055,0.089,0.077,0.02,0.921,0.035,0.055,0.057,0.053,0.174,0.021,0.079,0.073,0.55,0.059,0.029,0.45,0.024,0.187,0.08,0.902,0.044,0.075,0.051,0.029,0.579,0.035,0.055,0.968,0.031,0.079,0.071,0.983,0.074,0.038,0.025,0.065,0.182,0.024,0.739,0.115,0.987,0.067,0.186,0.058,0.033,0.637,0.096,0.097,0.093,0.191,0.05,0.317,0.199,0.018,0.033,0.064,0.077,0.033,0.027,0.197,0.063,0.045
17,0.95,0.196,0.745,0.06,0.075,0.834,0.043,0.059,0.041,0.415,0.061,0.14,0.019,0.065,0.059,0.099,0.96,1.0,0.938,0.077,0.932,0.081,0.547,0.088,0.018,0.164,0.075,0.07,0.41,0.969,0.387,0.083,0.067,0.731,0.06,0.422,0.046,0.042,0.072,0.079,0.018,0.837,0.03,0.047,0.061,0.04,0.173,0.024,0.073,0.067,0.481,0.067,0.016,0.418,0.025,0.185,0.086,0.961,0.047,0.057,0.068,0.04,0.575,0.041,0.035,0.93,0.032,0.066,0.063,0.982,0.066,0.05,0.037,0.055,0.153,0.015,0.685,0.094,0.961,0.085,0.156,0.072,0.026,0.749,0.08,0.098,0.072,0.162,0.073,0.3,0.194,0.014,0.037,0.067,0.099,0.029,0.027,0.202,0.085,0.059
18,0.986,0.212,0.85,0.083,0.099,0.95,0.074,0.095,0.049,0.469,0.073,0.136,0.025,0.082,0.062,0.095,0.897,0.938,1.0,0.1,0.977,0.102,0.524,0.103,0.028,0.204,0.093,0.088,0.525,0.902,0.463,0.102,0.069,0.855,0.086,0.559,0.07,0.068,0.107,0.102,0.027,0.786,0.064,0.068,0.071,0.086,0.219,0.024,0.1,0.09,0.645,0.089,0.018,0.498,0.017,0.199,0.104,0.99,0.056,0.095,0.071,0.039,0.639,0.048,0.065,0.894,0.037,0.082,0.076,0.974,0.07,0.057,0.037,0.064,0.13,0.026,0.785,0.124,0.921,0.12,0.303,0.083,0.05,0.867,0.09,0.087,0.095,0.236,0.102,0.42,0.281,0.025,0.049,0.082,0.101,0.058,0.038,0.252,0.087,0.071
19,0.069,0.838,0.072,0.933,0.995,0.099,0.8,0.973,0.799,0.666,0.93,0.684,0.608,0.97,0.89,0.972,0.081,0.077,0.1,1.0,0.092,0.955,0.441,0.916,0.729,0.936,0.985,0.874,0.09,0.092,0.675,0.932,0.966,0.089,0.984,0.372,0.972,0.951,0.912,0.924,0.713,0.094,0.804,0.896,0.953,0.988,0.947,0.923,0.981,0.977,0.328,0.936,0.575,0.692,0.916,0.859,0.941,0.09,0.983,0.866,0.989,0.974,0.553,0.948,0.773,0.074,0.964,0.99,0.993,0.084,0.982,0.909,0.929,0.969,0.544,0.641,0.102,0.46,0.089,0.942,0.03,0.977,0.806,0.082,0.977,0.924,0.98,0.947,0.976,0.791,0.926,0.639,0.851,0.976,0.918,0.701,0.92,0.921,0.943,0.908
20,0.994,0.194,0.876,0.07,0.101,0.929,0.067,0.083,0.054,0.481,0.071,0.143,0.026,0.067,0.055,0.083,0.915,0.932,0.977,0.092,1.0,0.071,0.47,0.092,0.02,0.206,0.102,0.078,0.412,0.931,0.467,0.084,0.078,0.852,0.082,0.573,0.056,0.056,0.107,0.115,0.031,0.787,0.045,0.055,0.066,0.067,0.217,0.031,0.082,0.087,0.642,0.068,0.029,0.505,0.017,0.223,0.101,0.942,0.061,0.089,0.083,0.035,0.621,0.047,0.064,0.884,0.032,0.094,0.07,0.983,0.068,0.058,0.04,0.057,0.165,0.032,0.778,0.15,0.944,0.105,0.309,0.078,0.038,0.859,0.082,0.112,0.089,0.186,0.075,0.369,0.223,0.033,0.043,0.081,0.099,0.061,0.041,0.242,0.077,0.057
21,0.093,0.821,0.096,0.96,0.914,0.103,0.587,0.892,0.695,0.564,0.809,0.748,0.486,0.971,0.853,0.875,0.077,0.081,0.102,0.955,0.071,1.0,0.47,0.944,0.59,0.885,0.925,0.695,0.112,0.08,0.574,1.0,0.879,0.099,0.888,0.325,0.861,0.875,0.929,0.948,0.588,0.081,0.7,0.942,0.888,0.89,0.854,0.797,0.894,0.896,0.252,0.993,0.363,0.624,0.791,0.81,0.895,0.083,0.895,0.71,0.889,0.897,0.542,0.823,0.586,0.083,0.911,0.912,0.952,0.084,0.913,0.83,0.88,0.898,0.632,0.443,0.093,0.319,0.067,0.904,0.048,0.907,0.697,0.104,0.865,0.941,0.893,0.916,0.94,0.638,0.865,0.471,0.696,0.898,0.938,0.496,0.811,0.837,0.837,0.978
22,0.511,0.493,0.399,0.347,0.45,0.511,0.194,0.359,0.215,0.471,0.392,0.407,0.11,0.421,0.358,0.365,0.46,0.547,0.524,0.441,0.47,0.47,1.0,0.368,0.133,0.509,0.4,0.249,0.447,0.484,0.456,0.466,0.423,0.408,0.432,0.215,0.377,0.372,0.384,0.367,0.137,0.357,0.188,0.336,0.454,0.329,0.5,0.286,0.369,0.423,0.256,0.446,0.093,0.547,0.263,0.512,0.497,0.559,0.344,0.251,0.379,0.369,0.808,0.285,0.195,0.503,0.323,0.395,0.445,0.518,0.389,0.341,0.263,0.359,0.308,0.113,0.293,0.07,0.461,0.368,0.042,0.367,0.155,0.419,0.404,0.345,0.447,0.534,0.451,0.468,0.528,0.121,0.271,0.337,0.37,0.148,0.27,0.5,0.413,0.372
23,0.087,0.867,0.103,0.976,0.92,0.111,0.73,0.933,0.778,0.686,0.823,0.627,0.551,0.927,0.854,0.893,0.093,0.088,0.103,0.916,0.092,0.944,0.368,1.0,0.728,0.874,0.888,0.825,0.084,0.103,0.677,0.944,0.831,0.096,0.833,0.434,0.845,0.824,1.0,1.0,0.677,0.083,0.769,0.991,0.803,0.906,0.842,0.797,0.894,0.851,0.322,0.957,0.463,0.698,0.804,0.847,0.905,0.114,0.867,0.826,0.9,0.884,0.519,0.847,0.692,0.108,0.884,0.928,0.904,0.105,0.882,0.86,0.917,0.921,0.594,0.51,0.113,0.454,0.082,0.94,0.042,0.87,0.782,0.084,0.835,1.0,0.858,0.889,0.895,0.71,0.892,0.552,0.719,0.885,1.0,0.597,0.833,0.83,0.834,0.952
24,0.022,0.582,0.035,0.719,0.769,0.02,0.962,0.816,0.956,0.605,0.812,0.411,0.982,0.738,0.84,0.833,0.017,0.018,0.028,0.729,0.02,0.59,0.133,0.728,1.0,0.697,0.766,0.929,0.018,0.023,0.578,0.576,0.753,0.038,0.746,0.331,0.794,0.785,0.694,0.702,1.0,0.012,0.957,0.659,0.737,0.825,0.697,0.87,0.794,0.728,0.244,0.612,0.921,0.547,0.909,0.571,0.714,0.017,0.817,0.93,0.787,0.797,0.225,0.896,0.975,0.015,0.802,0.789,0.699,0.021,0.783,0.844,0.868,0.814,0.182,0.94,0.041,0.8,0.017,0.832,0.031,0.803,0.957,0.037,0.746,0.656,0.74,0.587,0.657,0.687,0.685,0.976,0.907,0.79,0.695,0.954,0.895,0.74,0.803,0.6
25,0.222,0.8,0.223,0.895,0.934,0.22,0.779,0.9,0.824,0.751,0.894,0.708,0.628,0.917,0.869,0.936,0.168,0.164,0.204,0.936,0.206,0.885,0.509,0.874,0.697,1.0,0.964,0.828,0.172,0.169,0.741,0.873,0.93,0.198,0.932,0.495,0.921,0.905,0.863,0.847,0.726,0.169,0.815,0.781,0.91,0.928,1.0,0.844,0.95,0.931,0.483,0.864,0.574,0.816,0.838,0.789,0.882,0.225,0.925,0.802,0.918,0.902,0.683,0.876,0.773,0.174,0.915,0.919,0.928,0.197,0.95,0.882,0.865,0.898,0.501,0.664,0.249,0.582,0.186,0.93,0.145,0.952,0.792,0.204,0.95,0.854,0.966,0.976,0.952,0.859,0.981,0.645,0.848,0.937,0.876,0.743,0.863,0.983,0.887,0.816
26,0.088,0.811,0.07,0.936,0.995,0.116,0.805,0.954,0.864,0.641,0.955,0.67,0.678,0.963,0.912,0.977,0.064,0.075,0.093,0.985,0.102,0.925,0.4,0.888,0.766,0.964,1.0,0.864,0.114,0.08,0.617,0.907,0.984,0.095,0.987,0.337,0.988,0.97,0.879,0.875,0.771,0.076,0.834,0.839,0.973,0.983,0.964,0.925,0.992,0.998,0.307,0.909,0.576,0.689,0.928,0.798,0.931,0.086,0.992,0.86,0.991,0.98,0.544,0.945,0.793,0.076,0.965,0.971,0.98,0.082,0.997,0.919,0.911,0.967,0.514,0.688,0.108,0.545,0.102,0.934,0.053,0.996,0.825,0.078,0.994,0.879,0.995,0.915,0.982,0.796,0.923,0.68,0.897,0.982,0.869,0.751,0.922,0.927,0.94,0.88
27,0.083,0.782,0.076,0.81,0.879,0.097,0.97,0.918,0.916,0.749,0.931,0.538,0.863,0.789,0.897,0.932,0.061,0.07,0.088,0.874,0.078,0.695,0.249,0.825,0.929,0.828,0.864,1.0,0.048,0.064,0.732,0.7,0.865,0.1,0.834,0.441,0.84,0.861,0.816,0.822,0.926,0.072,0.912,0.772,0.815,0.907,0.817,0.905,0.865,0.815,0.4,0.734,0.878,0.752,0.909,0.82,0.876,0.072,0.858,0.997,0.886,0.849,0.433,0.944,0.965,0.066,0.866,0.891,0.792,0.092,0.842,0.88,0.926,0.91,0.358,0.887,0.086,0.795,0.071,0.896,0.058,0.837,0.896,0.089,0.817,0.83,0.811,0.758,0.756,0.798,0.841,0.882,0.882,0.894,0.81,0.895,0.955,0.873,0.93,0.694
28,0.422,0.095,0.457,0.084,0.064,0.553,0.04,0.07,0.044,0.198,0.053,0.047,0.026,0.086,0.058,0.098,0.346,0.41,0.525,0.09,0.412,0.112,0.447,0.084,0.018,0.172,0.114,0.048,1.0,0.35,0.172,0.115,0.079,0.456,0.075,0.273,0.077,0.047,0.081,0.089,0.021,0.383,0.046,0.065,0.074,0.091,0.196,0.021,0.098,0.082,0.38,0.086,0.015,0.264,0.02,0.098,0.067,0.597,0.078,0.039,0.076,0.041,0.413,0.034,0.052,0.45,0.05,0.065,0.074,0.445,0.081,0.051,0.039,0.052,0.071,0.014,0.582,0.077,0.443,0.1,0.325,0.096,0.054,0.451,0.103,0.096,0.111,0.258,0.1,0.258,0.219,0.027,0.05,0.08,0.085,0.03,0.037,0.207,0.069,0.068
29,0.963,0.21,0.682,0.058,0.069,0.797,0.046,0.068,0.041,0.454,0.062,0.142,0.013,0.07,0.04,0.088,1.0,0.969,0.902,0.092,0.931,0.08,0.484,0.103,0.023,0.169,0.08,0.064,0.35,1.0,0.416,0.073,0.052,0.689,0.067,0.438,0.047,0.051,0.095,0.087,0.025,0.928,0.035,0.051,0.053,0.06,0.185,0.018,0.087,0.055,0.522,0.06,0.024,0.412,0.026,0.196,0.051,0.912,0.05,0.076,0.072,0.024,0.58,0.046,0.039,0.975,0.023,0.077,0.062,0.975,0.07,0.033,0.026,0.056,0.209,0.023,0.75,0.103,0.983,0.076,0.184,0.056,0.03,0.688,0.063,0.083,0.077,0.186,0.069,0.317,0.228,0.007,0.029,0.061,0.081,0.044,0.02,0.206,0.07,0.049
30,0.455,0.752,0.421,0.61,0.692,0.428,0.692,0.728,0.602,1.0,0.687,0.503,0.529,0.62,0.65,0.71,0.411,0.387,0.463,0.675,0.467,0.574,0.456,0.677,0.578,0.741,0.617,0.732,0.172,0.416,1.0,0.543,0.625,0.413,0.652,0.717,0.59,0.594,0.716,0.686,0.579,0.383,0.597,0.573,0.621,0.66,0.755,0.546,0.651,0.584,0.741,0.563,0.54,0.98,0.557,0.744,0.709,0.393,0.605,0.752,0.641,0.589,0.784,0.675,0.703,0.39,0.578,0.7,0.622,0.439,0.612,0.678,0.613,0.672,0.43,0.53,0.431,0.693,0.42,0.688,0.235,0.622,0.602,0.441,0.596,0.661,0.622,0.725,0.578,0.949,0.777,0.525,0.583,0.661,0.692,0.588,0.605,0.842,0.719,0.555
31,0.075,0.811,0.1,0.964,0.939,0.112,0.601,0.869,0.691,0.549,0.803,0.729,0.477,0.983,0.855,0.882,0.079,0.083,0.102,0.932,0.084,1.0,0.466,0.944,0.576,0.873,0.907,0.7,0.115,0.073,0.543,1.0,0.866,0.12,0.882,0.352,0.889,0.851,0.958,0.944,0.571,0.07,0.703,0.94,0.875,0.885,0.897,0.771,0.9,0.893,0.261,0.991,0.381,0.578,0.814,0.818,0.895,0.097,0.871,0.721,0.911,0.899,0.532,0.816,0.575,0.083,0.921,0.9,0.96,0.088,0.921,0.849,0.849,0.921,0.624,0.453,0.076,0.343,0.068,0.925,0.043,0.886,0.704,0.092,0.898,0.943,0.887,0.906,0.952,0.633,0.869,0.502,0.687,0.883,0.923,0.526,0.822,0.821,0.843,0.978
32,0.066,0.822,0.078,0.855,0.98,0.083,0.799,0.941,0.822,0.636,0.978,0.714,0.699,0.934,0.926,0.964,0.058,0.067,0.069,0.966,0.078,0.879,0.423,0.831,0.753,0.93,0.984,0.865,0.079,0.052,0.625,0.866,1.0,0.064,1.0,0.311,0.979,0.993,0.842,0.822,0.771,0.053,0.807,0.801,0.997,0.966,0.912,0.954,0.975,0.992,0.279,0.842,0.635,0.648,0.948,0.815,0.928,0.081,0.983,0.894,0.968,0.964,0.541,0.949,0.806,0.067,0.971,0.964,0.965,0.067,0.969,0.914,0.907,0.968,0.48,0.699,0.107,0.494,0.066,0.921,0.045,0.964,0.809,0.086,0.991,0.842,0.967,0.877,0.943,0.776,0.896,0.696,0.91,0.966,0.818,0.753,0.945,0.926,0.969,0.833
33,0.858,0.161,1.0,0.085,0.086,0.866,0.082,0.073,0.072,0.392,0.071,0.119,0.04,0.083,0.09,0.109,0.655,0.731,0.855,0.089,0.852,0.099,0.408,0.096,0.038,0.198,0.095,0.1,0.456,0.689,0.413,0.12,0.064,1.0,0.069,0.61,0.054,0.062,0.095,0.1,0.04,0.555,0.07,0.075,0.079,0.069,0.199,0.035,0.082,0.101,0.648,0.083,0.031,0.469,0.03,0.18,0.085,0.808,0.06,0.078,0.068,0.045,0.52,0.045,0.077,0.651,0.039,0.076,0.069,0.768,0.059,0.077,0.048,0.065,0.147,0.032,0.634,0.139,0.709,0.114,0.471,0.09,0.063,1.0,0.076,0.101,0.099,0.176,0.074,0.39,0.27,0.038,0.054,0.059,0.115,0.083,0.044,0.264,0.097,0.075
34,0.071,0.809,0.081,0.88,0.985,0.085,0.827,0.953,0.811,0.624,0.971,0.704,0.672,0.942,0.943,0.977,0.064,0.06,0.086,0.984,0.082,0.888,0.432,0.833,0.746,0.932,0.987,0.834,0.075,0.067,0.652,0.882,1.0,0.069,1.0,0.284,0.972,0.992,0.854,0.839,0.78,0.06,0.816,0.817,0.994,0.96,0.933,0.954,0.972,0.981,0.283,0.875,0.621,0.674,0.952,0.791,0.95,0.094,0.98,0.884,0.984,0.979,0.522,0.941,0.81,0.062,0.975,0.982,0.98,0.051,0.983,0.944,0.931,0.978,0.486,0.726,0.076,0.486,0.061,0.928,0.044,0.972,0.819,0.078,0.992,0.846,0.98,0.861,0.974,0.764,0.887,0.675,0.905,0.964,0.857,0.745,0.958,0.928,0.965,0.825
35,0.522,0.467,0.618,0.378,0.327,0.556,0.373,0.379,0.384,0.754,0.31,0.335,0.306,0.348,0.369,0.37,0.468,0.422,0.559,0.372,0.573,0.325,0.215,0.434,0.331,0.495,0.337,0.441,0.273,0.438,0.717,0.352,0.311,0.61,0.284,1.0,0.299,0.282,0.461,0.456,0.318,0.449,0.392,0.343,0.288,0.347,0.475,0.24,0.374,0.294,0.882,0.34,0.253,0.73,0.264,0.426,0.353,0.476,0.29,0.41,0.313,0.298,0.58,0.354,0.371,0.455,0.277,0.351,0.289,0.51,0.353,0.353,0.339,0.33,0.342,0.253,0.599,0.507,0.485,0.459,0.507,0.348,0.353,0.601,0.323,0.452,0.312,0.47,0.31,0.662,0.561,0.306,0.296,0.339,0.417,0.322,0.289,0.547,0.334,0.301
36,0.057,0.716,0.056,0.879,0.967,0.057,0.822,0.928,0.829,0.58,0.943,0.654,0.679,0.936,0.88,0.964,0.05,0.046,0.07,0.972,0.056,0.861,0.377,0.845,0.794,0.921,0.988,0.84,0.077,0.047,0.59,0.889,0.979,0.054,0.972,0.299,1.0,0.959,0.824,0.816,0.763,0.048,0.828,0.777,0.975,0.98,0.931,0.938,0.981,0.992,0.265,0.854,0.587,0.609,0.955,0.7,0.886,0.06,0.993,0.833,0.979,0.982,0.505,0.951,0.784,0.055,0.977,0.936,0.966,0.045,0.993,0.907,0.908,0.952,0.438,0.721,0.066,0.486,0.04,0.926,0.043,0.991,0.859,0.072,0.991,0.837,0.993,0.899,0.963,0.742,0.869,0.686,0.917,0.974,0.815,0.758,0.938,0.892,0.927,0.825
37,0.043,0.819,0.056,0.848,0.982,0.065,0.823,0.953,0.814,0.654,0.983,0.68,0.718,0.917,0.911,0.96,0.055,0.042,0.068,0.951,0.056,0.875,0.372,0.824,0.785,0.905,0.97,0.861,0.047,0.051,0.594,0.851,0.993,0.062,0.992,0.282,0.959,1.0,0.83,0.803,0.78,0.044,0.831,0.788,0.985,0.953,0.893,0.966,0.959,0.967,0.256,0.852,0.653,0.636,0.952,0.805,0.936,0.067,0.961,0.897,0.97,0.975,0.477,0.956,0.837,0.049,0.973,0.969,0.972,0.055,0.971,0.927,0.922,0.973,0.47,0.763,0.052,0.483,0.055,0.893,0.029,0.952,0.834,0.06,0.97,0.821,0.944,0.845,0.943,0.749,0.845,0.72,0.897,0.95,0.838,0.757,0.963,0.9,0.983,0.798
38,0.102,0.869,0.093,0.978,0.917,0.114,0.712,0.94,0.794,0.696,0.816,0.64,0.572,0.912,0.84,0.907,0.089,0.072,0.107,0.912,0.107,0.929,0.384,1.0,0.694,0.863,0.879,0.816,0.081,0.095,0.716,0.958,0.842,0.095,0.854,0.461,0.824,0.83,1.0,1.0,0.689,0.089,0.792,0.991,0.795,0.901,0.852,0.811,0.879,0.847,0.291,0.967,0.472,0.709,0.815,0.863,0.909,0.084,0.871,0.793,0.89,0.858,0.539,0.855,0.698,0.093,0.868,0.923,0.892,0.08,0.874,0.872,0.907,0.918,0.602,0.524,0.11,0.488,0.088,0.938,0.053,0.886,0.776,0.101,0.83,1.0,0.867,0.893,0.874,0.701,0.884,0.544,0.703,0.907,1.0,0.569,0.839,0.836,0.871,0.966
39,0.084,0.856,0.109,0.982,0.918,0.088,0.693,0.938,0.764,0.658,0.821,0.642,0.549,0.929,0.867,0.886,0.077,0.079,0.102,0.924,0.115,0.948,0.367,1.0,0.702,0.847,0.875,0.822,0.089,0.087,0.686,0.944,0.822,0.1,0.839,0.456,0.816,0.803,1.0,1.0,0.673,0.09,0.77,0.989,0.801,0.894,0.859,0.822,0.894,0.827,0.33,0.973,0.491,0.698,0.799,0.87,0.907,0.098,0.861,0.781,0.918,0.876,0.518,0.864,0.702,0.094,0.855,0.923,0.894,0.1,0.884,0.851,0.908,0.911,0.572,0.536,0.116,0.484,0.1,0.94,0.062,0.879,0.743,0.095,0.817,1.0,0.847,0.905,0.892,0.693,0.889,0.573,0.711,0.873,1.0,0.552,0.844,0.829,0.835,0.966
40,0.03,0.603,0.033,0.74,0.781,0.023,0.971,0.826,0.959,0.566,0.824,0.431,0.979,0.72,0.855,0.821,0.02,0.018,0.027,0.713,0.031,0.588,0.137,0.677,1.0,0.726,0.771,0.926,0.021,0.025,0.579,0.571,0.771,0.04,0.78,0.318,0.763,0.78,0.689,0.673,1.0,0.013,0.96,0.661,0.731,0.795,0.719,0.883,0.816,0.722,0.24,0.644,0.908,0.562,0.877,0.594,0.72,0.023,0.774,0.933,0.761,0.816,0.219,0.908,0.971,0.015,0.786,0.78,0.695,0.025,0.787,0.866,0.889,0.817,0.183,0.927,0.027,0.789,0.017,0.855,0.033,0.794,0.969,0.038,0.738,0.663,0.733,0.629,0.663,0.654,0.684,0.977,0.919,0.838,0.666,0.957,0.908,0.749,0.809,0.589
41,0.823,0.211,0.531,0.064,0.074,0.692,0.051,0.073,0.015,0.404,0.061,0.122,0.009,0.055,0.03,0.088,0.921,0.837,0.786,0.094,0.787,0.081,0.357,0.083,0.012,0.169,0.076,0.072,0.383,0.928,0.383,0.07,0.053,0.555,0.06,0.449,0.048,0.044,0.089,0.09,0.013,1.0,0.028,0.048,0.049,0.068,0.18,0.021,0.059,0.067,0.543,0.072,0.015,0.441,0.021,0.195,0.071,0.805,0.052,0.057,0.062,0.023,0.561,0.033,0.043,0.972,0.02,0.065,0.061,0.868,0.076,0.039,0.023,0.042,0.25,0.019,0.796,0.101,0.897,0.067,0.156,0.079,0.022,0.538,0.081,0.082,0.071,0.211,0.078,0.296,0.198,0.007,0.036,0.057,0.086,0.029,0.032,0.194,0.066,0.054
42,0.042,0.596,0.066,0.845,0.841,0.056,0.927,0.869,1.0,0.615,0.828,0.485,0.933,0.818,0.903,0.904,0.035,0.03,0.064,0.804,0.045,0.7,0.188,0.769,0.957,0.815,0.834,0.912,0.046,0.035,0.597,0.703,0.807,0.07,0.816,0.392,0.828,0.831,0.792,0.77,0.96,0.028,1.0,0.756,0.806,0.863,0.822,0.87,0.869,0.812,0.308,0.729,0.784,0.633,0.885,0.627,0.761,0.054,0.854,0.896,0.841,0.866,0.342,0.922,0.934,0.031,0.889,0.827,0.768,0.03,0.866,0.919,0.909,0.885,0.263,0.866,0.055,0.736,0.037,0.934,0.079,0.887,0.999,0.062,0.808,0.775,0.821,0.757,0.745,0.704,0.805,0.922,0.927,0.851,0.784,0.923,0.901,0.807,0.816,0.646
43,0.055,0.874,0.06,0.975,0.883,0.071,0.648,0.907,0.727,0.62,0.831,0.624,0.541,0.926,0.853,0.853,0.055,0.047,0.068,0.896,0.055,0.942,0.336,0.991,0.659,0.781,0.839,0.772,0.065,0.051,0.573,0.94,0.801,0.075,0.817,0.343,0.777,0.788,0.991,0.989,0.661,0.048,0.756,1.0,0.777,0.865,0.78,0.798,0.85,0.777,0.228,0.961,0.454,0.621,0.772,0.856,0.897,0.052,0.834,0.789,0.866,0.858,0.451,0.823,0.651,0.065,0.848,0.908,0.89,0.059,0.831,0.851,0.899,0.883,0.596,0.484,0.064,0.399,0.044,0.903,0.027,0.812,0.756,0.076,0.789,0.987,0.802,0.819,0.868,0.632,0.824,0.524,0.64,0.863,0.98,0.519,0.838,0.763,0.834,0.974
44,0.062,0.769,0.082,0.83,0.965,0.072,0.789,0.934,0.782,0.602,0.948,0.684,0.677,0.914,0.895,0.954,0.057,0.061,0.071,0.953,0.066,0.888,0.454,0.803,0.737,0.91,0.973,0.815,0.074,0.053,0.621,0.875,0.997,0.079,0.994,0.288,0.975,0.985,0.795,0.801,0.731,0.049,0.806,0.777,1.0,0.947,0.921,0.94,0.961,0.987,0.247,0.834,0.592,0.613,0.933,0.779,0.909,0.071,0.981,0.84,0.972,0.954,0.509,0.925,0.812,0.065,0.962,0.951,0.965,0.06,0.968,0.901,0.882,0.947,0.466,0.709,0.06,0.471,0.053,0.898,0.044,0.975,0.78,0.064,0.993,0.802,0.981,0.865,0.958,0.752,0.875,0.669,0.898,0.95,0.814,0.728,0.919,0.894,0.944,0.8
45,0.104,0.817,0.061,0.926,0.984,0.066,0.86,0.973,0.884,0.655,0.946,0.634,0.726,0.944,0.911,0.994,0.053,0.04,0.086,0.988,0.067,0.89,0.329,0.906,0.825,0.928,0.983,0.907,0.091,0.06,0.66,0.885,0.966,0.069,0.96,0.347,0.98,0.953,0.901,0.894,0.795,0.068,0.863,0.865,0.947,1.0,0.924,0.967,0.978,0.965,0.305,0.887,0.652,0.676,0.963,0.803,0.916,0.081,0.981,0.854,0.998,0.965,0.486,0.976,0.849,0.067,0.966,0.98,0.967,0.073,0.985,0.899,0.925,0.966,0.471,0.74,0.077,0.542,0.078,0.94,0.042,0.987,0.865,0.066,0.965,0.903,0.973,0.917,0.962,0.773,0.901,0.698,0.878,1.0,0.909,0.773,0.946,0.925,0.921,0.879
46,0.194,0.779,0.2,0.871,0.95,0.228,0.773,0.879,0.82,0.763,0.894,0.712,0.628,0.924,0.852,0.954,0.174,0.173,0.219,0.947,0.217,0.854,0.5,0.842,0.697,1.0,0.964,0.817,0.196,0.185,0.755,0.897,0.912,0.199,0.933,0.475,0.931,0.893,0.852,0.859,0.719,0.18,0.822,0.78,0.921,0.924,1.0,0.83,0.97,0.939,0.482,0.84,0.553,0.834,0.842,0.807,0.888,0.215,0.939,0.82,0.929,0.902,0.698,0.88,0.767,0.193,0.887,0.916,0.935,0.188,0.947,0.869,0.866,0.914,0.511,0.648,0.248,0.537,0.166,0.938,0.133,0.947,0.774,0.176,0.941,0.86,0.966,0.97,0.944,0.895,0.98,0.633,0.848,0.925,0.872,0.728,0.852,0.979,0.879,0.831
47,0.023,0.774,0.026,0.844,0.937,0.034,0.907,0.97,0.874,0.595,0.974,0.584,0.811,0.895,0.904,0.957,0.021,0.024,0.024,0.923,0.031,0.797,0.286,0.797,0.87,0.844,0.925,0.905,0.021,0.018,0.546,0.771,0.954,0.035,0.954,0.24,0.938,0.966,0.811,0.822,0.883,0.021,0.87,0.798,0.94,0.967,0.83,1.0,0.922,0.92,0.21,0.808,0.769,0.58,0.995,0.775,0.916,0.025,0.954,0.932,0.964,0.956,0.375,0.982,0.896,0.02,0.951,0.946,0.91,0.027,0.931,0.904,0.951,0.946,0.378,0.849,0.021,0.559,0.019,0.891,0.011,0.929,0.877,0.03,0.916,0.827,0.903,0.756,0.878,0.69,0.798,0.818,0.922,0.946,0.816,0.815,0.992,0.821,0.963,0.783
48,0.094,0.772,0.077,0.918,0.976,0.1,0.833,0.949,0.871,0.641,0.934,0.636,0.707,0.96,0.909,0.988,0.079,0.073,0.1,0.981,0.082,0.894,0.369,0.894,0.794,0.95,0.992,0.865,0.098,0.087,0.651,0.9,0.975,0.082,0.972,0.374,0.981,0.959,0.879,0.894,0.816,0.059,0.869,0.85,0.961,0.978,0.97,0.922,1.0,0.981,0.342,0.889,0.601,0.681,0.95,0.755,0.904,0.098,0.998,0.844,0.988,0.976,0.509,0.949,0.821,0.082,0.972,0.957,0.972,0.085,0.995,0.904,0.939,0.982,0.47,0.695,0.108,0.539,0.075,0.955,0.075,1.0,0.865,0.073,0.985,0.876,0.994,0.939,0.974,0.775,0.927,0.719,0.907,0.985,0.884,0.776,0.928,0.925,0.921,0.852
49,0.094,0.778,0.086,0.883,0.972,0.095,0.761,0.922,0.794,0.602,0.948,0.67,0.657,0.935,0.9,0.963,0.073,0.067,0.09,0.977,0.087,0.896,0.423,0.851,0.728,0.931,0.998,0.815,0.082,0.055,0.584,0.893,0.992,0.101,0.981,0.294,0.992,0.967,0.847,0.827,0.722,0.067,0.812,0.777,0.987,0.965,0.939,0.92,0.981,1.0,0.279,0.863,0.579,0.642,0.925,0.771,0.894,0.098,0.993,0.833,0.982,0.974,0.543,0.929,0.783,0.091,0.964,0.951,0.974,0.073,0.993,0.88,0.887,0.955,0.495,0.686,0.077,0.459,0.077,0.906,0.056,0.99,0.823,0.091,1.0,0.839,0.998,0.907,0.979,0.775,0.885,0.642,0.878,0.956,0.826,0.751,0.885,0.924,0.931,0.854
50,0.64,0.349,0.644,0.285,0.303,0.676,0.336,0.33,0.321,0.734,0.298,0.273,0.241,0.264,0.247,0.365,0.55,0.481,0.645,0.328,0.642,0.252,0.256,0.322,0.244,0.483,0.307,0.4,0.38,0.522,0.741,0.261,0.279,0.648,0.283,0.882,0.265,0.256,0.291,0.33,0.24,0.543,0.308,0.228,0.247,0.305,0.482,0.21,0.342,0.279,1.0,0.238,0.245,0.744,0.233,0.351,0.242,0.581,0.255,0.349,0.309,0.229,0.603,0.307,0.402,0.53,0.229,0.305,0.278,0.573,0.29,0.284,0.24,0.289,0.261,0.245,0.775,0.541,0.627,0.332,0.659,0.314,0.289,0.635,0.289,0.309,0.301,0.441,0.289,0.692,0.502,0.26,0.321,0.31,0.316,0.33,0.259,0.558,0.306,0.227
51,0.083,0.804,0.083,0.982,0.921,0.064,0.613,0.892,0.737,0.568,0.831,0.697,0.512,0.968,0.857,0.878,0.059,0.067,0.089,0.936,0.068,0.993,0.446,0.957,0.612,0.864,0.909,0.734,0.086,0.06,0.563,0.991,0.842,0.083,0.875,0.34,0.854,0.852,0.967,0.973,0.644,0.072,0.729,0.961,0.834,0.887,0.84,0.808,0.889,0.863,0.238,1.0,0.398,0.616,0.799,0.801,0.912,0.076,0.894,0.727,0.898,0.91,0.54,0.86,0.639,0.067,0.91,0.915,0.932,0.077,0.897,0.861,0.903,0.915,0.628,0.47,0.074,0.389,0.057,0.935,0.047,0.902,0.756,0.091,0.881,0.963,0.876,0.888,0.924,0.621,0.878,0.505,0.712,0.896,0.957,0.533,0.824,0.785,0.844,0.992
52,0.026,0.476,0.032,0.498,0.638,0.038,0.917,0.656,0.776,0.524,0.729,0.284,0.901,0.504,0.692,0.695,0.029,0.016,0.018,0.575,0.029,0.363,0.093,0.463,0.921,0.574,0.576,0.878,0.015,0.024,0.54,0.381,0.635,0.031,0.621,0.253,0.587,0.653,0.472,0.491,0.908,0.015,0.784,0.454,0.592,0.652,0.553,0.769,0.601,0.579,0.245,0.398,1.0,0.482,0.768,0.481,0.551,0.025,0.589,0.847,0.637,0.589,0.191,0.738,0.935,0.025,0.598,0.638,0.515,0.032,0.582,0.671,0.678,0.666,0.097,0.965,0.037,0.796,0.017,0.613,0.034,0.59,0.779,0.042,0.591,0.474,0.552,0.439,0.459,0.62,0.549,0.922,0.797,0.658,0.47,0.919,0.781,0.639,0.681,0.382
53,0.474,0.772,0.436,0.649,0.707,0.46,0.679,0.707,0.627,0.979,0.68,0.561,0.482,0.66,0.667,0.77,0.45,0.418,0.498,0.692,0.505,0.624,0.547,0.698,0.547,0.816,0.689,0.752,0.264,0.412,0.98,0.578,0.648,0.469,0.674,0.73,0.609,0.636,0.709,0.698,0.562,0.441,0.633,0.621,0.613,0.676,0.834,0.58,0.681,0.642,0.744,0.616,0.482,1.0,0.581,0.748,0.725,0.482,0.641,0.724,0.657,0.58,0.839,0.662,0.679,0.44,0.608,0.677,0.669,0.44,0.663,0.658,0.652,0.667,0.408,0.502,0.449,0.627,0.456,0.73,0.216,0.673,0.617,0.458,0.655,0.671,0.673,0.756,0.663,0.959,0.847,0.495,0.617,0.705,0.686,0.593,0.652,0.856,0.734,0.583
54,0.034,0.72,0.031,0.857,0.932,0.022,0.89,0.947,0.885,0.542,0.96,0.548,0.836,0.876,0.928,0.966,0.024,0.025,0.017,0.916,0.017,0.791,0.263,0.804,0.909,0.838,0.928,0.909,0.02,0.026,0.557,0.814,0.948,0.03,0.952,0.264,0.955,0.952,0.815,0.799,0.877,0.021,0.885,0.772,0.933,0.963,0.842,0.995,0.95,0.925,0.233,0.799,0.768,0.581,1.0,0.719,0.878,0.024,0.971,0.913,0.957,0.962,0.355,0.995,0.909,0.034,0.952,0.934,0.901,0.022,0.958,0.922,0.944,0.956,0.363,0.864,0.023,0.612,0.024,0.905,0.02,0.951,0.904,0.023,0.933,0.802,0.906,0.773,0.874,0.702,0.804,0.828,0.935,0.958,0.812,0.84,0.992,0.844,0.936,0.77
55,0.209,1.0,0.172,0.803,0.858,0.192,0.676,0.892,0.626,0.776,0.821,0.672,0.466,0.786,0.777,0.815,0.187,0.185,0.199,0.859,0.223,0.81,0.512,0.847,0.571,0.789,0.798,0.82,0.098,0.196,0.744,0.818,0.815,0.18,0.791,0.426,0.7,0.805,0.863,0.87,0.594,0.195,0.627,0.856,0.779,0.803,0.807,0.775,0.755,0.771,0.351,0.801,0.481,0.748,0.719,1.0,0.911,0.21,0.762,0.814,0.804,0.745,0.655,0.763,0.668,0.189,0.725,0.87,0.834,0.24,0.787,0.781,0.802,0.827,0.669,0.512,0.169,0.431,0.201,0.83,0.04,0.765,0.6,0.172,0.77,0.857,0.748,0.805,0.764,0.731,0.818,0.515,0.614,0.818,0.863,0.51,0.774,0.849,0.87,0.805
56,0.09,0.899,0.09,0.901,0.96,0.091,0.755,0.963,0.774,0.718,0.943,0.71,0.65,0.914,0.93,0.944,0.08,0.086,0.104,0.941,0.101,0.895,0.497,0.905,0.714,0.882,0.931,0.876,0.067,0.051,0.709,0.895,0.928,0.085,0.95,0.353,0.886,0.936,0.909,0.907,0.72,0.071,0.761,0.897,0.909,0.916,0.888,0.916,0.904,0.894,0.242,0.912,0.551,0.725,0.878,0.911,1.0,0.08,0.902,0.887,0.917,0.927,0.582,0.933,0.771,0.072,0.935,0.97,0.924,0.085,0.901,0.941,0.904,0.964,0.551,0.651,0.077,0.459,0.079,0.922,0.036,0.906,0.789,0.08,0.89,0.887,0.881,0.834,0.879,0.739,0.899,0.643,0.79,0.918,0.917,0.649,0.916,0.9,0.971,0.874
57,0.965,0.213,0.807,0.076,0.103,0.936,0.055,0.071,0.032,0.426,0.07,0.138,0.027,0.07,0.059,0.094,0.902,0.961,0.99,0.09,0.942,0.083,0.559,0.114,0.017,0.225,0.086,0.072,0.597,0.912,0.393,0.097,0.081,0.808,0.094,0.476,0.06,0.067,0.084,0.098,0.023,0.805,0.054,0.052,0.071,0.081,0.215,0.025,0.098,0.098,0.581,0.076,0.025,0.482,0.024,0.21,0.08,1.0,0.053,0.073,0.067,0.044,0.613,0.04,0.062,0.914,0.033,0.081,0.074,0.971,0.071,0.048,0.036,0.052,0.119,0.03,0.781,0.103,0.952,0.085,0.267,0.09,0.05,0.797,0.102,0.1,0.092,0.238,0.094,0.383,0.241,0.03,0.04,0.084,0.092,0.033,0.039,0.232,0.08,0.075
58,0.054,0.752,0.058,0.925,0.982,0.056,0.818,0.947,0.83,0.588,0.947,0.648,0.711,0.954,0.914,0.98,0.044,0.047,0.056,0.983,0.061,0.895,0.344,0.867,0.817,0.925,0.992,0.858,0.078,0.05,0.605,0.871,0.983,0.06,0.98,0.29,0.993,0.961,0.871,0.861,0.774,0.052,0.854,0.834,0.981,0.981,0.939,0.954,0.998,0.993,0.255,0.894,0.589,0.641,0.971,0.762,0.902,0.053,1.0,0.845,0.99,0.983,0.477,0.955,0.836,0.052,0.981,0.972,0.978,0.056,0.997,0.904,0.924,0.968,0.443,0.714,0.076,0.521,0.044,0.929,0.05,0.994,0.853,0.064,0.992,0.847,0.99,0.915,0.966,0.736,0.901,0.696,0.928,0.988,0.871,0.767,0.951,0.895,0.93,0.86
59,0.083,0.823,0.092,0.785,0.911,0.101,0.957,0.922,0.886,0.735,0.947,0.583,0.874,0.798,0.891,0.934,0.075,0.057,0.095,0.866,0.089,0.71,0.251,0.826,0.93,0.802,0.86,0.997,0.039,0.076,0.752,0.721,0.894,0.078,0.884,0.41,0.833,0.897,0.793,0.781,0.933,0.057,0.896,0.789,0.84,0.854,0.82,0.932,0.844,0.833,0.349,0.727,0.847,0.724,0.913,0.814,0.887,0.073,0.845,1.0,0.858,0.86,0.421,0.943,0.978,0.073,0.859,0.914,0.82,0.086,0.861,0.927,0.929,0.915,0.359,0.883,0.09,0.743,0.078,0.898,0.05,0.855,0.899,0.079,0.835,0.792,0.841,0.743,0.802,0.799,0.839,0.884,0.889,0.891,0.817,0.886,0.963,0.871,0.929,0.702
60,0.079,0.827,0.076,0.914,0.984,0.085,0.84,0.97,0.821,0.661,0.96,0.622,0.684,0.952,0.909,0.989,0.051,0.068,0.071,0.989,0.083,0.889,0.379,0.9,0.787,0.918,0.991,0.886,0.076,0.072,0.641,0.911,0.968,0.068,0.984,0.313,0.979,0.97,0.89,0.918,0.761,0.062,0.841,0.866,0.972,0.998,0.929,0.964,0.988,0.982,0.309,0.898,0.637,0.657,0.957,0.804,0.917,0.067,0.99,0.858,1.0,0.977,0.511,0.976,0.813,0.067,0.983,0.985,0.972,0.065,0.989,0.91,0.934,0.973,0.466,0.732,0.094,0.536,0.079,0.926,0.041,0.975,0.852,0.092,0.982,0.879,0.978,0.902,0.965,0.777,0.891,0.689,0.873,0.998,0.889,0.768,0.953,0.918,0.933,0.878
61,0.031,0.743,0.049,0.936,0.974,0.037,0.82,0.936,0.875,0.58,0.946,0.673,0.694,0.975,0.954,0.967,0.029,0.04,0.039,0.974,0.035,0.897,0.369,0.884,0.797,0.902,0.98,0.849,0.041,0.024,0.589,0.899,0.964,0.045,0.979,0.298,0.982,0.975,0.858,0.876,0.816,0.023,0.866,0.858,0.954,0.965,0.902,0.956,0.976,0.974,0.229,0.91,0.589,0.58,0.962,0.745,0.927,0.044,0.983,0.86,0.977,1.0,0.44,0.95,0.822,0.037,1.0,0.957,0.98,0.031,0.975,0.942,0.96,0.976,0.466,0.704,0.04,0.507,0.028,0.957,0.026,0.968,0.88,0.048,0.96,0.863,0.964,0.855,0.971,0.68,0.863,0.714,0.897,0.958,0.882,0.752,0.95,0.869,0.927,0.877
62,0.627,0.598,0.581,0.492,0.536,0.644,0.365,0.496,0.336,0.771,0.503,0.606,0.188,0.511,0.477,0.517,0.579,0.575,0.639,0.553,0.621,0.542,0.808,0.519,0.225,0.683,0.544,0.433,0.413,0.58,0.784,0.532,0.541,0.52,0.522,0.58,0.505,0.477,0.539,0.518,0.219,0.561,0.342,0.451,0.509,0.486,0.698,0.375,0.509,0.543,0.603,0.54,0.191,0.839,0.355,0.655,0.582,0.613,0.477,0.421,0.511,0.44,1.0,0.421,0.387,0.601,0.441,0.523,0.56,0.627,0.53,0.452,0.429,0.492,0.514,0.241,0.556,0.275,0.585,0.518,0.209,0.485,0.329,0.556,0.548,0.48,0.554,0.696,0.517,0.757,0.691,0.227,0.37,0.461,0.512,0.276,0.373,0.686,0.522,0.46
63,0.038,0.796,0.044,0.886,0.967,0.06,0.912,0.971,0.934,0.651,0.97,0.587,0.826,0.905,0.935,0.983,0.035,0.041,0.048,0.948,0.047,0.823,0.285,0.847,0.896,0.876,0.945,0.944,0.034,0.046,0.675,0.816,0.949,0.045,0.941,0.354,0.951,0.956,0.855,0.864,0.908,0.033,0.922,0.823,0.925,0.976,0.88,0.982,0.949,0.929,0.307,0.86,0.738,0.662,0.995,0.763,0.933,0.04,0.955,0.943,0.976,0.95,0.421,1.0,0.929,0.037,0.957,0.953,0.924,0.049,0.954,0.937,0.973,0.97,0.383,0.855,0.057,0.642,0.057,0.938,0.023,0.965,0.914,0.054,0.923,0.869,0.93,0.838,0.901,0.776,0.858,0.807,0.927,0.981,0.852,0.849,0.996,0.895,0.959,0.813
64,0.066,0.637,0.08,0.742,0.819,0.078,1.0,0.851,0.933,0.67,0.898,0.474,0.936,0.706,0.844,0.877,0.055,0.035,0.065,0.773,0.064,0.586,0.195,0.692,0.975,0.773,0.793,0.965,0.052,0.039,0.703,0.575,0.806,0.077,0.81,0.371,0.784,0.837,0.698,0.702,0.971,0.043,0.934,0.651,0.812,0.849,0.767,0.896,0.821,0.783,0.402,0.639,0.935,0.679,0.909,0.668,0.771,0.062,0.836,0.978,0.813,0.822,0.387,0.929,1.0,0.046,0.807,0.837,0.749,0.07,0.807,0.854,0.889,0.85,0.26,0.962,0.074,0.863,0.059,0.83,0.071,0.85,0.917,0.085,0.79,0.714,0.772,0.67,0.712,0.794,0.766,0.936,0.929,0.843,0.703,0.972,0.917,0.83,0.859,0.599
65,0.928,0.203,0.6,0.066,0.069,0.777,0.049,0.074,0.014,0.407,0.061,0.118,0.018,0.046,0.047,0.081,0.968,0.93,0.894,0.074,0.884,0.083,0.503,0.108,0.015,0.174,0.076,0.066,0.45,0.975,0.39,0.083,0.067,0.651,0.062,0.455,0.055,0.049,0.093,0.094,0.015,0.972,0.031,0.065,0.065,0.067,0.193,0.02,0.082,0.091,0.53,0.067,0.025,0.44,0.034,0.189,0.072,0.914,0.052,0.073,0.067,0.037,0.601,0.037,0.046,1.0,0.043,0.08,0.075,0.943,0.076,0.045,0.033,0.054,0.192,0.024,0.801,0.102,0.959,0.08,0.17,0.08,0.028,0.64,0.081,0.099,0.084,0.225,0.056,0.283,0.209,0.014,0.041,0.091,0.078,0.042,0.036,0.204,0.077,0.048
66,0.042,0.759,0.035,0.918,0.975,0.042,0.831,0.937,0.853,0.586,0.94,0.666,0.701,0.975,0.94,0.964,0.031,0.032,0.037,0.964,0.032,0.911,0.323,0.884,0.802,0.915,0.965,0.866,0.05,0.023,0.578,0.921,0.971,0.039,0.975,0.277,0.977,0.973,0.868,0.855,0.786,0.02,0.889,0.848,0.962,0.966,0.887,0.951,0.972,0.964,0.229,0.91,0.598,0.608,0.952,0.725,0.935,0.033,0.981,0.859,0.983,1.0,0.441,0.957,0.807,0.043,1.0,0.953,0.961,0.04,0.976,0.949,0.954,0.984,0.493,0.683,0.032,0.491,0.036,0.957,0.031,0.966,0.883,0.049,0.971,0.86,0.96,0.862,0.96,0.695,0.87,0.71,0.888,0.976,0.871,0.763,0.951,0.88,0.931,0.885
