,0,1,2,3,4,5,6,7,8,9,10,11,12,13,14,15,16,17,18,19,20,21,22,23,24,25,26,27,28,29,30,31,32,33,34,35,36,37,38,39,40,41,42,43,44,45,46,47,48,49,50,51,52,53,54,55,56,57,58,59,60,61,62,63,64,65,66,67,68,69,70,71,72,73,74,75,76,77,78,79,80,81,82,83,84,85,86,87,88,89,90,91,92,93,94,95,96,97,98,99
0,1.0,0.0044,0.0006,0.0014,0.0082,0.0062,0.0142,0.0012,0.0958,0.0084,0.0036,0.006,0.0,0.3582,0.0046,0.0002,0.009,0.0006,0.0044,0.0,0.004,0.0012,0.003,0.0008,0.1726,0.0034,0.0006,0.0018,0.002,0.016,0.0084,0.0004,0.006,0.003,0.0056,0.0322,0.0032,0.0026,0.0004,0.0042,0.3416,0.0,0.0092,0.0044,0.0026,0.0052,0.0074,0.0034,0.0068,0.0044,0.0052,0.001,0.0026,0.0098,0.0008,0.0156,0.0066,0.006,0.0152,0.0052,0.0026,0.073,0.4798,0.4854,0.004,0.0064,0.006,0.004,0.0034,0.0006,0.0068,0.007,0.0008,0.302,0.0024,0.0018,0.0064,0.0036,0.0012,0.0052,0.0046,0.014,0.0112,0.2292,0.0034,0.001,0.0014,0.0102,0.0016,0.0098,0.0106,0.0,0.0006,0.0016,0.0016,0.0002,0.0192,0.0056,0.0052,0.323
1,0.0044,1.0,0.0634,0.0094,0.0076,0.0016,0.016,0.0,0.0002,0.0,0.0028,0.0012,0.0004,0.0004,0.0054,0.0036,0.0096,0.002,0.0002,0.0018,0.0008,0.0008,0.0058,0.0004,0.0006,0.0018,0.0014,0.0022,0.0006,0.0056,0.0064,0.0024,0.0718,0.0004,0.0024,0.001,0.0014,0.0152,0.0924,0.0028,0.0016,0.0032,0.003,0.0018,0.0002,0.0048,0.0086,0.8298,0.0022,0.0014,0.0006,0.0006,0.0048,0.0048,0.0118,0.062,0.0036,0.0008,0.0156,0.0046,0.002,0.0028,0.001,0.0016,0.004,0.0062,0.0036,0.009,0.0012,0.004,0.0004,0.5546,0.003,0.0022,0.1142,0.0132,0.0,0.0158,0.2068,0.0012,0.4368,0.0072,0.001,0.0062,0.0002,0.0062,0.4094,0.0334,0.0092,0.004,0.3166,0.0,0.2,0.278,0.0078,0.001,0.0084,0.0052,0.009,0.0028
2,0.0006,0.0634,1.0,0.0004,0.0004,0.004,0.0776,0.002,0.0038,0.006,0.006,0.0,0.0022,0.0028,0.0046,0.0094,0.0102,0.0024,0.0002,0.0092,0.0064,0.0026,0.0048,0.0018,0.0002,0.0014,0.0024,0.0864,0.0032,0.0042,0.006,0.0034,0.0706,0.003,0.0042,0.0022,0.0108,0.0008,0.4118,0.004,0.0022,0.0094,0.0006,0.009,0.0044,0.0008,0.0004,0.0858,0.0012,0.0026,0.0102,0.0014,0.0022,0.0012,0.0014,0.1128,0.0056,0.0132,0.0672,0.0056,0.0134,0.0008,0.0022,0.0018,0.0046,0.0034,0.001,0.0032,0.0136,0.0002,0.0014,0.2812,0.0058,0.0038,0.1476,0.0106,0.0116,0.0026,0.0978,0.0038,0.307,0.0026,0.0002,0.0046,0.0114,0.005,0.1204,0.126,0.006,0.0204,0.0716,0.0104,0.0908,0.0096,0.007,0.006,0.0044,0.0008,0.0006,0.0022
3,0.0014,0.0094,0.0004,1.0,0.0106,0.009,0.0042,0.0048,0.0046,0.0006,0.0042,0.0014,0.01,0.0006,0.0018,0.0082,0.0,0.0006,0.0054,0.0092,0.001,0.0168,0.0052,0.0,0.0014,0.0008,0.0154,0.004,0.0008,0.001,0.001,0.007,0.003,0.0014,0.001,0.002,0.0022,1.0,0.0022,0.002,0.0012,0.003,0.004,0.0292,0.0044,0.0112,0.0102,0.0064,0.0022,0.0008,0.005,0.0038,0.7058,0.0044,0.0022,0.0018,0.0008,0.0046,0.0048,0.0052,0.0012,0.0066,0.0004,0.0012,0.005,0.0008,0.003,0.0008,0.0008,0.0112,0.0016,0.0066,0.001,0.0008,0.0006,0.2862,0.0012,0.0006,0.0002,0.0016,0.0048,0.0084,0.0006,0.0078,0.0012,0.0044,0.0004,0.004,0.006,0.0002,0.0134,0.008,0.0008,0.0002,0.0114,0.0096,0.0096,0.0028,0.0022,0.0002
4,0.0082,0.0076,0.0004,0.0106,1.0,0.0084,0.001,0.0076,0.004,0.0106,0.0012,0.003,0.0066,0.0062,0.0046,0.0026,0.0008,0.0,0.0196,0.001,0.0062,0.0128,0.004,0.0068,0.0074,0.0088,0.0132,0.0094,0.0018,0.006,0.0154,0.0046,0.0004,0.0102,0.0102,0.0122,0.0006,0.0128,0.0002,0.0008,0.0058,0.0024,0.0004,0.0006,0.0076,0.0038,0.0006,0.0016,0.0044,0.0014,0.002,0.0134,0.002,0.0008,0.0004,0.052,0.0,0.0008,0.0014,0.007,0.0012,0.0052,0.0092,0.0066,0.002,0.0006,0.0046,0.012,0.0012,0.0032,0.0066,0.0002,0.002,0.004,0.0002,0.0016,0.0006,0.0118,0.0008,0.0072,0.0002,0.0042,0.0178,0.0014,0.0016,0.0052,0.0,0.0018,0.0006,0.0032,0.0254,0.0006,0.0002,0.002,0.0028,0.0014,0.0042,0.0,0.0002,0.0058
5,0.0062,0.0016,0.004,0.009,0.0084,1.0,0.0024,0.0002,0.0062,0.0006,0.0096,0.003,0.0,0.0002,0.0,0.0046,0.0,0.0038,0.0026,0.0096,0.0006,0.0,0.009,0.0034,0.0026,0.0024,0.0006,0.0,0.009,0.0036,0.0036,0.015,0.005,0.0,0.0036,0.0084,0.0316,0.0104,0.0054,0.0006,0.0008,0.0014,0.0014,0.0094,0.0002,0.0004,0.004,0.0024,0.0002,0.0004,0.0044,0.0062,0.0138,0.0014,0.0024,0.0008,0.0012,0.0046,0.0056,0.0054,0.007,0.0046,0.0016,0.001,0.0118,0.001,0.0136,0.0024,0.0054,0.001,0.0018,0.0012,0.0108,0.0004,0.007,0.0054,0.0038,0.0042,0.0068,0.0076,0.005,0.0008,0.0052,0.0046,0.0044,0.0022,0.0042,0.0028,0.0208,0.0028,0.0056,0.007,0.0042,0.0012,0.015,0.0038,0.0012,0.004,0.0046,0.0006
6,0.0142,0.016,0.0776,0.0042,0.001,0.0024,1.0,0.003,0.0002,0.0566,0.0114,0.0072,0.003,0.0042,0.0144,0.0092,0.0008,0.0016,0.0034,0.0158,0.001,0.004,0.0002,0.004,0.0002,0.0068,0.0064,0.0068,0.0028,0.0046,0.003,0.0076,0.4832,0.034,0.0032,0.0022,0.0018,0.0046,0.4052,0.0094,0.002,0.0026,0.0036,0.0018,0.005,0.0006,0.0036,0.039,0.0062,0.0126,0.0172,0.005,0.0056,0.0008,0.003,0.0062,0.012,0.0132,0.9834,0.013,0.0012,0.001,0.007,0.0046,0.0026,0.0122,0.001,0.0058,0.0106,0.008,0.017,0.0532,0.0016,0.0016,0.4756,0.0032,0.0108,0.0102,0.243,0.0126,0.0922,0.0042,0.0068,0.0008,0.013,0.0014,0.124,0.8928,0.0028,0.007,0.0076,0.0044,0.251,0.0372,0.0008,0.0042,0.0068,0.0024,0.0002,0.0022
7,0.0012,0.0,0.002,0.0048,0.0076,0.0002,0.003,1.0,0.0006,0.0006,0.068,0.0014,0.8464,0.001,0.0004,0.0474,0.0042,0.001,0.0,0.0318,0.001,0.7722,0.0002,0.0,0.0028,0.0026,0.7098,0.0016,0.0008,0.0006,0.0012,0.0112,0.0016,0.001,0.0068,0.0026,0.0026,0.004,0.0018,0.364,0.0004,0.001,0.0052,0.0026,0.9624,0.0056,0.0112,0.001,0.002,0.3568,0.0358,0.1508,0.004,0.004,0.0012,0.0016,0.2456,0.0324,0.0032,0.003,0.001,0.0032,0.0008,0.0012,0.0024,0.2828,0.0028,0.0016,0.0168,0.002,0.172,0.001,0.0026,0.002,0.003,0.0018,0.0196,0.0158,0.0024,0.151,0.0016,0.0386,0.0022,0.0014,0.0234,0.0046,0.0052,0.0024,0.0046,0.0018,0.0012,0.007,0.0062,0.0028,0.0016,0.0,0.0248,0.0086,0.0078,0.0002
8,0.0958,0.0002,0.0038,0.0046,0.004,0.0062,0.0002,0.0006,1.0,0.0156,0.0044,0.0,0.0006,0.009,0.0064,0.0056,0.0008,0.0048,0.0124,0.002,0.0046,0.0,0.0192,0.002,0.0066,0.0002,0.0002,0.0098,0.0008,0.0134,0.0032,0.0014,0.0008,0.0162,0.001,0.8144,0.002,0.0028,0.0016,0.0014,0.008,0.0012,0.0008,0.0058,0.0006,0.0004,0.0006,0.0042,0.0114,0.0012,0.011,0.0066,0.0038,0.0006,0.0032,0.0002,0.0018,0.006,0.0002,0.006,0.0064,0.62,0.0146,0.019,0.0004,0.002,0.0002,0.0008,0.0072,0.0058,0.0012,0.0082,0.0052,0.0092,0.0022,0.002,0.005,0.0464,0.0042,0.0012,0.0086,0.0022,0.018,0.5964,0.0064,0.001,0.0074,0.0002,0.002,0.0034,0.0,0.0058,0.005,0.0014,0.006,0.0,0.0046,0.0004,0.0002,0.006
9,0.0084,0.0,0.006,0.0006,0.0106,0.0006,0.0566,0.0006,0.0156,1.0,0.0014,0.0036,0.001,0.0002,0.1902,0.0012,0.0022,0.0042,0.0034,0.0032,0.0082,0.0,0.0012,0.0258,0.0,0.0104,0.0002,0.0062,0.0148,0.3716,0.0114,0.007,0.0114,0.926,0.0076,0.0104,0.0008,0.0002,0.012,0.0028,0.0014,0.0032,0.0164,0.005,0.0,0.0022,0.0048,0.0,0.4882,0.0026,0.0144,0.0004,0.0022,0.0008,0.0004,0.0058,0.0034,0.011,0.052,0.001,0.0008,0.0062,0.0018,0.0036,0.0018,0.0034,0.0016,0.0112,0.0138,0.002,0.0032,0.0036,0.0042,0.0034,0.011,0.0016,0.0144,0.0014,0.0056,0.0002,0.006,0.0022,0.001,0.0222,0.0116,0.0022,0.0034,0.0262,0.0056,0.0024,0.0006,0.0016,0.0028,0.0024,0.015,0.0026,0.0064,0.0012,0.0,0.0028
10,0.0036,0.0028,0.006,0.0042,0.0012,0.0096,0.0114,0.068,0.0044,0.0014,1.0,0.0002,0.0518,0.0002,0.0112,0.601,0.0066,0.0066,0.0084,0.8034,0.0032,0.0822,0.0128,0.0034,0.0022,0.0004,0.1156,0.0054,0.005,0.008,0.001,0.4256,0.0052,0.0016,0.0014,0.0062,0.0002,0.0048,0.0052,0.0118,0.0008,0.0102,0.0002,0.0006,0.0804,0.0062,0.0014,0.0014,0.002,0.009,0.001,0.0402,0.0012,0.034,0.0006,0.0004,0.0054,0.0028,0.0126,0.0176,0.0002,0.0052,0.0002,0.001,0.007,0.0072,0.0062,0.0018,0.0,0.01,0.0038,0.001,0.0014,0.0004,0.0032,0.014,0.0006,0.0124,0.0032,0.7136,0.002,0.0028,0.0,0.0018,0.0012,0.0032,0.002,0.0104,0.0026,0.005,0.0058,0.006,0.0028,0.0062,0.001,0.011,0.004,0.0582,0.0112,0.0012
11,0.006,0.0012,0.0,0.0014,0.003,0.003,0.0072,0.0014,0.0,0.0036,0.0002,1.0,0.0014,0.2912,0.0008,0.0012,0.0058,0.002,0.0036,0.0,0.0012,0.0002,0.0026,0.0072,0.0024,0.7584,0.0004,0.0028,0.0112,0.0006,0.2674,0.0018,0.0068,0.005,0.3732,0.0044,0.0078,0.0008,0.0032,0.0012,0.2636,0.0088,0.005,0.003,0.001,0.002,0.0004,0.0024,0.0128,0.0018,0.0012,0.0138,0.005,0.013,0.0016,0.0014,0.0016,0.0004,0.012,0.0044,0.0022,0.004,0.1848,0.1416,0.0032,0.0016,0.018,0.5634,0.0014,0.0016,0.0006,0.001,0.0016,0.1756,0.0064,0.002,0.0002,0.006,0.0076,0.0036,0.0034,0.0092,0.0766,0.0008,0.0016,0.0062,0.0078,0.0076,0.013,0.0196,0.0028,0.0008,0.0096,0.0138,0.0012,0.016,0.0088,0.0092,0.0134,0.1684
12,0.0,0.0004,0.0022,0.01,0.0066,0.0,0.003,0.8464,0.0006,0.001,0.0518,0.0014,1.0,0.0012,0.0018,0.0548,0.0048,0.002,0.0002,0.0254,0.001,0.8744,0.0008,0.0004,0.0032,0.0038,0.7336,0.0006,0.0002,0.002,0.0016,0.0114,0.0014,0.0012,0.006,0.0,0.0038,0.0116,0.0002,0.2546,0.0012,0.0018,0.004,0.0,0.764,0.0042,0.005,0.0002,0.0006,0.2766,0.0314,0.0614,0.0034,0.0054,0.0014,0.0022,0.18,0.0204,0.001,0.005,0.0032,0.0026,0.0014,0.0016,0.0,0.2144,0.0004,0.0028,0.0196,0.0,0.1718,0.0002,0.0006,0.0034,0.0014,0.0012,0.0146,0.0196,0.0002,0.1632,0.0,0.0178,0.004,0.0032,0.0208,0.0032,0.0014,0.001,0.0032,0.0006,0.0026,0.0032,0.002,0.0032,0.0012,0.0,0.0112,0.0102,0.0058,0.0008
13,0.3582,0.0004,0.0028,0.0006,0.0062,0.0002,0.0042,0.001,0.009,0.0002,0.0002,0.2912,0.0012,1.0,0.0034,0.0036,0.0094,0.0,0.0016,0.0,0.0008,0.0012,0.0006,0.0018,0.0832,0.073,0.0008,0.0002,0.0104,0.006,0.0042,0.0,0.0006,0.0018,0.0134,0.0012,0.0022,0.0016,0.0006,0.003,0.9526,0.0016,0.0026,0.0028,0.0004,0.0076,0.0028,0.0,0.0032,0.0036,0.0034,0.0078,0.0008,0.0244,0.0004,0.0068,0.007,0.0028,0.0028,0.0086,0.002,0.0166,0.961,0.9098,0.0028,0.0048,0.0028,0.0266,0.0028,0.0012,0.0072,0.0002,0.0016,0.7692,0.0004,0.0004,0.0076,0.0002,0.0002,0.0,0.001,0.0166,0.0312,0.0212,0.0046,0.0158,0.0008,0.0024,0.0002,0.0056,0.011,0.0012,0.0006,0.0118,0.0012,0.0028,0.0122,0.0104,0.0112,0.7862
14,0.0046,0.0054,0.0046,0.0018,0.0046,0.0,0.0144,0.0004,0.0064,0.1902,0.0112,0.0008,0.0018,0.0034,1.0,0.0094,0.0002,0.0018,0.0064,0.0166,0.0002,0.0004,0.006,0.0054,0.0032,0.0016,0.0012,0.117,0.0154,0.534,0.0024,0.0262,0.0064,0.134,0.003,0.0046,0.0,0.0032,0.0022,0.0018,0.0056,0.0108,0.001,0.002,0.0002,0.0004,0.008,0.0052,0.0758,0.0024,0.0002,0.0024,0.0014,0.0016,0.0024,0.0028,0.0012,0.0,0.0172,0.0146,0.0046,0.001,0.0038,0.0092,0.0096,0.0026,0.018,0.0012,0.0004,0.0006,0.0034,0.0014,0.0022,0.0092,0.0036,0.0034,0.0002,0.008,0.0064,0.0124,0.0014,0.0006,0.004,0.0136,0.0006,0.008,0.0048,0.0092,0.0,0.0082,0.0008,0.011,0.0042,0.0068,0.0158,0.0046,0.001,0.0014,0.0074,0.0082
15,0.0002,0.0036,0.0094,0.0082,0.0026,0.0046,0.0092,0.0474,0.0056,0.0012,0.601,0.0012,0.0548,0.0036,0.0094,1.0,0.0078,0.0044,0.0044,0.625,0.004,0.101,0.0072,0.0006,0.0012,0.0014,0.1158,0.0086,0.0114,0.0174,0.0024,0.3962,0.0008,0.0014,0.003,0.0138,0.0,0.0072,0.0034,0.0038,0.0026,0.0606,0.001,0.0038,0.0582,0.0034,0.0154,0.0008,0.0016,0.0038,0.001,0.0168,0.0024,0.0168,0.0026,0.0016,0.005,0.0012,0.007,0.0068,0.0018,0.0096,0.0012,0.0024,0.0076,0.004,0.0074,0.0022,0.0004,0.0126,0.001,0.0008,0.0004,0.0024,0.0012,0.0108,0.0006,0.0044,0.0018,0.5548,0.0038,0.002,0.0004,0.0032,0.0,0.0018,0.001,0.0032,0.0046,0.003,0.0066,0.0036,0.0004,0.0026,0.0034,0.0272,0.0026,0.013,0.0014,0.002
16,0.009,0.0096,0.0102,0.0,0.0008,0.0,0.0008,0.0042,0.0008,0.0022,0.0066,0.0058,0.0048,0.0094,0.0002,0.0078,1.0,0.0018,0.012,0.0052,0.0056,0.003,0.0008,0.0102,0.0016,0.006,0.0038,0.0066,0.0,0.0008,0.002,0.0044,0.007,0.0058,0.0014,0.0004,0.0068,0.0,0.0072,0.013,0.0078,0.0122,0.0124,0.0022,0.005,0.0,0.0014,0.0178,0.0026,0.017,0.0018,0.0,0.001,0.0026,0.0212,0.0004,0.012,0.0018,0.002,0.0016,0.0014,0.0,0.011,0.0112,0.0066,0.0104,0.0152,0.0046,0.005,0.0,0.0076,0.0198,0.0048,0.0088,0.0092,0.002,0.0026,0.017,0.0176,0.007,0.0242,0.0094,0.0002,0.0076,0.0046,0.0018,0.0176,0.0038,0.003,0.0026,0.004,0.0026,0.0136,0.0228,0.0072,0.0052,0.004,0.0016,0.0044,0.0072
17,0.0006,0.002,0.0024,0.0006,0.0,0.0038,0.0016,0.001,0.0048,0.0042,0.0066,0.002,0.002,0.0,0.0018,0.0044,0.0018,1.0,0.003,0.01,0.0024,0.0028,0.0,0.0156,0.0196,0.003,0.006,0.0136,0.0096,0.0004,0.0004,0.0088,0.0194,0.002,0.0006,0.0032,0.0,0.0002,0.006,0.0014,0.0002,0.0,0.0012,0.0038,0.0008,0.0072,0.001,0.006,0.0092,0.0014,0.002,0.0026,0.0002,0.0052,0.0044,0.0,0.0018,0.002,0.0014,0.0044,0.002,0.0004,0.0,0.0,0.0012,0.0044,0.0062,0.001,0.0048,0.0024,0.0008,0.0028,0.0112,0.0,0.0132,0.0022,0.0034,0.001,0.0104,0.0048,0.0074,0.0084,0.0032,0.0054,0.005,0.0072,0.0198,0.0044,0.0002,0.0014,0.0032,0.0006,0.0248,0.0184,0.003,0.0,0.0064,0.003,0.0056,0.0
18,0.0044,0.0002,0.0002,0.0054,0.0196,0.0026,0.0034,0.0,0.0124,0.0034,0.0084,0.0036,0.0002,0.0016,0.0064,0.0044,0.012,0.003,1.0,0.0078,0.0104,0.0006,0.4838,0.354,0.0076,0.0004,0.001,0.0006,0.0362,0.0,0.0008,0.0058,0.0,0.0038,0.0006,0.015,0.0008,0.0032,0.0002,0.0002,0.0018,0.0002,0.0076,0.011,0.001,0.0066,0.005,0.0002,0.0072,0.0004,0.0028,0.0016,0.0026,0.0012,0.0014,0.0054,0.0016,0.003,0.0038,0.0106,0.0006,0.0132,0.0004,0.0004,0.0044,0.0018,0.0,0.0,0.003,0.0016,0.0012,0.0002,0.0018,0.0032,0.0008,0.0182,0.0016,0.0,0.0,0.0062,0.0,0.0026,0.005,0.0038,0.002,0.0144,0.0,0.001,0.0004,0.0022,0.0014,0.0052,0.0014,0.0018,0.0058,0.0,0.0054,0.0018,0.0012,0.002
19,0.0,0.0018,0.0092,0.0092,0.001,0.0096,0.0158,0.0318,0.002,0.0032,0.8034,0.0,0.0254,0.0,0.0166,0.625,0.0052,0.01,0.0078,1.0,0.0022,0.0482,0.0104,0.0036,0.0018,0.0022,0.0624,0.004,0.0094,0.0162,0.0012,0.8164,0.003,0.0042,0.0004,0.006,0.0012,0.008,0.0036,0.005,0.001,0.0072,0.0016,0.0024,0.0448,0.0036,0.0074,0.0008,0.0016,0.003,0.0042,0.0178,0.002,0.046,0.0012,0.001,0.0052,0.0048,0.0082,0.0334,0.001,0.0032,0.0018,0.0022,0.007,0.0046,0.007,0.0012,0.0018,0.0222,0.0018,0.0006,0.0,0.001,0.0042,0.0112,0.0008,0.0048,0.0042,0.3666,0.0016,0.001,0.0,0.0002,0.0018,0.0154,0.0008,0.0108,0.0012,0.0026,0.0048,0.0066,0.001,0.0038,0.0,0.0108,0.0038,0.0504,0.0096,0.002
20,0.004,0.0008,0.0064,0.001,0.0062,0.0006,0.001,0.001,0.0046,0.0082,0.0032,0.0012,0.001,0.0008,0.0002,0.004,0.0056,0.0024,0.0104,0.0022,1.0,0.0026,0.0036,0.0126,0.0006,0.0004,0.0006,0.003,0.006,0.0002,0.0,0.0004,0.0004,0.011,0.0002,0.004,0.004,0.0008,0.0026,0.0016,0.0026,0.0018,0.0078,0.0,0.0004,0.0128,0.0012,0.0,0.0116,0.0018,0.0,0.0022,0.0014,0.0046,0.0048,0.0048,0.0014,0.0012,0.0008,0.0016,0.0054,0.0046,0.0014,0.001,0.0,0.0022,0.0036,0.0002,0.0008,0.0022,0.0012,0.0006,0.0044,0.0014,0.0002,0.0008,0.0016,0.005,0.0,0.0022,0.0004,0.0008,0.0036,0.0048,0.0002,0.0006,0.0,0.0016,0.0002,0.0218,0.0064,0.0036,0.0002,0.0076,0.0002,0.004,0.0034,0.0042,0.0112,0.0028
21,0.0012,0.0008,0.0026,0.0168,0.0128,0.0,0.004,0.7722,0.0,0.0,0.0822,0.0002,0.8744,0.0012,0.0004,0.101,0.003,0.0028,0.0006,0.0482,0.0026,1.0,0.0006,0.0,0.0034,0.001,0.9364,0.0002,0.0004,0.0008,0.0004,0.0262,0.0012,0.0004,0.004,0.0,0.0016,0.0146,0.002,0.141,0.0002,0.0044,0.005,0.0,0.7668,0.0012,0.005,0.0,0.0008,0.1574,0.0114,0.066,0.0076,0.0022,0.0008,0.002,0.0906,0.0086,0.0056,0.0048,0.0016,0.0016,0.0004,0.0024,0.0,0.1114,0.0002,0.0012,0.0042,0.0014,0.0976,0.0002,0.0016,0.0006,0.0006,0.0008,0.0052,0.0122,0.0008,0.2896,0.0002,0.009,0.0028,0.006,0.009,0.0042,0.0004,0.003,0.0012,0.0012,0.004,0.002,0.001,0.0058,0.0012,0.0014,0.0046,0.0108,0.006,0.0
22,0.003,0.0058,0.0048,0.0052,0.004,0.009,0.0002,0.0002,0.0192,0.0012,0.0128,0.0026,0.0008,0.0006,0.006,0.0072,0.0008,0.0,0.4838,0.0104,0.0036,0.0006,1.0,0.094,0.0088,0.0006,0.0,0.0016,0.0132,0.0,0.0012,0.0054,0.0,0.0002,0.0002,0.0152,0.0004,0.0082,0.0012,0.0028,0.0044,0.0012,0.002,0.005,0.0014,0.0036,0.0124,0.0016,0.0092,0.0022,0.003,0.0024,0.0064,0.0052,0.0024,0.003,0.0018,0.0036,0.001,0.0116,0.0002,0.0142,0.0012,0.001,0.0038,0.003,0.0004,0.0,0.0004,0.0104,0.004,0.0042,0.0,0.005,0.0,0.0124,0.001,0.0,0.0018,0.0116,0.0018,0.008,0.0164,0.0044,0.0008,0.0138,0.0008,0.0,0.0,0.0034,0.0014,0.011,0.0,0.0018,0.0006,0.0028,0.0112,0.005,0.0044,0.0074
23,0.0008,0.0004,0.0018,0.0,0.0068,0.0034,0.004,0.0,0.002,0.0258,0.0034,0.0072,0.0004,0.0018,0.0054,0.0006,0.0102,0.0156,0.354,0.0036,0.0126,0.0,0.094,1.0,0.0018,0.0032,0.0,0.001,0.0218,0.0018,0.0022,0.0036,0.0012,0.0194,0.003,0.0036,0.0,0.0002,0.0052,0.007,0.0042,0.001,0.1708,0.0134,0.0,0.0066,0.0022,0.001,0.0168,0.008,0.0058,0.0036,0.0004,0.008,0.0018,0.0144,0.0082,0.0074,0.0042,0.0024,0.0,0.002,0.0,0.0006,0.0014,0.0094,0.0032,0.002,0.0054,0.002,0.0056,0.0022,0.0004,0.002,0.0024,0.0052,0.0054,0.0086,0.002,0.0014,0.0042,0.0062,0.001,0.0012,0.0084,0.0062,0.004,0.0014,0.0002,0.0026,0.0058,0.004,0.003,0.0002,0.0208,0.0018,0.0062,0.0038,0.0054,0.0052
24,0.1726,0.0006,0.0002,0.0014,0.0074,0.0026,0.0002,0.0028,0.0066,0.0,0.0022,0.0024,0.0032,0.0832,0.0032,0.0012,0.0016,0.0196,0.0076,0.0018,0.0006,0.0034,0.0088,0.0018,1.0,0.0006,0.0022,0.0002,0.0022,0.002,0.0,0.004,0.0028,0.0,0.0004,0.0046,0.0098,0.0008,0.0004,0.0006,0.0992,0.0046,0.0052,0.0016,0.0022,0.004,0.0174,0.0006,0.0036,0.001,0.002,0.0018,0.0038,0.0026,0.0026,0.0018,0.0006,0.002,0.001,0.0054,0.0024,0.0006,0.0904,0.0784,0.0058,0.0006,0.0018,0.0,0.004,0.0,0.003,0.0002,0.008,0.0684,0.0012,0.0,0.0026,0.0006,0.0024,0.0032,0.0004,0.0006,0.0012,0.0386,0.0036,0.0022,0.0012,0.0004,0.0098,0.0024,0.0088,0.0,0.0026,0.0084,0.0006,0.0022,0.0,0.005,0.007,0.078
25,0.0034,0.0018,0.0014,0.0008,0.0088,0.0024,0.0068,0.0026,0.0002,0.0104,0.0004,0.7584,0.0038,0.073,0.0016,0.0014,0.006,0.003,0.0004,0.0022,0.0004,0.001,0.0006,0.0032,0.0006,1.0,0.002,0.0008,0.012,0.0064,0.7026,0.0008,0.0066,0.0078,0.7858,0.0034,0.0108,0.0004,0.0042,0.0048,0.0672,0.0176,0.0052,0.0042,0.002,0.0058,0.0,0.0134,0.016,0.0044,0.0038,0.0136,0.0034,0.0066,0.0032,0.0006,0.0036,0.0022,0.0072,0.0014,0.0024,0.0018,0.0374,0.029,0.0036,0.005,0.0154,0.9206,0.0032,0.007,0.004,0.008,0.0038,0.0308,0.0072,0.0028,0.0014,0.011,0.0108,0.0002,0.0104,0.0046,0.0156,0.0006,0.0038,0.0016,0.012,0.0056,0.0196,0.1,0.003,0.0016,0.0138,0.005,0.0028,0.0254,0.004,0.007,0.01,0.0322
26,0.0006,0.0014,0.0024,0.0154,0.0132,0.0006,0.0064,0.7098,0.0002,0.0002,0.1156,0.0004,0.7336,0.0008,0.0012,0.1158,0.0038,0.006,0.001,0.0624,0.0006,0.9364,0.0,0.0,0.0022,0.002,1.0,0.0018,0.0006,0.0002,0.0,0.031,0.0016,0.0006,0.0032,0.0,0.0018,0.0132,0.0022,0.103,0.0004,0.0044,0.0028,0.0004,0.7672,0.0012,0.0068,0.0,0.0012,0.1012,0.0108,0.0908,0.0086,0.004,0.0008,0.0016,0.0678,0.006,0.0044,0.008,0.0024,0.0036,0.0014,0.0022,0.0004,0.081,0.0006,0.001,0.0028,0.0016,0.0628,0.0002,0.0014,0.0002,0.0008,0.0008,0.0032,0.0126,0.0014,0.4052,0.0006,0.0086,0.0028,0.0034,0.0064,0.0068,0.0004,0.0034,0.0018,0.0002,0.0028,0.0012,0.0024,0.0068,0.0034,0.0004,0.0054,0.0114,0.0052,0.0002
27,0.0018,0.0022,0.0864,0.004,0.0094,0.0,0.0068,0.0016,0.0098,0.0062,0.0054,0.0028,0.0006,0.0002,0.117,0.0086,0.0066,0.0136,0.0006,0.004,0.003,0.0002,0.0016,0.001,0.0002,0.0008,0.0018,1.0,0.0034,0.017,0.0,0.0018,0.0014,0.0086,0.0002,0.0094,0.001,0.0056,0.0026,0.0078,0.0002,0.001,0.0016,0.001,0.0014,0.0002,0.0014,0.0022,0.003,0.0094,0.0,0.003,0.0068,0.0016,0.0002,0.026,0.0066,0.0004,0.0044,0.0172,0.0016,0.0014,0.0002,0.0,0.0012,0.0084,0.0052,0.0004,0.0,0.0028,0.0042,0.0046,0.0008,0.0018,0.0006,0.0104,0.0004,0.0026,0.0008,0.0168,0.0024,0.0006,0.0106,0.0028,0.0,0.0086,0.0022,0.0024,0.003,0.0044,0.0046,0.0012,0.0016,0.0006,0.0044,0.0022,0.0008,0.0012,0.0034,0.0006
28,0.002,0.0006,0.0032,0.0008,0.0018,0.009,0.0028,0.0008,0.0008,0.0148,0.005,0.0112,0.0002,0.0104,0.0154,0.0114,0.0,0.0096,0.0362,0.0094,0.006,0.0004,0.0132,0.0218,0.0022,0.012,0.0006,0.0034,1.0,0.0084,0.011,0.0128,0.0024,0.0088,0.0126,0.0034,0.0034,0.001,0.0014,0.0034,0.0126,0.001,0.0028,0.0176,0.0,0.0024,0.002,0.001,0.0012,0.0032,0.003,0.0074,0.0034,0.001,0.0038,0.0014,0.0024,0.0032,0.0038,0.0024,0.0048,0.0074,0.0092,0.0066,0.0014,0.0046,0.001,0.0104,0.001,0.0058,0.0012,0.0022,0.008,0.007,0.001,0.0006,0.0028,0.0008,0.004,0.0074,0.0014,0.002,0.0004,0.0006,0.0022,0.0044,0.0018,0.0046,0.0008,0.009,0.0002,0.0012,0.001,0.003,0.0044,0.0002,0.0034,0.0014,0.0038,0.0068
29,0.016,0.0056,0.0042,0.001,0.006,0.0036,0.0046,0.0006,0.0134,0.3716,0.008,0.0006,0.002,0.006,0.534,0.0174,0.0008,0.0004,0.0,0.0162,0.0002,0.0008,0.0,0.0018,0.002,0.0064,0.0002,0.017,0.0084,1.0,0.0112,0.022,0.0008,0.277,0.013,0.0054,0.0002,0.0016,0.0008,0.0014,0.0072,0.0,0.0064,0.0046,0.0012,0.0052,0.0076,0.0046,0.3314,0.0008,0.001,0.0,0.0002,0.0022,0.0002,0.001,0.0014,0.0006,0.0038,0.0088,0.0002,0.001,0.009,0.0114,0.0036,0.0018,0.0066,0.01,0.0016,0.0002,0.001,0.0014,0.0,0.0114,0.0,0.008,0.001,0.0032,0.0002,0.004,0.001,0.0062,0.001,0.018,0.0008,0.0052,0.0012,0.003,0.0034,0.0074,0.003,0.0026,0.0016,0.001,0.0094,0.0012,0.0088,0.0028,0.0056,0.012
30,0.0084,0.0064,0.006,0.001,0.0154,0.0036,0.003,0.0012,0.0032,0.0114,0.001,0.2674,0.0016,0.0042,0.0024,0.0024,0.002,0.0004,0.0008,0.0012,0.0,0.0004,0.0012,0.0022,0.0,0.7026,0.0,0.0,0.011,0.0112,1.0,0.0016,0.0058,0.0062,0.9112,0.0022,0.0058,0.0014,0.0084,0.0064,0.003,0.02,0.0042,0.0054,0.0026,0.0036,0.0014,0.0108,0.0076,0.0038,0.007,0.008,0.0024,0.0032,0.0074,0.0008,0.006,0.0052,0.0018,0.0026,0.0006,0.0014,0.0032,0.0038,0.0084,0.0054,0.0148,0.8444,0.0058,0.0096,0.0092,0.015,0.0118,0.0028,0.0076,0.0022,0.0022,0.0078,0.009,0.0002,0.014,0.0004,0.0008,0.001,0.0058,0.0004,0.0104,0.0032,0.0194,0.392,0.0002,0.0072,0.0116,0.0014,0.0046,0.0314,0.0016,0.0048,0.0074,0.003
31,0.0004,0.0024,0.0034,0.007,0.0046,0.015,0.0076,0.0112,0.0014,0.007,0.4256,0.0018,0.0114,0.0,0.0262,0.3962,0.0044,0.0088,0.0058,0.8164,0.0004,0.0262,0.0054,0.0036,0.004,0.0008,0.031,0.0018,0.0128,0.022,0.0016,1.0,0.0028,0.0064,0.002,0.0072,0.0058,0.0048,0.0008,0.0044,0.0,0.0018,0.0028,0.004,0.0132,0.0026,0.0054,0.002,0.0024,0.0056,0.0064,0.0074,0.0006,0.0458,0.003,0.0022,0.0048,0.0058,0.0066,0.0672,0.0046,0.0008,0.0012,0.002,0.0082,0.006,0.0016,0.0012,0.0032,0.0316,0.0006,0.0004,0.001,0.0018,0.0016,0.0034,0.0022,0.0044,0.0018,0.1308,0.0008,0.0012,0.004,0.0024,0.0036,0.0178,0.001,0.0046,0.0006,0.0016,0.0002,0.0034,0.0012,0.0042,0.0,0.0072,0.0018,0.045,0.008,0.0008
32,0.006,0.0718,0.0706,0.003,0.0004,0.005,0.4832,0.0016,0.0008,0.0114,0.0052,0.0068,0.0014,0.0006,0.0064,0.0008,0.007,0.0194,0.0,0.003,0.0004,0.0012,0.0,0.0012,0.0028,0.0066,0.0016,0.0014,0.0024,0.0008,0.0058,0.0028,1.0,0.0114,0.0044,0.004,0.0002,0.0014,0.5922,0.0,0.0004,0.0036,0.0042,0.005,0.003,0.0,0.0042,0.2018,0.016,0.0002,0.0132,0.0126,0.0036,0.0022,0.0026,0.005,0.0002,0.0114,0.539,0.0194,0.0008,0.0002,0.0008,0.0008,0.0036,0.0,0.0038,0.007,0.0182,0.008,0.0036,0.2308,0.003,0.0004,0.932,0.0004,0.0094,0.0006,0.7492,0.0024,0.3848,0.0054,0.0044,0.0044,0.0178,0.0136,0.5888,0.7012,0.0028,0.0024,0.0044,0.0026,0.8142,0.2074,0.0084,0.0022,0.0032,0.0028,0.0036,0.0002
33,0.003,0.0004,0.003,0.0014,0.0102,0.0,0.034,0.001,0.0162,0.926,0.0016,0.005,0.0012,0.0018,0.134,0.0014,0.0058,0.002,0.0038,0.0042,0.011,0.0004,0.0002,0.0194,0.0,0.0078,0.0006,0.0086,0.0088,0.277,0.0062,0.0064,0.0114,1.0,0.0062,0.0116,0.0012,0.001,0.0112,0.0028,0.0024,0.0076,0.0226,0.0076,0.0004,0.0028,0.0024,0.002,0.6002,0.0032,0.0164,0.0014,0.0024,0.0,0.0,0.0048,0.0048,0.018,0.0346,0.0022,0.0022,0.0038,0.001,0.001,0.0036,0.0032,0.0016,0.0074,0.0152,0.0028,0.0034,0.0068,0.0056,0.0014,0.013,0.0018,0.0132,0.0008,0.0068,0.0008,0.0088,0.0026,0.0018,0.0196,0.0154,0.0022,0.0044,0.0224,0.0052,0.0016,0.001,0.002,0.0046,0.0006,0.0216,0.0064,0.004,0.0008,0.0014,0.0038
34,0.0056,0.0024,0.0042,0.001,0.0102,0.0036,0.0032,0.0068,0.001,0.0076,0.0014,0.3732,0.006,0.0134,0.003,0.003,0.0014,0.0006,0.0006,0.0004,0.0002,0.004,0.0002,0.003,0.0004,0.7858,0.0032,0.0002,0.0126,0.013,0.9112,0.002,0.0044,0.0062,1.0,0.002,0.0056,0.0012,0.006,0.0076,0.0104,0.019,0.0058,0.0046,0.0054,0.0072,0.0012,0.0088,0.0098,0.0104,0.006,0.0094,0.0022,0.0036,0.0052,0.0002,0.006,0.0042,0.0036,0.0016,0.0026,0.0036,0.008,0.0066,0.0088,0.0078,0.012,0.8408,0.006,0.0104,0.0082,0.0064,0.008,0.0052,0.007,0.0022,0.0026,0.005,0.0068,0.0006,0.0102,0.0016,0.002,0.0008,0.0082,0.0002,0.011,0.0046,0.016,0.3254,0.0014,0.002,0.0104,0.002,0.0042,0.0298,0.0022,0.0064,0.0082,0.0072
35,0.0322,0.001,0.0022,0.002,0.0122,0.0084,0.0022,0.0026,0.8144,0.0104,0.0062,0.0044,0.0,0.0012,0.0046,0.0138,0.0004,0.0032,0.015,0.006,0.004,0.0,0.0152,0.0036,0.0046,0.0034,0.0,0.0094,0.0034,0.0054,0.0022,0.0072,0.004,0.0116,0.002,1.0,0.0022,0.0028,0.0044,0.0016,0.001,0.0004,0.0006,0.0036,0.002,0.0006,0.0018,0.001,0.0092,0.0012,0.0028,0.0124,0.005,0.001,0.0026,0.0012,0.0024,0.0028,0.0014,0.0054,0.007,0.5522,0.0028,0.0028,0.0018,0.0016,0.0016,0.008,0.0022,0.01,0.001,0.004,0.0048,0.0006,0.007,0.0032,0.0008,0.0956,0.0118,0.0044,0.008,0.0026,0.0222,0.331,0.0022,0.0006,0.0078,0.0032,0.0054,0.0024,0.0028,0.0018,0.0084,0.0016,0.0054,0.0008,0.0042,0.0004,0.0006,0.0002
36,0.0032,0.0014,0.0108,0.0022,0.0006,0.0316,0.0018,0.0026,0.002,0.0008,0.0002,0.0078,0.0038,0.0022,0.0,0.0,0.0068,0.0,0.0008,0.0012,0.004,0.0016,0.0004,0.0,0.0098,0.0108,0.0018,0.001,0.0034,0.0002,0.0058,0.0058,0.0002,0.0012,0.0056,0.0022,1.0,0.0026,0.0014,0.0108,0.0012,0.1008,0.0012,0.0208,0.0014,0.0066,0.0014,0.0002,0.0024,0.0148,0.0008,0.0012,0.0026,0.0002,0.0154,0.0074,0.0086,0.0004,0.002,0.0068,0.0158,0.006,0.0022,0.0014,0.0,0.0122,0.0038,0.0094,0.001,0.001,0.0044,0.0034,0.0046,0.0004,0.001,0.0068,0.0002,0.0028,0.0016,0.0,0.0026,0.0004,0.0064,0.0028,0.0008,0.0034,0.0004,0.002,0.6296,0.0012,0.0018,0.002,0.0026,0.0052,0.0224,0.117,0.001,0.0004,0.0012,0.0018
37,0.0026,0.0152,0.0008,1.0,0.0128,0.0104,0.0046,0.004,0.0028,0.0002,0.0048,0.0008,0.0116,0.0016,0.0032,0.0072,0.0,0.0002,0.0032,0.008,0.0008,0.0146,0.0082,0.0002,0.0008,0.0004,0.0132,0.0056,0.001,0.0016,0.0014,0.0048,0.0014,0.001,0.0012,0.0028,0.0026,1.0,0.0008,0.0008,0.0004,0.005,0.0044,0.0274,0.003,0.008,0.0104,0.0072,0.0044,0.001,0.0042,0.0066,0.703,0.0032,0.0014,0.0026,0.0008,0.004,0.0028,0.005,0.0008,0.0048,0.0006,0.0004,0.005,0.0004,0.002,0.0004,0.0016,0.014,0.0012,0.0106,0.0008,0.0008,0.0014,0.2838,0.0008,0.0006,0.0008,0.0034,0.0046,0.007,0.0006,0.0084,0.0012,0.0048,0.0008,0.0046,0.0064,0.0012,0.0126,0.0072,0.0002,0.0002,0.0126,0.013,0.0114,0.0022,0.0016,0.0002
38,0.0004,0.0924,0.4118,0.0022,0.0002,0.0054,0.4052,0.0018,0.0016,0.012,0.0052,0.0032,0.0002,0.0006,0.0022,0.0034,0.0072,0.006,0.0002,0.0036,0.0026,0.002,0.0012,0.0052,0.0004,0.0042,0.0022,0.0026,0.0014,0.0008,0.0084,0.0008,0.5922,0.0112,0.006,0.0044,0.0014,0.0008,1.0,0.0022,0.0008,0.0086,0.001,0.0052,0.003,0.0,0.0014,0.203,0.005,0.0008,0.0144,0.003,0.0042,0.0012,0.0004,0.0234,0.002,0.0128,0.3928,0.0186,0.018,0.0014,0.001,0.0024,0.0028,0.0024,0.0056,0.0064,0.014,0.0032,0.0046,0.4244,0.0004,0.0016,0.7854,0.0042,0.0114,0.0026,0.553,0.005,0.5814,0.0002,0.0004,0.004,0.0154,0.0086,0.4894,0.6502,0.0058,0.0096,0.0276,0.0036,0.5512,0.0788,0.0014,0.0068,0.0008,0.002,0.001,0.0008
39,0.0042,0.0028,0.004,0.002,0.0008,0.0006,0.0094,0.364,0.0014,0.0028,0.0118,0.0012,0.2546,0.003,0.0018,0.0038,0.013,0.0014,0.0002,0.005,0.0016,0.141,0.0028,0.007,0.0006,0.0048,0.103,0.0078,0.0034,0.0014,0.0064,0.0044,0.0,0.0028,0.0076,0.0016,0.0108,0.0008,0.0022,1.0,0.0012,0.0012,0.0112,0.0026,0.2612,0.009,0.0026,0.0032,0.0038,0.9828,0.247,0.0384,0.0036,0.004,0.0002,0.0028,0.9632,0.2726,0.0102,0.0012,0.0032,0.003,0.0054,0.0032,0.0052,0.9742,0.005,0.0052,0.1628,0.0014,0.564,0.0012,0.0018,0.0012,0.0002,0.0032,0.2438,0.0126,0.002,0.02,0.0016,0.2178,0.0016,0.0008,0.196,0.0002,0.004,0.007,0.0048,0.004,0.0044,0.0066,0.0036,0.0018,0.0022,0.0002,0.2008,0.0058,0.0034,0.003
40,0.3416,0.0016,0.0022,0.0012,0.0058,0.0008,0.002,0.0004,0.008,0.0014,0.0008,0.2636,0.0012,0.9526,0.0056,0.0026,0.0078,0.0002,0.0018,0.001,0.0026,0.0002,0.0044,0.0042,0.0992,0.0672,0.0004,0.0002,0.0126,0.0072,0.003,0.0,0.0004,0.0024,0.0104,0.001,0.0012,0.0004,0.0008,0.0012,1.0,0.002,0.0012,0.003,0.0008,0.007,0.0014,0.0002,0.0036,0.0036,0.0012,0.0112,0.0008,0.022,0.0006,0.0094,0.0066,0.0032,0.0022,0.008,0.0016,0.0188,0.9274,0.8992,0.0034,0.0036,0.0022,0.024,0.0024,0.0004,0.0066,0.001,0.0014,0.913,0.001,0.0002,0.0056,0.0004,0.0004,0.0,0.001,0.0176,0.0266,0.0294,0.002,0.0224,0.0018,0.002,0.0016,0.007,0.011,0.0012,0.0006,0.0078,0.001,0.0032,0.0164,0.0098,0.0134,0.9248
41,0.0,0.0032,0.0094,0.003,0.0024,0.0014,0.0026,0.001,0.0012,0.0032,0.0102,0.0088,0.0018,0.0016,0.0108,0.0606,0.0122,0.0,0.0002,0.0072,0.0018,0.0044,0.0012,0.001,0.0046,0.0176,0.0044,0.001,0.001,0.0,0.02,0.0018,0.0036,0.0076,0.019,0.0004,0.1008,0.005,0.0086,0.0012,0.002,1.0,0.0002,0.0088,0.0012,0.0,0.0004,0.0018,0.0004,0.0012,0.001,0.001,0.0058,0.0002,0.0062,0.0284,0.002,0.0014,0.0022,0.0002,0.0168,0.0024,0.0006,0.0012,0.0006,0.0002,0.0006,0.0222,0.0012,0.0016,0.0002,0.0074,0.0004,0.0034,0.008,0.0032,0.0008,0.0118,0.0078,0.0252,0.0076,0.0004,0.0008,0.0008,0.0012,0.0026,0.0042,0.0042,0.213,0.0012,0.007,0.0002,0.0064,0.0022,0.0246,0.8592,0.0012,0.0006,0.0002,0.0038
42,0.0092,0.003,0.0006,0.004,0.0004,0.0014,0.0036,0.0052,0.0008,0.0164,0.0002,0.005,0.004,0.0026,0.001,0.001,0.0124,0.0012,0.0076,0.0016,0.0078,0.005,0.002,0.1708,0.0052,0.0052,0.0028,0.0016,0.0028,0.0064,0.0042,0.0028,0.0042,0.0226,0.0058,0.0006,0.0012,0.0044,0.001,0.0112,0.0012,0.0002,1.0,0.0006,0.004,0.0016,0.0004,0.0044,0.0272,0.007,0.0034,0.004,0.0064,0.0028,0.0004,0.0056,0.013,0.0058,0.0044,0.0012,0.0054,0.0006,0.0018,0.004,0.0008,0.0114,0.0044,0.0058,0.0048,0.0004,0.0056,0.003,0.0038,0.0018,0.0034,0.0012,0.0058,0.0044,0.0046,0.0026,0.0024,0.0184,0.0,0.0074,0.0056,0.003,0.0038,0.0016,0.0026,0.0114,0.0016,0.0028,0.0022,0.0186,0.0072,0.0,0.0126,0.0036,0.0074,0.0022
43,0.0044,0.0018,0.009,0.0292,0.0006,0.0094,0.0018,0.0026,0.0058,0.005,0.0006,0.003,0.0,0.0028,0.002,0.0038,0.0022,0.0038,0.011,0.0024,0.0,0.0,0.005,0.0134,0.0016,0.0042,0.0004,0.001,0.0176,0.0046,0.0054,0.004,0.005,0.0076,0.0046,0.0036,0.0208,0.0274,0.0052,0.0026,0.003,0.0088,0.0006,1.0,0.002,0.0038,0.0002,0.0008,0.0022,0.0016,0.0016,0.0002,0.015,0.0048,0.0016,0.0018,0.001,0.0032,0.0008,0.0004,0.0056,0.0014,0.0032,0.0042,0.0038,0.0018,0.0144,0.0048,0.003,0.0014,0.0014,0.0,0.0006,0.003,0.0052,0.1132,0.0024,0.006,0.0056,0.0002,0.0,0.0294,0.008,0.0026,0.0024,0.007,0.0012,0.002,0.006,0.0054,0.0002,0.0082,0.0026,0.0034,0.5914,0.0054,0.0396,0.0056,0.0014,0.002
44,0.0026,0.0002,0.0044,0.0044,0.0076,0.0002,0.005,0.9624,0.0006,0.0,0.0804,0.001,0.764,0.0004,0.0002,0.0582,0.005,0.0008,0.001,0.0448,0.0004,0.7668,0.0014,0.0,0.0022,0.002,0.7672,0.0014,0.0,0.0012,0.0026,0.0132,0.003,0.0004,0.0054,0.002,0.0014,0.003,0.003,0.2612,0.0008,0.0012,0.004,0.002,1.0,0.0076,0.0122,0.0008,0.0012,0.2638,0.0222,0.1922,0.0044,0.007,0.0012,0.0026,0.1818,0.0214,0.0036,0.0056,0.0008,0.0028,0.0008,0.0016,0.0016,0.2,0.002,0.0014,0.0112,0.0052,0.138,0.0014,0.0034,0.0012,0.0026,0.0004,0.0174,0.0138,0.004,0.175,0.0028,0.0284,0.0012,0.0014,0.0162,0.0038,0.0024,0.0032,0.002,0.002,0.002,0.0066,0.0044,0.0032,0.003,0.0,0.0192,0.0074,0.0096,0.0006
45,0.0052,0.0048,0.0008,0.0112,0.0038,0.0004,0.0006,0.0056,0.0004,0.0022,0.0062,0.002,0.0042,0.0076,0.0004,0.0034,0.0,0.0072,0.0066,0.0036,0.0128,0.0012,0.0036,0.0066,0.004,0.0058,0.0012,0.0002,0.0024,0.0052,0.0036,0.0026,0.0,0.0028,0.0072,0.0006,0.0066,0.008,0.0,0.009,0.007,0.0,0.0016,0.0038,0.0076,1.0,0.0046,0.0022,0.0044,0.006,0.0078,0.0066,0.0042,0.0144,0.002,0.0014,0.0074,0.008,0.0004,0.004,0.0012,0.0004,0.0064,0.0104,0.002,0.01,0.0012,0.0064,0.007,0.0006,0.0094,0.001,0.0006,0.007,0.0,0.002,0.007,0.0064,0.0002,0.0026,0.0,0.0024,0.0014,0.0028,0.0088,0.0,0.0004,0.0002,0.0008,0.0066,0.0028,0.0012,0.0,0.0004,0.0006,0.0008,0.0016,0.0114,0.0114,0.007
46,0.0074,0.0086,0.0004,0.0102,0.0006,0.004,0.0036,0.0112,0.0006,0.0048,0.0014,0.0004,0.005,0.0028,0.008,0.0154,0.0014,0.001,0.005,0.0074,0.0012,0.005,0.0124,0.0022,0.0174,0.0,0.0068,0.0014,0.002,0.0076,0.0014,0.0054,0.0042,0.0024,0.0012,0.0018,0.0014,0.0104,0.0014,0.0026,0.0014,0.0004,0.0004,0.0002,0.0122,0.0046,1.0,0.0068,0.0004,0.001,0.0024,0.0006,0.007,0.0022,0.0088,0.0032,0.0018,0.0018,0.0014,0.008,0.0006,0.0032,0.0028,0.0024,0.0022,0.0004,0.0052,0.0008,0.0074,0.0014,0.0004,0.0046,0.0006,0.0012,0.0042,0.0002,0.0028,0.0016,0.0016,0.0012,0.0026,0.0024,0.0036,0.0066,0.0048,0.0124,0.0036,0.0032,0.0018,0.002,0.0052,0.0084,0.0036,0.0032,0.001,0.0,0.003,0.0004,0.0018,0.0012
47,0.0034,0.8298,0.0858,0.0064,0.0016,0.0024,0.039,0.001,0.0042,0.0,0.0014,0.0024,0.0002,0.0,0.0052,0.0008,0.0178,0.006,0.0002,0.0008,0.0,0.0,0.0016,0.001,0.0006,0.0134,0.0,0.0022,0.001,0.0046,0.0108,0.002,0.2018,0.002,0.0088,0.001,0.0002,0.0072,0.203,0.0032,0.0002,0.0018,0.0044,0.0008,0.0008,0.0022,0.0068,1.0,0.0048,0.0034,0.0004,0.0032,0.0006,0.0054,0.0046,0.0382,0.0066,0.0002,0.039,0.012,0.0022,0.0016,0.0,0.0004,0.0074,0.003,0.0006,0.0128,0.006,0.0036,0.0,0.7568,0.003,0.0022,0.2658,0.0062,0.0014,0.0154,0.4542,0.002,0.688,0.0178,0.0008,0.0114,0.0038,0.012,0.7484,0.0732,0.0042,0.0058,0.169,0.001,0.4722,0.3854,0.0068,0.001,0.0154,0.0134,0.0138,0.0024
48,0.0068,0.0022,0.0012,0.0022,0.0044,0.0002,0.0062,0.002,0.0114,0.4882,0.002,0.0128,0.0006,0.0032,0.0758,0.0016,0.0026,0.0092,0.0072,0.0016,0.0116,0.0008,0.0092,0.0168,0.0036,0.016,0.0012,0.003,0.0012,0.3314,0.0076,0.0024,0.016,0.6002,0.0098,0.0092,0.0024,0.0044,0.005,0.0038,0.0036,0.0004,0.0272,0.0022,0.0012,0.0044,0.0004,0.0048,1.0,0.0044,0.0096,0.0012,0.004,0.0048,0.0022,0.0,0.0056,0.0088,0.0094,0.0014,0.0046,0.0008,0.0026,0.0018,0.0056,0.0044,0.0012,0.0096,0.0086,0.0012,0.0056,0.0068,0.0,0.0008,0.009,0.008,0.0084,0.0016,0.0118,0.0,0.009,0.0018,0.0084,0.0076,0.009,0.0024,0.0108,0.009,0.0018,0.0018,0.0002,0.0008,0.0096,0.0036,0.0056,0.0,0.002,0.0038,0.0044,0.0018
49,0.0044,0.0014,0.0026,0.0008,0.0014,0.0004,0.0126,0.3568,0.0012,0.0026,0.009,0.0018,0.2766,0.0036,0.0024,0.0038,0.017,0.0014,0.0004,0.003,0.0018,0.1574,0.0022,0.008,0.001,0.0044,0.1012,0.0094,0.0032,0.0008,0.0038,0.0056,0.0002,0.0032,0.0104,0.0012,0.0148,0.001,0.0008,0.9828,0.0036,0.0012,0.007,0.0016,0.2638,0.006,0.001,0.0034,0.0044,1.0,0.2654,0.032,0.003,0.0018,0.0004,0.003,0.9558,0.294,0.0094,0.0004,0.004,0.002,0.0058,0.0048,0.0038,0.9648,0.0048,0.0068,0.1702,0.0012,0.6656,0.0016,0.002,0.0008,0.0008,0.0034,0.2556,0.0136,0.0004,0.0184,0.0004,0.168,0.0022,0.0004,0.2108,0.0008,0.0036,0.0064,0.0052,0.003,0.0058,0.0062,0.0036,0.0028,0.002,0.0,0.1694,0.0056,0.0042,0.001
50,0.0052,0.0006,0.0102,0.005,0.002,0.0044,0.0172,0.0358,0.011,0.0144,0.001,0.0012,0.0314,0.0034,0.0002,0.001,0.0018,0.002,0.0028,0.0042,0.0,0.0114,0.003,0.0058,0.002,0.0038,0.0108,0.0,0.003,0.001,0.007,0.0064,0.0132,0.0164,0.006,0.0028,0.0008,0.0042,0.0144,0.247,0.0012,0.001,0.0034,0.0016,0.0222,0.0078,0.0024,0.0004,0.0096,0.2654,1.0,0.0072,0.0044,0.0026,0.0056,0.009,0.316,0.9754,0.0158,0.0024,0.0004,0.0062,0.003,0.0042,0.0046,0.2966,0.0026,0.0072,0.8434,0.003,0.4434,0.0018,0.001,0.0036,0.0132,0.0082,0.9,0.0,0.0096,0.0008,0.0026,0.0334,0.0054,0.0086,0.9372,0.0074,0.0056,0.0138,0.0008,0.0042,0.0112,0.0078,0.0078,0.0002,0.0034,0.0014,0.0786,0.0056,0.0052,0.0024
51,0.001,0.0006,0.0014,0.0038,0.0134,0.0062,0.005,0.1508,0.0066,0.0004,0.0402,0.0138,0.0614,0.0078,0.0024,0.0168,0.0,0.0026,0.0016,0.0178,0.0022,0.066,0.0024,0.0036,0.0018,0.0136,0.0908,0.003,0.0074,0.0,0.008,0.0074,0.0126,0.0014,0.0094,0.0124,0.0012,0.0066,0.003,0.0384,0.0112,0.001,0.004,0.0002,0.1922,0.0066,0.0006,0.0032,0.0012,0.032,0.0072,1.0,0.0054,0.022,0.0004,0.002,0.03,0.0084,0.0066,0.0006,0.0022,0.0094,0.0068,0.0082,0.0026,0.0264,0.0158,0.0124,0.0078,0.0,0.0214,0.0052,0.019,0.0108,0.01,0.0006,0.0046,0.0156,0.0076,0.0568,0.008,0.0156,0.0054,0.0016,0.007,0.0184,0.009,0.0068,0.0,0.0034,0.0004,0.002,0.0116,0.0006,0.0056,0.0008,0.0088,0.068,0.0356,0.0072
52,0.0026,0.0048,0.0022,0.7058,0.002,0.0138,0.0056,0.004,0.0038,0.0022,0.0012,0.005,0.0034,0.0008,0.0014,0.0024,0.001,0.0002,0.0026,0.002,0.0014,0.0076,0.0064,0.0004,0.0038,0.0034,0.0086,0.0068,0.0034,0.0002,0.0024,0.0006,0.0036,0.0024,0.0022,0.005,0.0026,0.703,0.0042,0.0036,0.0008,0.0058,0.0064,0.015,0.0044,0.0042,0.007,0.0006,0.004,0.003,0.0044,0.0054,1.0,0.0036,0.002,0.0042,0.0012,0.0022,0.008,0.011,0.0,0.0088,0.0004,0.002,0.0004,0.0016,0.0004,0.003,0.0026,0.014,0.0008,0.0036,0.0004,0.0016,0.0032,0.149,0.0002,0.0014,0.0028,0.0,0.0032,0.0016,0.0018,0.007,0.0032,0.0054,0.001,0.0048,0.0066,0.0012,0.008,0.0058,0.0028,0.0026,0.0064,0.0104,0.0014,0.0036,0.0064,0.0016
53,0.0098,0.0048,0.0012,0.0044,0.0008,0.0014,0.0008,0.004,0.0006,0.0008,0.034,0.013,0.0054,0.0244,0.0016,0.0168,0.0026,0.0052,0.0012,0.046,0.0046,0.0022,0.0052,0.008,0.0026,0.0066,0.004,0.0016,0.001,0.0022,0.0032,0.0458,0.0022,0.0,0.0036,0.001,0.0002,0.0032,0.0012,0.004,0.022,0.0002,0.0028,0.0048,0.007,0.0144,0.0022,0.0054,0.0048,0.0018,0.0026,0.022,0.0036,1.0,0.0006,0.001,0.002,0.0026,0.0002,0.0962,0.0,0.008,0.0244,0.0248,0.0006,0.0024,0.0014,0.0058,0.0042,0.0002,0.0026,0.007,0.0012,0.0226,0.0038,0.0004,0.001,0.0072,0.0036,0.0186,0.0094,0.0068,0.0132,0.0038,0.0034,0.0144,0.0084,0.0,0.003,0.007,0.0016,0.0014,0.0044,0.0022,0.0018,0.0028,0.0072,0.8682,0.7462,0.0232
54,0.0008,0.0118,0.0014,0.0022,0.0004,0.0024,0.003,0.0012,0.0032,0.0004,0.0006,0.0016,0.0014,0.0004,0.0024,0.0026,0.0212,0.0044,0.0014,0.0012,0.0048,0.0008,0.0024,0.0018,0.0026,0.0032,0.0008,0.0002,0.0038,0.0002,0.0074,0.003,0.0026,0.0,0.0052,0.0026,0.0154,0.0014,0.0004,0.0002,0.0006,0.0062,0.0004,0.0016,0.0012,0.002,0.0088,0.0046,0.0022,0.0004,0.0056,0.0004,0.002,0.0006,1.0,0.0034,0.0,0.0036,0.0026,0.0214,0.0596,0.0034,0.0012,0.0012,0.0042,0.0008,0.004,0.0034,0.0026,0.0164,0.0028,0.0022,0.0038,0.0004,0.0012,0.0002,0.0016,0.0048,0.0016,0.0008,0.0006,0.0016,0.001,0.003,0.0016,0.009,0.001,0.002,0.017,0.0014,0.0006,0.0048,0.0016,0.0058,0.0004,0.0076,0.0008,0.0024,0.0058,0.0008
55,0.0156,0.062,0.1128,0.0018,0.052,0.0008,0.0062,0.0016,0.0002,0.0058,0.0004,0.0014,0.0022,0.0068,0.0028,0.0016,0.0004,0.0,0.0054,0.001,0.0048,0.002,0.003,0.0144,0.0018,0.0006,0.0016,0.026,0.0014,0.001,0.0008,0.0022,0.005,0.0048,0.0002,0.0012,0.0074,0.0026,0.0234,0.0028,0.0094,0.0284,0.0056,0.0018,0.0026,0.0014,0.0032,0.0382,0.0,0.003,0.009,0.002,0.0042,0.001,0.0034,1.0,0.0048,0.007,0.0044,0.0038,0.0006,0.0028,0.01,0.0108,0.0028,0.0038,0.0,0.002,0.005,0.0032,0.0096,0.1034,0.0026,0.0154,0.0092,0.0052,0.0056,0.0036,0.012,0.0024,0.0696,0.0016,0.0002,0.0048,0.0066,0.0012,0.0194,0.0054,0.0076,0.0046,0.3672,0.0008,0.009,0.0078,0.0014,0.0248,0.0002,0.002,0.0022,0.0152
56,0.0066,0.0036,0.0056,0.0008,0.0,0.0012,0.012,0.2456,0.0018,0.0034,0.0054,0.0016,0.18,0.007,0.0012,0.005,0.012,0.0018,0.0016,0.0052,0.0014,0.0906,0.0018,0.0082,0.0006,0.0036,0.0678,0.0066,0.0024,0.0014,0.006,0.0048,0.0002,0.0048,0.006,0.0024,0.0086,0.0008,0.002,0.9632,0.0066,0.002,0.013,0.001,0.1818,0.0074,0.0018,0.0066,0.0056,0.9558,0.316,0.03,0.0012,0.002,0.0,0.0048,1.0,0.3716,0.0118,0.0024,0.0046,0.001,0.0076,0.007,0.0064,0.995,0.002,0.0044,0.206,0.0012,0.5816,0.0012,0.0016,0.0016,0.0004,0.0068,0.3134,0.012,0.001,0.0126,0.0022,0.255,0.0036,0.0018,0.2162,0.001,0.0068,0.0052,0.0054,0.0022,0.0086,0.0066,0.0042,0.0042,0.001,0.0,0.2876,0.002,0.001,0.0044
57,0.006,0.0008,0.0132,0.0046,0.0008,0.0046,0.0132,0.0324,0.006,0.011,0.0028,0.0004,0.0204,0.0028,0.0,0.0012,0.0018,0.002,0.003,0.0048,0.0012,0.0086,0.0036,0.0074,0.002,0.0022,0.006,0.0004,0.0032,0.0006,0.0052,0.0058,0.0114,0.018,0.0042,0.0028,0.0004,0.004,0.0128,0.2726,0.0032,0.0014,0.0058,0.0032,0.0214,0.008,0.0018,0.0002,0.0088,0.294,0.9754,0.0084,0.0022,0.0026,0.0036,0.007,0.3716,1.0,0.0118,0.0012,0.001,0.006,0.0032,0.005,0.0042,0.3418,0.0026,0.0052,0.7988,0.0018,0.4364,0.0004,0.001,0.0028,0.0126,0.0102,0.9308,0.0,0.0088,0.0012,0.0034,0.0602,0.0042,0.0084,0.8972,0.007,0.0032,0.0092,0.0006,0.0048,0.009,0.0066,0.0062,0.0,0.004,0.0028,0.1262,0.004,0.0038,0.0038
58,0.0152,0.0156,0.0672,0.0048,0.0014,0.0056,0.9834,0.0032,0.0002,0.052,0.0126,0.012,0.001,0.0028,0.0172,0.007,0.002,0.0014,0.0038,0.0082,0.0008,0.0056,0.001,0.0042,0.001,0.0072,0.0044,0.0044,0.0038,0.0038,0.0018,0.0066,0.539,0.0346,0.0036,0.0014,0.002,0.0028,0.3928,0.0102,0.0022,0.0022,0.0044,0.0008,0.0036,0.0004,0.0014,0.039,0.0094,0.0094,0.0158,0.0066,0.008,0.0002,0.0026,0.0044,0.0118,0.0118,1.0,0.0146,0.0018,0.0002,0.0044,0.0044,0.0022,0.01,0.0006,0.0058,0.0078,0.0088,0.014,0.0504,0.0042,0.0012,0.4934,0.003,0.008,0.0056,0.2744,0.0098,0.0922,0.0016,0.006,0.0008,0.011,0.0016,0.1254,0.9,0.004,0.0048,0.007,0.0046,0.2592,0.0488,0.0006,0.0062,0.0058,0.0032,0.0014,0.001
