,0,1,2,3,4,5,6,7,8,9,10,11,12,13,14,15,16,17,18,19,20,21,22,23,24,25,26,27,28,29,30,31,32,33,34,35,36,37,38,39,40,41,42,43,44,45,46,47,48,49,50,51,52,53,54,55,56,57,58,59,60,61,62,63,64,65,66,67,68,69,70,71,72,73,74,75,76,77,78,79,80,81,82,83,84,85,86,87,88,89,90,91,92,93,94,95,96,97,98,99
0,1.0,0.0042,0.0106,0.0,0.0006,0.0028,0.0014,0.0004,0.0534,0.042,0.0028,0.0236,0.0002,0.5064,0.0108,0.0046,0.0062,0.0006,0.0014,0.003,0.003,0.0016,0.0046,0.0036,0.1318,0.0084,0.0012,0.0044,0.0006,0.008,0.0086,0.0,0.004,0.0516,0.013,0.0268,0.0036,0.0,0.0078,0.0016,0.4716,0.007,0.0052,0.0118,0.0004,0.0016,0.0032,0.0032,0.0314,0.0024,0.0014,0.0012,0.0002,0.0024,0.0028,0.0074,0.0018,0.0036,0.0022,0.0112,0.0014,0.0048,0.6308,0.6146,0.0046,0.0012,0.0026,0.0106,0.0006,0.0,0.0002,0.0036,0.0038,0.3926,0.0052,0.006,0.0014,0.0046,0.0024,0.0004,0.0054,0.0008,0.006,0.2562,0.0004,0.0052,0.0036,0.0048,0.0018,0.0,0.0006,0.0044,0.003,0.0034,0.0162,0.0022,0.001,0.003,0.006,0.4154
1,0.0042,1.0,0.0406,0.0028,0.0228,0.0002,0.0032,0.0026,0.0,0.0006,0.0,0.0,0.0046,0.0032,0.0004,0.0032,0.0702,0.0198,0.0012,0.0058,0.0028,0.0044,0.0004,0.002,0.0022,0.001,0.0004,0.0014,0.0008,0.0,0.0006,0.0086,0.0818,0.0012,0.0004,0.001,0.0006,0.003,0.07,0.0024,0.0026,0.0024,0.0116,0.0154,0.0022,0.0054,0.0002,0.845,0.0006,0.0022,0.0002,0.008,0.0016,0.0292,0.0106,0.048,0.002,0.0004,0.005,0.0054,0.0008,0.0,0.003,0.0032,0.015,0.0014,0.003,0.0006,0.0012,0.0018,0.0008,0.6036,0.0002,0.0032,0.1002,0.004,0.0006,0.015,0.1856,0.0004,0.465,0.0006,0.0034,0.0,0.0006,0.0012,0.432,0.0118,0.0002,0.0014,0.2562,0.005,0.2428,0.3774,0.0148,0.002,0.0014,0.0218,0.0296,0.0046
2,0.0106,0.0406,1.0,0.009,0.0186,0.0012,0.1624,0.003,0.0016,0.0104,0.0266,0.0006,0.0042,0.0016,0.002,0.013,0.008,0.012,0.0012,0.02,0.0018,0.0006,0.001,0.0002,0.0042,0.0024,0.0002,0.2724,0.0054,0.0002,0.009,0.0048,0.2372,0.0106,0.0072,0.0022,0.0032,0.0122,0.5328,0.0012,0.0038,0.0036,0.0,0.0048,0.0014,0.0018,0.0062,0.1164,0.0012,0.002,0.0034,0.0214,0.0134,0.0046,0.0008,0.125,0.003,0.0046,0.1538,0.0048,0.0032,0.001,0.0032,0.0048,0.0012,0.002,0.0088,0.0054,0.001,0.0036,0.003,0.2926,0.0024,0.004,0.321,0.0026,0.0052,0.0064,0.283,0.0114,0.3558,0.0012,0.0016,0.003,0.0004,0.0052,0.213,0.2634,0.004,0.0148,0.0124,0.0,0.2254,0.0568,0.0066,0.0,0.002,0.0022,0.006,0.007
3,0.0,0.0028,0.009,1.0,0.0,0.0044,0.0132,0.0016,0.003,0.0048,0.004,0.0062,0.0004,0.003,0.0016,0.0038,0.0002,0.0038,0.0042,0.0004,0.006,0.001,0.003,0.0,0.0016,0.0028,0.0018,0.0032,0.0034,0.0046,0.0028,0.0008,0.0078,0.0058,0.0004,0.0012,0.0012,1.0,0.0188,0.003,0.0034,0.0004,0.0036,0.0,0.0004,0.005,0.0098,0.0012,0.003,0.006,0.001,0.0018,0.6134,0.0062,0.001,0.0018,0.001,0.0024,0.0118,0.0,0.003,0.002,0.0042,0.0034,0.0036,0.0022,0.0024,0.0022,0.0046,0.002,0.001,0.001,0.0112,0.0008,0.0062,0.055,0.0058,0.0,0.007,0.0062,0.0036,0.015,0.003,0.0018,0.0026,0.011,0.0012,0.0124,0.0004,0.0,0.0082,0.0024,0.0004,0.0034,0.0004,0.0008,0.015,0.0128,0.007,0.0034
4,0.0006,0.0228,0.0186,0.0,1.0,0.002,0.0138,0.0058,0.026,0.0026,0.0062,0.0006,0.0066,0.0002,0.008,0.0106,0.0064,0.0014,0.0152,0.0052,0.006,0.0042,0.0088,0.0046,0.0016,0.0086,0.0028,0.0008,0.0012,0.0036,0.0098,0.0006,0.0272,0.004,0.013,0.0218,0.0042,0.0002,0.027,0.0026,0.0,0.002,0.0026,0.0002,0.0038,0.0032,0.0032,0.0322,0.0064,0.0018,0.0092,0.001,0.0002,0.0106,0.0022,0.0106,0.0028,0.009,0.0162,0.007,0.0024,0.0556,0.0,0.0,0.0056,0.0028,0.0022,0.0146,0.0104,0.0034,0.0082,0.0496,0.0018,0.0016,0.0336,0.0016,0.0104,0.0082,0.0496,0.0006,0.0488,0.0004,0.0,0.0186,0.0108,0.001,0.04,0.0202,0.0004,0.002,0.012,0.0,0.0292,0.012,0.0002,0.0012,0.0014,0.0082,0.009,0.0002
5,0.0028,0.0002,0.0012,0.0044,0.002,1.0,0.0106,0.001,0.0012,0.005,0.0016,0.0074,0.0046,0.0054,0.0008,0.0004,0.0038,0.0042,0.0016,0.0012,0.0022,0.0004,0.011,0.0038,0.0078,0.0014,0.0,0.0026,0.0016,0.001,0.0018,0.0004,0.0142,0.0038,0.002,0.001,0.007,0.005,0.0054,0.0042,0.0044,0.001,0.0,0.0024,0.0018,0.0038,0.005,0.0008,0.0076,0.0032,0.0008,0.002,0.003,0.0016,0.005,0.0054,0.0044,0.0008,0.0122,0.0036,0.0012,0.0008,0.0042,0.0068,0.0,0.004,0.0024,0.0022,0.0036,0.0016,0.0002,0.0002,0.0052,0.0042,0.009,0.0008,0.0038,0.0112,0.01,0.001,0.001,0.002,0.0032,0.0038,0.003,0.0164,0.0056,0.0106,0.0042,0.0016,0.0058,0.0,0.0082,0.0028,0.001,0.0052,0.0,0.0008,0.0014,0.0034
6,0.0014,0.0032,0.1624,0.0132,0.0138,0.0106,1.0,0.0006,0.0002,0.1002,0.004,0.003,0.002,0.004,0.1278,0.0076,0.0082,0.0102,0.0048,0.0164,0.0006,0.005,0.0058,0.0022,0.003,0.0048,0.0038,0.1076,0.0038,0.0192,0.0126,0.0296,0.4706,0.0804,0.009,0.001,0.0008,0.0118,0.4562,0.0054,0.0024,0.0032,0.004,0.0084,0.0014,0.0034,0.011,0.0148,0.0246,0.0054,0.0004,0.0068,0.0028,0.0056,0.0,0.0028,0.0064,0.0002,0.9868,0.0116,0.0,0.0,0.0024,0.001,0.002,0.009,0.0004,0.0056,0.002,0.0012,0.0084,0.0598,0.0006,0.0014,0.4542,0.0036,0.001,0.0004,0.2964,0.0006,0.112,0.0018,0.0,0.0002,0.0006,0.087,0.093,0.8898,0.0024,0.0076,0.002,0.0022,0.2124,0.0044,0.0062,0.0056,0.0008,0.0036,0.001,0.0028
7,0.0004,0.0026,0.003,0.0016,0.0058,0.001,0.0006,1.0,0.0046,0.0012,0.0036,0.001,0.8976,0.0004,0.0036,0.007,0.0042,0.001,0.0006,0.0012,0.0018,0.7152,0.0032,0.0004,0.0048,0.0006,0.5404,0.0004,0.0002,0.0014,0.0008,0.0008,0.008,0.0016,0.0014,0.0086,0.0114,0.0014,0.0056,0.0576,0.0012,0.0072,0.0008,0.0088,0.9588,0.002,0.0014,0.0016,0.0012,0.0464,0.0004,0.2166,0.0076,0.0028,0.0084,0.0,0.0188,0.0002,0.0018,0.0054,0.0026,0.0026,0.0002,0.0004,0.0176,0.0278,0.0214,0.0008,0.0002,0.0004,0.009,0.0026,0.001,0.0014,0.0066,0.007,0.0006,0.003,0.0036,0.0096,0.0044,0.005,0.0012,0.0028,0.0,0.0018,0.0042,0.0038,0.0086,0.0056,0.0026,0.0012,0.0058,0.0024,0.0026,0.0026,0.0032,0.0074,0.0076,0.0012
8,0.0534,0.0,0.0016,0.003,0.026,0.0012,0.0002,0.0046,1.0,0.0468,0.004,0.0,0.0012,0.0276,0.004,0.0012,0.005,0.0018,0.0012,0.002,0.0036,0.0048,0.007,0.0032,0.0006,0.0,0.0048,0.0034,0.0062,0.0092,0.004,0.0004,0.0004,0.0486,0.0028,0.843,0.003,0.002,0.0006,0.003,0.03,0.0048,0.0122,0.0042,0.0066,0.0,0.0034,0.0,0.0504,0.0012,0.008,0.0054,0.0004,0.002,0.001,0.0,0.002,0.0042,0.0006,0.0054,0.0012,0.6942,0.0398,0.057,0.0056,0.0018,0.0026,0.0016,0.0084,0.0028,0.0026,0.0,0.0022,0.0372,0.0004,0.0,0.0056,0.0404,0.0006,0.0062,0.0,0.01,0.0058,0.5962,0.0072,0.002,0.0004,0.0002,0.0,0.0026,0.006,0.001,0.0,0.0016,0.0066,0.0062,0.0024,0.0012,0.007,0.042
9,0.042,0.0006,0.0104,0.0048,0.0026,0.005,0.1002,0.0012,0.0468,1.0,0.0056,0.0012,0.0034,0.0216,0.3704,0.0096,0.0012,0.0008,0.0004,0.0032,0.009,0.0014,0.001,0.0016,0.0076,0.009,0.0016,0.0098,0.0,0.4622,0.0046,0.0008,0.0132,0.95,0.0068,0.0376,0.0002,0.0062,0.0142,0.0006,0.0212,0.0096,0.0,0.0018,0.001,0.0078,0.0072,0.0012,0.675,0.0002,0.0,0.0,0.006,0.0,0.0026,0.0006,0.0002,0.0,0.1068,0.0092,0.0002,0.0402,0.0266,0.0258,0.0024,0.0002,0.0012,0.0084,0.0,0.0074,0.0002,0.0024,0.0046,0.0212,0.0136,0.0038,0.001,0.0046,0.0106,0.0056,0.0032,0.0112,0.0054,0.0498,0.0002,0.0778,0.004,0.053,0.0006,0.0008,0.0,0.0024,0.0034,0.002,0.004,0.016,0.0086,0.0012,0.0026,0.0212
10,0.0028,0.0,0.0266,0.004,0.0062,0.0016,0.004,0.0036,0.004,0.0056,1.0,0.0016,0.004,0.005,0.0006,0.7818,0.0228,0.0038,0.0058,0.7042,0.0068,0.0096,0.0016,0.003,0.0108,0.001,0.0184,0.0062,0.006,0.0012,0.0052,0.2732,0.0186,0.0076,0.003,0.0036,0.0034,0.0048,0.0228,0.0002,0.0058,0.0802,0.0008,0.001,0.0036,0.0008,0.0102,0.0016,0.0036,0.0002,0.0002,0.01,0.0072,0.0878,0.0118,0.009,0.0,0.0002,0.0058,0.0024,0.003,0.0058,0.0026,0.0024,0.0,0.0,0.0126,0.0014,0.0004,0.0016,0.0004,0.0046,0.0146,0.0038,0.018,0.0052,0.001,0.0066,0.0242,0.5988,0.0088,0.0062,0.005,0.001,0.0002,0.004,0.0122,0.0138,0.0128,0.005,0.001,0.008,0.0142,0.009,0.003,0.0404,0.0044,0.0998,0.0348,0.0056
11,0.0236,0.0,0.0006,0.0062,0.0006,0.0074,0.003,0.001,0.0,0.0012,0.0016,1.0,0.0006,0.2564,0.0006,0.0032,0.0006,0.0048,0.0006,0.0032,0.0008,0.0006,0.0004,0.0052,0.0588,0.5756,0.0008,0.0,0.0002,0.0056,0.074,0.0044,0.0014,0.0032,0.1648,0.0,0.0022,0.0054,0.0032,0.0,0.2296,0.0008,0.0056,0.0018,0.001,0.0006,0.0006,0.0006,0.0046,0.0,0.0064,0.0002,0.0006,0.0018,0.0028,0.0012,0.0014,0.0078,0.0022,0.0076,0.0008,0.001,0.163,0.1142,0.0102,0.0004,0.0144,0.3416,0.0038,0.0012,0.0024,0.0012,0.0006,0.1218,0.003,0.0042,0.0054,0.0012,0.003,0.0002,0.003,0.001,0.0004,0.0044,0.0048,0.0034,0.0022,0.0032,0.001,0.0028,0.0026,0.0042,0.001,0.0022,0.003,0.0026,0.0028,0.0,0.0004,0.129
12,0.0002,0.0046,0.0042,0.0004,0.0066,0.0046,0.002,0.8976,0.0012,0.0034,0.004,0.0006,1.0,0.0006,0.006,0.0058,0.004,0.0048,0.0,0.0026,0.0036,0.7888,0.0042,0.0016,0.0034,0.0032,0.5752,0.0008,0.0002,0.0032,0.0004,0.0012,0.0068,0.004,0.002,0.004,0.0124,0.0004,0.0054,0.0352,0.0004,0.0158,0.0006,0.0096,0.839,0.0006,0.0012,0.0012,0.003,0.0302,0.0018,0.1462,0.0038,0.0032,0.0086,0.0004,0.0118,0.0002,0.0014,0.0026,0.0062,0.0016,0.0002,0.0002,0.019,0.014,0.0216,0.0012,0.0006,0.0034,0.0052,0.003,0.0004,0.0002,0.0098,0.0076,0.0006,0.0018,0.003,0.0114,0.002,0.0016,0.001,0.0028,0.0004,0.001,0.0036,0.003,0.012,0.0052,0.0048,0.0006,0.0042,0.0028,0.0032,0.0062,0.0004,0.0074,0.0108,0.0004
13,0.5064,0.0032,0.0016,0.003,0.0002,0.0054,0.004,0.0004,0.0276,0.0216,0.005,0.2564,0.0006,1.0,0.0018,0.007,0.0102,0.0006,0.0,0.0024,0.002,0.0022,0.002,0.011,0.1728,0.0444,0.0024,0.0024,0.0002,0.0002,0.0076,0.0028,0.0014,0.0314,0.014,0.0128,0.008,0.0016,0.002,0.0024,0.9464,0.0092,0.0102,0.0106,0.0002,0.0078,0.0004,0.0034,0.0102,0.0022,0.0,0.0,0.0004,0.0018,0.0016,0.0054,0.0024,0.0,0.0054,0.0048,0.0044,0.0084,0.9522,0.8742,0.0098,0.0032,0.0062,0.019,0.001,0.0012,0.001,0.001,0.0018,0.7374,0.0008,0.004,0.0008,0.0068,0.0006,0.0002,0.0,0.0002,0.0362,0.0678,0.0,0.0038,0.0004,0.0042,0.003,0.0082,0.0032,0.0018,0.0008,0.001,0.0194,0.004,0.0004,0.0,0.0004,0.761
14,0.0108,0.0004,0.002,0.0016,0.008,0.0008,0.1278,0.0036,0.004,0.3704,0.0006,0.0006,0.006,0.0018,1.0,0.001,0.0014,0.0002,0.009,0.0002,0.006,0.004,0.0312,0.0,0.0,0.0076,0.0036,0.0442,0.0054,0.557,0.0084,0.002,0.025,0.2856,0.0056,0.0014,0.0034,0.0016,0.017,0.0028,0.0014,0.0086,0.0116,0.0,0.004,0.0022,0.0072,0.0014,0.15,0.0024,0.0002,0.0,0.0012,0.0012,0.0002,0.0048,0.0034,0.0004,0.1284,0.0024,0.0006,0.0166,0.0028,0.0036,0.0008,0.0038,0.0034,0.013,0.0,0.0022,0.0002,0.0024,0.0004,0.0016,0.0214,0.0056,0.0006,0.001,0.0254,0.0006,0.0042,0.001,0.0006,0.004,0.0008,0.017,0.0064,0.069,0.0074,0.0006,0.0004,0.0092,0.0092,0.0068,0.0056,0.0164,0.0008,0.0014,0.0036,0.0014
15,0.0046,0.0032,0.013,0.0038,0.0106,0.0004,0.0076,0.007,0.0012,0.0096,0.7818,0.0032,0.0058,0.007,0.001,1.0,0.004,0.003,0.0042,0.6328,0.0056,0.0148,0.0012,0.0012,0.011,0.0044,0.015,0.0018,0.008,0.0016,0.0084,0.2466,0.014,0.0106,0.0112,0.0042,0.0246,0.0032,0.0184,0.0,0.0156,0.1812,0.002,0.0018,0.0064,0.0016,0.0058,0.0028,0.0052,0.0,0.0004,0.0022,0.005,0.052,0.0028,0.0044,0.0004,0.0002,0.0074,0.001,0.003,0.0042,0.006,0.0064,0.0004,0.0,0.0134,0.0052,0.0002,0.0008,0.0,0.003,0.0052,0.012,0.0122,0.0022,0.0002,0.0086,0.0086,0.4754,0.005,0.009,0.0008,0.0006,0.0002,0.002,0.0042,0.0136,0.0368,0.0068,0.0014,0.0086,0.0096,0.0018,0.0028,0.0724,0.0092,0.0312,0.0148,0.0118
16,0.0062,0.0702,0.008,0.0002,0.0064,0.0038,0.0082,0.0042,0.005,0.0012,0.0228,0.0006,0.004,0.0102,0.0014,0.004,1.0,0.0,0.0038,0.014,0.0052,0.006,0.0038,0.0024,0.007,0.0,0.0134,0.0052,0.0024,0.0014,0.0008,0.0062,0.0302,0.0032,0.0006,0.0024,0.0002,0.0006,0.0212,0.0024,0.011,0.0008,0.001,0.001,0.0048,0.013,0.0004,0.0984,0.0016,0.0038,0.0018,0.009,0.0018,0.0514,0.2704,0.0042,0.0028,0.0008,0.007,0.0046,0.002,0.0056,0.0098,0.0092,0.0034,0.0014,0.008,0.0,0.0008,0.01,0.0008,0.0528,0.011,0.007,0.0338,0.0006,0.001,0.006,0.0372,0.0188,0.0458,0.0028,0.0148,0.0058,0.0004,0.003,0.0846,0.0172,0.0002,0.0074,0.0034,0.0006,0.0614,0.1564,0.002,0.0008,0.0024,0.0548,0.0296,0.0078
17,0.0006,0.0198,0.012,0.0038,0.0014,0.0042,0.0102,0.001,0.0018,0.0008,0.0038,0.0048,0.0048,0.0006,0.0002,0.003,0.0,1.0,0.0268,0.0078,0.0034,0.0032,0.0104,0.0246,0.0066,0.0054,0.0022,0.0006,0.0,0.0,0.003,0.007,0.0038,0.0024,0.0036,0.0022,0.0058,0.005,0.002,0.0024,0.0006,0.012,0.0082,0.0012,0.001,0.0036,0.0066,0.0216,0.0014,0.0012,0.0054,0.0032,0.0034,0.0128,0.0012,0.0106,0.0024,0.0084,0.009,0.008,0.001,0.0004,0.0018,0.0018,0.0004,0.0012,0.0048,0.0042,0.0056,0.0062,0.001,0.0236,0.0054,0.0026,0.0036,0.0084,0.0074,0.0032,0.0058,0.0004,0.0184,0.0018,0.011,0.0046,0.005,0.0176,0.0124,0.004,0.0,0.0042,0.018,0.0008,0.0084,0.0072,0.0016,0.0128,0.0016,0.0028,0.001,0.0018
18,0.0014,0.0012,0.0012,0.0042,0.0152,0.0016,0.0048,0.0006,0.0012,0.0004,0.0058,0.0006,0.0,0.0,0.009,0.0042,0.0038,0.0268,1.0,0.0044,0.0024,0.0006,0.5172,0.2934,0.0128,0.0002,0.0006,0.0152,0.0492,0.005,0.0012,0.0032,0.0004,0.0026,0.0008,0.0004,0.0094,0.005,0.0026,0.0024,0.001,0.012,0.0036,0.0042,0.0008,0.0042,0.0018,0.0004,0.0022,0.0026,0.0032,0.001,0.0064,0.0108,0.002,0.0272,0.0032,0.0024,0.0034,0.0026,0.0004,0.0004,0.0,0.0,0.0014,0.0046,0.0036,0.0002,0.0052,0.0002,0.0034,0.0,0.006,0.0012,0.0014,0.0098,0.0056,0.0012,0.0018,0.0038,0.0004,0.0012,0.0036,0.0014,0.0062,0.0006,0.0018,0.0032,0.0134,0.0032,0.0022,0.0032,0.0012,0.0032,0.0026,0.0128,0.0,0.0094,0.0078,0.001
19,0.003,0.0058,0.02,0.0004,0.0052,0.0012,0.0164,0.0012,0.002,0.0032,0.7042,0.0032,0.0026,0.0024,0.0002,0.6328,0.014,0.0078,0.0044,1.0,0.0068,0.0056,0.0014,0.009,0.0054,0.0014,0.0038,0.0054,0.0072,0.001,0.0058,0.7458,0.0134,0.0036,0.0066,0.0018,0.0068,0.0012,0.0284,0.0,0.0048,0.1418,0.002,0.0008,0.0012,0.0004,0.0076,0.0024,0.001,0.0004,0.0004,0.0026,0.0008,0.0594,0.0066,0.0,0.0,0.0002,0.0172,0.0012,0.0044,0.004,0.002,0.0004,0.0004,0.0,0.0088,0.004,0.0012,0.001,0.0002,0.0012,0.0066,0.0066,0.0184,0.0036,0.0024,0.0058,0.0122,0.1882,0.0028,0.0078,0.0032,0.0002,0.0008,0.0122,0.0028,0.0346,0.0276,0.006,0.0008,0.0044,0.0052,0.0042,0.0014,0.0674,0.0042,0.0452,0.0084,0.004
20,0.003,0.0028,0.0018,0.006,0.006,0.0022,0.0006,0.0018,0.0036,0.009,0.0068,0.0008,0.0036,0.002,0.006,0.0056,0.0052,0.0034,0.0024,0.0068,1.0,0.002,0.0072,0.0008,0.0022,0.0006,0.0032,0.0038,0.003,0.0068,0.004,0.0022,0.0062,0.0098,0.0042,0.0046,0.0034,0.0052,0.0024,0.0018,0.0036,0.0026,0.001,0.0066,0.0018,0.0,0.001,0.0008,0.0062,0.0022,0.0072,0.0058,0.0036,0.0124,0.009,0.0014,0.001,0.006,0.0012,0.0006,0.0032,0.0132,0.0042,0.0052,0.0044,0.0014,0.0086,0.0012,0.0066,0.005,0.004,0.0018,0.0038,0.005,0.005,0.0006,0.0044,0.0008,0.0018,0.0008,0.0008,0.0024,0.0094,0.0004,0.0086,0.0014,0.0022,0.0022,0.003,0.0848,0.001,0.024,0.0028,0.0004,0.0026,0.001,0.0018,0.0078,0.0026,0.0062
21,0.0016,0.0044,0.0006,0.001,0.0042,0.0004,0.005,0.7152,0.0048,0.0014,0.0096,0.0006,0.7888,0.0022,0.004,0.0148,0.006,0.0032,0.0006,0.0056,0.002,1.0,0.0022,0.0004,0.0046,0.0012,0.9166,0.0022,0.0002,0.001,0.0002,0.0022,0.0078,0.0016,0.0002,0.0054,0.0076,0.0014,0.011,0.008,0.0022,0.0126,0.0018,0.0074,0.8052,0.0024,0.0,0.0014,0.0008,0.008,0.0006,0.2334,0.0002,0.0132,0.0116,0.0,0.0044,0.0008,0.0036,0.0036,0.0032,0.002,0.0014,0.0008,0.019,0.0058,0.0226,0.0004,0.0008,0.0012,0.0014,0.0026,0.0006,0.0024,0.0098,0.003,0.0006,0.0004,0.0028,0.0494,0.0042,0.0008,0.0,0.002,0.0004,0.0014,0.0034,0.0082,0.011,0.0094,0.0014,0.0012,0.0046,0.0022,0.0036,0.007,0.0014,0.0216,0.0254,0.0012
22,0.0046,0.0004,0.001,0.003,0.0088,0.011,0.0058,0.0032,0.007,0.001,0.0016,0.0004,0.0042,0.002,0.0312,0.0012,0.0038,0.0104,0.5172,0.0014,0.0072,0.0022,1.0,0.0576,0.0026,0.0006,0.0024,0.0174,0.0478,0.003,0.0022,0.0008,0.0004,0.0094,0.003,0.0056,0.0028,0.0038,0.0,0.0064,0.004,0.006,0.0,0.0052,0.0038,0.0002,0.0018,0.0006,0.0104,0.007,0.0006,0.0002,0.002,0.0038,0.004,0.017,0.0098,0.0004,0.0052,0.0018,0.0008,0.0062,0.0026,0.0016,0.0008,0.0104,0.0004,0.0006,0.001,0.0,0.0104,0.0006,0.011,0.0012,0.0002,0.0108,0.0002,0.0006,0.0004,0.0014,0.0002,0.0052,0.0024,0.0076,0.0004,0.0098,0.0008,0.0016,0.0108,0.0014,0.0008,0.0022,0.0004,0.0006,0.003,0.017,0.0028,0.0032,0.0016,0.0004
23,0.0036,0.002,0.0002,0.0,0.0046,0.0038,0.0022,0.0004,0.0032,0.0016,0.003,0.0052,0.0016,0.011,0.0,0.0012,0.0024,0.0246,0.2934,0.009,0.0008,0.0004,0.0576,1.0,0.0034,0.0046,0.0004,0.003,0.0314,0.0012,0.0066,0.0096,0.0082,0.003,0.0058,0.0014,0.0018,0.0004,0.0046,0.0008,0.0092,0.001,0.1494,0.0004,0.0004,0.0006,0.0016,0.0024,0.003,0.0006,0.0048,0.0012,0.0012,0.0056,0.0002,0.007,0.001,0.006,0.003,0.0104,0.0004,0.0044,0.007,0.011,0.0058,0.0006,0.0004,0.006,0.0028,0.0,0.0026,0.0022,0.0004,0.0096,0.005,0.0038,0.0062,0.0076,0.001,0.0004,0.0016,0.0012,0.0102,0.0016,0.0068,0.0032,0.004,0.0038,0.0008,0.0154,0.0062,0.0006,0.0046,0.0016,0.0026,0.001,0.0016,0.0046,0.0076,0.01
24,0.1318,0.0022,0.0042,0.0016,0.0016,0.0078,0.003,0.0048,0.0006,0.0076,0.0108,0.0588,0.0034,0.1728,0.0,0.011,0.007,0.0066,0.0128,0.0054,0.0022,0.0046,0.0026,0.0034,1.0,0.025,0.0016,0.0012,0.0026,0.0024,0.0134,0.0044,0.0128,0.0176,0.0176,0.0022,0.0116,0.0018,0.0202,0.0014,0.1762,0.0022,0.0004,0.0014,0.0052,0.0032,0.001,0.0024,0.0082,0.0016,0.0028,0.0018,0.0022,0.002,0.005,0.0118,0.0018,0.0026,0.0062,0.0116,0.0038,0.0014,0.1244,0.0924,0.005,0.0016,0.001,0.0146,0.0008,0.005,0.0028,0.0084,0.0008,0.1076,0.0136,0.0,0.0002,0.0024,0.0148,0.0054,0.0128,0.0016,0.009,0.0134,0.0008,0.0212,0.008,0.0086,0.0086,0.0,0.0096,0.003,0.0084,0.0026,0.0,0.0012,0.0002,0.0018,0.0002,0.1414
25,0.0084,0.001,0.0024,0.0028,0.0086,0.0014,0.0048,0.0006,0.0,0.009,0.001,0.5756,0.0032,0.0444,0.0076,0.0044,0.0,0.0054,0.0002,0.0014,0.0006,0.0012,0.0006,0.0046,0.025,1.0,0.0008,0.0014,0.0008,0.01,0.4696,0.0012,0.002,0.0094,0.6962,0.0,0.0016,0.0022,0.0082,0.0,0.044,0.0,0.0056,0.0004,0.0018,0.0018,0.0002,0.0004,0.0066,0.0002,0.0024,0.0002,0.0008,0.0034,0.0048,0.0012,0.0004,0.0032,0.0036,0.0142,0.0008,0.0016,0.0294,0.0282,0.0106,0.0,0.008,0.8998,0.0004,0.0016,0.0004,0.0026,0.0012,0.0328,0.0026,0.0004,0.003,0.0006,0.004,0.0008,0.0016,0.0096,0.0006,0.006,0.0026,0.0074,0.0016,0.0042,0.0004,0.0106,0.0022,0.0026,0.0012,0.0016,0.0002,0.0018,0.0088,0.0004,0.002,0.0294
26,0.0012,0.0004,0.0002,0.0018,0.0028,0.0,0.0038,0.5404,0.0048,0.0016,0.0184,0.0008,0.5752,0.0024,0.0036,0.015,0.0134,0.0022,0.0006,0.0038,0.0032,0.9166,0.0024,0.0004,0.0016,0.0008,1.0,0.0024,0.0,0.0018,0.0008,0.0012,0.0102,0.0006,0.0,0.0046,0.0044,0.0018,0.0062,0.0084,0.0022,0.0124,0.0032,0.0084,0.674,0.0026,0.0,0.0014,0.0,0.0058,0.0008,0.2698,0.0,0.0172,0.0082,0.0006,0.0038,0.0002,0.0054,0.001,0.0016,0.0012,0.0012,0.0028,0.0218,0.0052,0.0194,0.0008,0.0004,0.0006,0.0012,0.0018,0.0002,0.0036,0.0076,0.0028,0.0004,0.0002,0.004,0.1146,0.0022,0.0018,0.0006,0.0012,0.0008,0.0024,0.0036,0.0074,0.009,0.0086,0.0012,0.0074,0.0048,0.0036,0.008,0.005,0.0032,0.0304,0.0426,0.002
27,0.0044,0.0014,0.2724,0.0032,0.0008,0.0026,0.1076,0.0004,0.0034,0.0098,0.0062,0.0,0.0008,0.0024,0.0442,0.0018,0.0052,0.0006,0.0152,0.0054,0.0038,0.0022,0.0174,0.003,0.0012,0.0014,0.0024,1.0,0.0042,0.0032,0.006,0.0064,0.0714,0.009,0.0032,0.0016,0.0,0.0022,0.1302,0.0018,0.0038,0.0054,0.002,0.0002,0.0002,0.0074,0.0004,0.006,0.0014,0.0014,0.004,0.0026,0.001,0.0,0.0024,0.0062,0.0008,0.0044,0.088,0.0004,0.0012,0.0016,0.0038,0.0028,0.005,0.0026,0.009,0.0026,0.001,0.003,0.0,0.0234,0.0046,0.0044,0.0782,0.0014,0.0012,0.0018,0.0718,0.0066,0.033,0.0134,0.0034,0.0042,0.0014,0.0038,0.0288,0.1134,0.0062,0.0172,0.0066,0.0026,0.0376,0.0134,0.0,0.0152,0.0118,0.0002,0.001,0.0038
28,0.0006,0.0008,0.0054,0.0034,0.0012,0.0016,0.0038,0.0002,0.0062,0.0,0.006,0.0002,0.0002,0.0002,0.0054,0.008,0.0024,0.0,0.0492,0.0072,0.003,0.0002,0.0478,0.0314,0.0026,0.0008,0.0,0.0042,1.0,0.0016,0.002,0.0042,0.001,0.0024,0.002,0.0062,0.0002,0.0022,0.0032,0.0018,0.0,0.0,0.0026,0.0002,0.0,0.001,0.0002,0.0016,0.0022,0.002,0.0022,0.002,0.0004,0.0012,0.0008,0.001,0.0024,0.0022,0.001,0.0002,0.0004,0.0066,0.0,0.0004,0.0014,0.0028,0.003,0.002,0.0062,0.0148,0.0004,0.0024,0.0022,0.0006,0.001,0.0,0.0008,0.0044,0.0016,0.0046,0.0028,0.0116,0.0016,0.0034,0.0028,0.0002,0.0012,0.0028,0.0002,0.0056,0.0004,0.01,0.0016,0.0014,0.0008,0.0002,0.0138,0.0022,0.0034,0.0002
29,0.008,0.0,0.0002,0.0046,0.0036,0.001,0.0192,0.0014,0.0092,0.4622,0.0012,0.0056,0.0032,0.0002,0.557,0.0016,0.0014,0.0,0.005,0.001,0.0068,0.001,0.003,0.0012,0.0024,0.01,0.0018,0.0032,0.0016,1.0,0.0014,0.0004,0.0044,0.3502,0.0036,0.011,0.0046,0.004,0.0008,0.0006,0.0004,0.0016,0.015,0.001,0.0014,0.0012,0.0046,0.0006,0.4264,0.0006,0.0006,0.0002,0.004,0.001,0.0006,0.0016,0.0022,0.0008,0.0276,0.0028,0.0002,0.0384,0.0002,0.0008,0.0066,0.001,0.0028,0.0086,0.0,0.002,0.001,0.0012,0.0,0.0016,0.0042,0.0014,0.001,0.0008,0.0056,0.002,0.0008,0.004,0.0024,0.0084,0.0002,0.007,0.0028,0.0082,0.004,0.002,0.0006,0.006,0.0026,0.0006,0.0066,0.0036,0.0022,0.0008,0.0018,0.0026
30,0.0086,0.0006,0.009,0.0028,0.0098,0.0018,0.0126,0.0008,0.004,0.0046,0.0052,0.074,0.0004,0.0076,0.0084,0.0084,0.0008,0.003,0.0012,0.0058,0.004,0.0002,0.0022,0.0066,0.0134,0.4696,0.0008,0.006,0.002,0.0014,1.0,0.0104,0.0018,0.0048,0.881,0.0024,0.0028,0.0036,0.0058,0.0004,0.0096,0.004,0.003,0.002,0.0002,0.0024,0.0006,0.001,0.0034,0.0016,0.0024,0.0046,0.0022,0.0042,0.003,0.0008,0.0008,0.003,0.0156,0.025,0.0012,0.0024,0.0102,0.0114,0.0164,0.0,0.0036,0.7332,0.0014,0.0016,0.0,0.0,0.003,0.0098,0.0016,0.007,0.0018,0.0034,0.0016,0.0024,0.0008,0.014,0.0004,0.0034,0.0014,0.0154,0.0008,0.0088,0.0006,0.1898,0.003,0.0004,0.0,0.0042,0.0004,0.0068,0.0126,0.0012,0.0032,0.01
31,0.0,0.0086,0.0048,0.0008,0.0006,0.0004,0.0296,0.0008,0.0004,0.0008,0.2732,0.0044,0.0012,0.0028,0.002,0.2466,0.0062,0.007,0.0032,0.7458,0.0022,0.0022,0.0008,0.0096,0.0044,0.0012,0.0012,0.0064,0.0042,0.0004,0.0104,1.0,0.0046,0.002,0.0086,0.0018,0.0048,0.0006,0.0126,0.0002,0.0058,0.163,0.0044,0.0032,0.0,0.0008,0.007,0.0074,0.0002,0.0002,0.002,0.005,0.0002,0.0342,0.005,0.0036,0.0004,0.0012,0.0272,0.016,0.0112,0.0002,0.002,0.0014,0.0034,0.0002,0.0018,0.0034,0.001,0.002,0.0004,0.005,0.0004,0.005,0.0092,0.0016,0.0028,0.0008,0.0032,0.0344,0.0028,0.0034,0.0022,0.0012,0.0012,0.013,0.005,0.0332,0.0204,0.0028,0.0022,0.0018,0.006,0.0036,0.0092,0.0854,0.002,0.0116,0.001,0.0044
32,0.004,0.0818,0.2372,0.0078,0.0272,0.0142,0.4706,0.008,0.0004,0.0132,0.0186,0.0014,0.0068,0.0014,0.025,0.014,0.0302,0.0038,0.0004,0.0134,0.0062,0.0078,0.0004,0.0082,0.0128,0.002,0.0102,0.0714,0.001,0.0044,0.0018,0.0046,1.0,0.012,0.0044,0.0,0.0014,0.0062,0.7632,0.0014,0.0024,0.0042,0.0026,0.0032,0.006,0.0016,0.0056,0.24,0.006,0.0024,0.0004,0.0096,0.009,0.0216,0.004,0.0074,0.0018,0.0004,0.5188,0.0502,0.0,0.0006,0.001,0.0012,0.0004,0.002,0.007,0.0012,0.0004,0.005,0.0016,0.3806,0.0016,0.0006,0.9568,0.0026,0.0008,0.0,0.7974,0.0082,0.515,0.004,0.003,0.0,0.0002,0.0504,0.5922,0.7256,0.0024,0.0028,0.0266,0.0056,0.7948,0.2016,0.004,0.0048,0.0016,0.0194,0.0094,0.0008
33,0.0516,0.0012,0.0106,0.0058,0.004,0.0038,0.0804,0.0016,0.0486,0.95,0.0076,0.0032,0.004,0.0314,0.2856,0.0106,0.0032,0.0024,0.0026,0.0036,0.0098,0.0016,0.0094,0.003,0.0176,0.0094,0.0006,0.009,0.0024,0.3502,0.0048,0.002,0.012,1.0,0.007,0.046,0.0008,0.0058,0.0122,0.0004,0.0378,0.009,0.002,0.0012,0.0026,0.013,0.0068,0.0012,0.7124,0.001,0.0,0.0,0.0126,0.0002,0.0018,0.0,0.0,0.0,0.0848,0.0108,0.0,0.0482,0.0362,0.0388,0.0,0.0004,0.0,0.0126,0.0,0.0058,0.0012,0.003,0.0042,0.0356,0.0118,0.0034,0.0004,0.0032,0.0068,0.0068,0.0036,0.0062,0.0084,0.0616,0.0,0.0952,0.0044,0.0388,0.0,0.0018,0.0,0.0034,0.0044,0.0014,0.004,0.0116,0.0084,0.0006,0.0036,0.0376
34,0.013,0.0004,0.0072,0.0004,0.013,0.002,0.009,0.0014,0.0028,0.0068,0.003,0.1648,0.002,0.014,0.0056,0.0112,0.0006,0.0036,0.0008,0.0066,0.0042,0.0002,0.003,0.0058,0.0176,0.6962,0.0,0.0032,0.002,0.0036,0.881,0.0086,0.0044,0.007,1.0,0.0022,0.003,0.0022,0.009,0.0004,0.0154,0.0024,0.0024,0.0014,0.0006,0.0022,0.0026,0.0004,0.005,0.0002,0.0014,0.003,0.0004,0.0058,0.0038,0.0024,0.0002,0.0008,0.007,0.0208,0.0024,0.0012,0.01,0.0118,0.0136,0.0,0.0044,0.8538,0.0004,0.0006,0.0,0.0002,0.0018,0.0136,0.0028,0.0014,0.0008,0.0,0.002,0.0006,0.0002,0.0114,0.0002,0.0032,0.0012,0.0178,0.0002,0.0116,0.0006,0.0982,0.004,0.0006,0.0,0.0024,0.001,0.0022,0.0152,0.0022,0.002,0.0158
35,0.0268,0.001,0.0022,0.0012,0.0218,0.001,0.001,0.0086,0.843,0.0376,0.0036,0.0,0.004,0.0128,0.0014,0.0042,0.0024,0.0022,0.0004,0.0018,0.0046,0.0054,0.0056,0.0014,0.0022,0.0,0.0046,0.0016,0.0062,0.011,0.0024,0.0018,0.0,0.046,0.0022,1.0,0.0058,0.0002,0.0006,0.0036,0.0172,0.0034,0.0056,0.0008,0.006,0.0,0.0004,0.0,0.0494,0.0018,0.0066,0.012,0.0012,0.002,0.0006,0.001,0.0004,0.0098,0.0018,0.005,0.0072,0.7004,0.0192,0.0258,0.0046,0.001,0.0016,0.0,0.0116,0.0022,0.006,0.0008,0.001,0.0272,0.0,0.0,0.0086,0.0752,0.0,0.007,0.0002,0.003,0.0036,0.3444,0.0122,0.002,0.0,0.0018,0.0004,0.0038,0.0146,0.0004,0.0,0.0004,0.0024,0.0056,0.0008,0.0022,0.0084,0.0268
36,0.0036,0.0006,0.0032,0.0012,0.0042,0.007,0.0008,0.0114,0.003,0.0002,0.0034,0.0022,0.0124,0.008,0.0034,0.0246,0.0002,0.0058,0.0094,0.0068,0.0034,0.0076,0.0028,0.0018,0.0116,0.0016,0.0044,0.0,0.0002,0.0046,0.0028,0.0048,0.0014,0.0008,0.003,0.0058,1.0,0.0012,0.002,0.002,0.0084,0.1038,0.0034,0.0082,0.0078,0.0004,0.0016,0.0002,0.0024,0.001,0.0008,0.003,0.0008,0.0004,0.004,0.0016,0.0008,0.0004,0.0012,0.0012,0.001,0.013,0.0048,0.0028,0.0034,0.0014,0.002,0.0026,0.0008,0.0116,0.0028,0.0008,0.0032,0.0076,0.0028,0.0128,0.0002,0.0202,0.001,0.001,0.0022,0.0048,0.0128,0.0004,0.001,0.0026,0.0012,0.0014,0.5822,0.001,0.0018,0.0008,0.0016,0.002,0.0058,0.0532,0.0034,0.0006,0.0002,0.0094
37,0.0,0.003,0.0122,1.0,0.0002,0.005,0.0118,0.0014,0.002,0.0062,0.0048,0.0054,0.0004,0.0016,0.0016,0.0032,0.0006,0.005,0.005,0.0012,0.0052,0.0014,0.0038,0.0004,0.0018,0.0022,0.0018,0.0022,0.0022,0.004,0.0036,0.0006,0.0062,0.0058,0.0022,0.0002,0.0012,1.0,0.0158,0.0052,0.0044,0.0004,0.0026,0.0,0.0,0.004,0.0058,0.0022,0.0034,0.0034,0.002,0.0034,0.6348,0.01,0.0012,0.003,0.002,0.0014,0.0136,0.0,0.001,0.003,0.0038,0.0038,0.0034,0.002,0.0016,0.0018,0.0036,0.0018,0.0002,0.0014,0.0102,0.003,0.0074,0.0548,0.0062,0.0002,0.0064,0.006,0.0016,0.0138,0.0048,0.0016,0.0022,0.011,0.001,0.0138,0.0004,0.0006,0.006,0.0028,0.0006,0.0026,0.0004,0.0002,0.0156,0.0126,0.0084,0.0046
38,0.0078,0.07,0.5328,0.0188,0.027,0.0054,0.4562,0.0056,0.0006,0.0142,0.0228,0.0032,0.0054,0.002,0.017,0.0184,0.0212,0.002,0.0026,0.0284,0.0024,0.011,0.0,0.0046,0.0202,0.0082,0.0062,0.1302,0.0032,0.0008,0.0058,0.0126,0.7632,0.0122,0.009,0.0006,0.002,0.0158,1.0,0.0014,0.0032,0.0082,0.0012,0.0032,0.006,0.003,0.0134,0.2206,0.0046,0.0044,0.0,0.021,0.008,0.0182,0.0018,0.018,0.0036,0.001,0.466,0.0334,0.0004,0.0006,0.0034,0.003,0.0006,0.0024,0.0028,0.005,0.0,0.0098,0.0032,0.4796,0.0006,0.0022,0.8724,0.001,0.0008,0.0008,0.7182,0.0034,0.6268,0.0018,0.0042,0.0038,0.0002,0.0428,0.5314,0.7208,0.0064,0.0048,0.0216,0.0014,0.6172,0.0974,0.0038,0.0046,0.0046,0.0164,0.008,0.0034
39,0.0016,0.0024,0.0012,0.003,0.0026,0.0042,0.0054,0.0576,0.003,0.0006,0.0002,0.0,0.0352,0.0024,0.0028,0.0,0.0024,0.0024,0.0024,0.0,0.0018,0.008,0.0064,0.0008,0.0014,0.0,0.0084,0.0018,0.0018,0.0006,0.0004,0.0002,0.0014,0.0004,0.0004,0.0036,0.002,0.0052,0.0014,1.0,0.0012,0.0016,0.001,0.0052,0.0336,0.0042,0.0,0.0004,0.001,0.9832,0.0548,0.002,0.0098,0.0014,0.0,0.0004,0.9252,0.0538,0.0058,0.0006,0.0002,0.0018,0.0022,0.0032,0.0012,0.9654,0.0004,0.0,0.0076,0.0014,0.5926,0.0008,0.001,0.0016,0.0024,0.0006,0.0196,0.0012,0.0018,0.0012,0.0018,0.1206,0.0008,0.0044,0.0168,0.0088,0.0006,0.0032,0.0038,0.0018,0.0046,0.0148,0.001,0.0,0.0004,0.0048,0.0586,0.001,0.0016,0.0004
40,0.4716,0.0026,0.0038,0.0034,0.0,0.0044,0.0024,0.0012,0.03,0.0212,0.0058,0.2296,0.0004,0.9464,0.0014,0.0156,0.011,0.0006,0.001,0.0048,0.0036,0.0022,0.004,0.0092,0.1762,0.044,0.0022,0.0038,0.0,0.0004,0.0096,0.0058,0.0024,0.0378,0.0154,0.0172,0.0084,0.0044,0.0032,0.0012,1.0,0.0082,0.0122,0.0052,0.001,0.0046,0.0,0.0024,0.014,0.0024,0.0,0.0,0.0002,0.0008,0.0006,0.004,0.0012,0.0,0.0032,0.002,0.0034,0.014,0.9346,0.9002,0.0108,0.0014,0.0076,0.0218,0.0006,0.0004,0.0016,0.0008,0.0032,0.892,0.0006,0.0016,0.0006,0.008,0.0,0.0004,0.0004,0.0002,0.0556,0.0798,0.0006,0.005,0.0006,0.002,0.0054,0.0052,0.0026,0.0006,0.0008,0.0014,0.011,0.0028,0.0006,0.0006,0.0002,0.9008
41,0.007,0.0024,0.0036,0.0004,0.002,0.001,0.0032,0.0072,0.0048,0.0096,0.0802,0.0008,0.0158,0.0092,0.0086,0.1812,0.0008,0.012,0.012,0.1418,0.0026,0.0126,0.006,0.001,0.0022,0.0,0.0124,0.0054,0.0,0.0016,0.004,0.163,0.0042,0.009,0.0024,0.0034,0.1038,0.0004,0.0082,0.0016,0.0082,1.0,0.0012,0.0016,0.0062,0.0,0.0012,0.0092,0.0042,0.0016,0.0,0.0028,0.0,0.0002,0.0038,0.006,0.0032,0.0004,0.004,0.02,0.0012,0.0048,0.0086,0.0062,0.0006,0.0016,0.0026,0.0012,0.0014,0.0018,0.0,0.0108,0.0012,0.0084,0.0064,0.0026,0.0008,0.0,0.0058,0.0334,0.0112,0.0162,0.0014,0.0108,0.0,0.0082,0.0072,0.0066,0.3872,0.0028,0.013,0.0056,0.0092,0.0048,0.0024,0.763,0.0132,0.0002,0.0,0.007
42,0.0052,0.0116,0.0,0.0036,0.0026,0.0,0.004,0.0008,0.0122,0.0,0.0008,0.0056,0.0006,0.0102,0.0116,0.002,0.001,0.0082,0.0036,0.002,0.001,0.0018,0.0,0.1494,0.0004,0.0056,0.0032,0.002,0.0026,0.015,0.003,0.0044,0.0026,0.002,0.0024,0.0056,0.0034,0.0026,0.0012,0.001,0.0122,0.0012,1.0,0.0196,0.0016,0.0004,0.0012,0.0024,0.0052,0.0006,0.0066,0.012,0.0022,0.0002,0.0,0.011,0.0016,0.0066,0.0052,0.0006,0.0016,0.0102,0.0068,0.0088,0.0006,0.001,0.0012,0.0082,0.0038,0.0046,0.001,0.003,0.0012,0.0132,0.0008,0.0022,0.0054,0.0134,0.0006,0.0082,0.0006,0.0006,0.0038,0.0036,0.0066,0.0102,0.0008,0.0058,0.001,0.0,0.0292,0.0038,0.0008,0.0016,0.0126,0.0016,0.0042,0.0014,0.0016,0.0142
43,0.0118,0.0154,0.0048,0.0,0.0002,0.0024,0.0084,0.0088,0.0042,0.0018,0.001,0.0018,0.0096,0.0106,0.0,0.0018,0.001,0.0012,0.0042,0.0008,0.0066,0.0074,0.0052,0.0004,0.0014,0.0004,0.0084,0.0002,0.0002,0.001,0.002,0.0032,0.0032,0.0012,0.0014,0.0008,0.0082,0.0,0.0032,0.0052,0.0052,0.0016,0.0196,1.0,0.0112,0.0022,0.0,0.0108,0.0038,0.0044,0.0018,0.0022,0.0,0.0126,0.0014,0.0046,0.0028,0.0022,0.0108,0.0006,0.0044,0.003,0.0126,0.0116,0.005,0.0028,0.0068,0.0014,0.0044,0.0058,0.0024,0.0024,0.0002,0.0042,0.0018,0.1596,0.0022,0.0086,0.0048,0.0072,0.0014,0.004,0.0016,0.0072,0.003,0.0006,0.0048,0.0102,0.0028,0.003,0.0054,0.008,0.002,0.0044,0.7516,0.0002,0.0058,0.0158,0.0306,0.0058
44,0.0004,0.0022,0.0014,0.0004,0.0038,0.0018,0.0014,0.9588,0.0066,0.001,0.0036,0.001,0.839,0.0002,0.004,0.0064,0.0048,0.001,0.0008,0.0012,0.0018,0.8052,0.0038,0.0004,0.0052,0.0018,0.674,0.0002,0.0,0.0014,0.0002,0.0,0.006,0.0026,0.0006,0.006,0.0078,0.0,0.006,0.0336,0.001,0.0062,0.0016,0.0112,1.0,0.0012,0.0006,0.0006,0.0014,0.0262,0.0002,0.266,0.0054,0.004,0.007,0.0008,0.014,0.0006,0.002,0.005,0.0012,0.0038,0.0006,0.0004,0.0212,0.0188,0.0324,0.0006,0.0004,0.0002,0.004,0.0024,0.002,0.0016,0.0066,0.0064,0.0008,0.0024,0.0032,0.0146,0.0048,0.0044,0.0002,0.0046,0.0004,0.0014,0.0042,0.0036,0.0104,0.011,0.0032,0.0014,0.0054,0.0028,0.005,0.0022,0.0008,0.01,0.0146,0.0024
45,0.0016,0.0054,0.0018,0.005,0.0032,0.0038,0.0034,0.002,0.0,0.0078,0.0008,0.0006,0.0006,0.0078,0.0022,0.0016,0.013,0.0036,0.0042,0.0004,0.0,0.0024,0.0002,0.0006,0.0032,0.0018,0.0026,0.0074,0.001,0.0012,0.0024,0.0008,0.0016,0.013,0.0022,0.0,0.0004,0.004,0.003,0.0042,0.0046,0.0,0.0004,0.0022,0.0012,1.0,0.0008,0.0066,0.0104,0.0038,0.0008,0.0024,0.0086,0.0014,0.0026,0.0042,0.0048,0.0,0.0042,0.0018,0.002,0.0,0.0046,0.0044,0.0002,0.0048,0.002,0.0018,0.0004,0.005,0.0068,0.002,0.002,0.0022,0.0012,0.0016,0.0002,0.0024,0.0014,0.0006,0.0006,0.0006,0.0048,0.0008,0.0004,0.005,0.001,0.0058,0.0014,0.006,0.0014,0.002,0.0002,0.007,0.0056,0.0002,0.0018,0.001,0.0014,0.0048
46,0.0032,0.0002,0.0062,0.0098,0.0032,0.005,0.011,0.0014,0.0034,0.0072,0.0102,0.0006,0.0012,0.0004,0.0072,0.0058,0.0004,0.0066,0.0018,0.0076,0.001,0.0,0.0018,0.0016,0.001,0.0002,0.0,0.0004,0.0002,0.0046,0.0006,0.007,0.0056,0.0068,0.0026,0.0004,0.0016,0.0058,0.0134,0.0,0.0,0.0012,0.0012,0.0,0.0006,0.0008,1.0,0.0008,0.0054,0.0002,0.0006,0.0,0.0014,0.0,0.003,0.0016,0.001,0.001,0.013,0.0,0.0028,0.0014,0.0006,0.0008,0.0008,0.0,0.002,0.0004,0.001,0.0,0.0008,0.0022,0.0084,0.0002,0.0066,0.0024,0.0006,0.0008,0.0086,0.0058,0.0032,0.0002,0.0002,0.0122,0.0008,0.0006,0.002,0.0136,0.0032,0.0012,0.0,0.0,0.0028,0.0002,0.0006,0.003,0.0002,0.0,0.0,0.0004
47,0.0032,0.845,0.1164,0.0012,0.0322,0.0008,0.0148,0.0016,0.0,0.0012,0.0016,0.0006,0.0012,0.0034,0.0014,0.0028,0.0984,0.0216,0.0004,0.0024,0.0008,0.0014,0.0006,0.0024,0.0024,0.0004,0.0014,0.006,0.0016,0.0006,0.001,0.0074,0.24,0.0012,0.0004,0.0,0.0002,0.0022,0.2206,0.0004,0.0024,0.0092,0.0024,0.0108,0.0006,0.0066,0.0008,1.0,0.001,0.001,0.0,0.0048,0.0,0.0412,0.0096,0.0496,0.0008,0.0006,0.0162,0.0086,0.0,0.0006,0.0008,0.002,0.0154,0.0006,0.006,0.0002,0.0006,0.0018,0.0002,0.8172,0.0008,0.0032,0.2906,0.0012,0.0016,0.0082,0.4444,0.0026,0.7184,0.0022,0.0042,0.0,0.0,0.0062,0.7776,0.047,0.002,0.0012,0.1212,0.0024,0.5368,0.5534,0.0054,0.0012,0.003,0.0364,0.0338,0.0046
48,0.0314,0.0006,0.0012,0.003,0.0064,0.0076,0.0246,0.0012,0.0504,0.675,0.0036,0.0046,0.003,0.0102,0.15,0.0052,0.0016,0.0014,0.0022,0.001,0.0062,0.0008,0.0104,0.003,0.0082,0.0066,0.0,0.0014,0.0022,0.4264,0.0034,0.0002,0.006,0.7124,0.005,0.0494,0.0024,0.0034,0.0046,0.001,0.014,0.0042,0.0052,0.0038,0.0014,0.0104,0.0054,0.001,1.0,0.0004,0.0002,0.0002,0.0048,0.0006,0.002,0.0,0.0004,0.0002,0.0236,0.0106,0.0,0.0546,0.017,0.017,0.0012,0.001,0.0026,0.0092,0.0,0.0062,0.0024,0.0008,0.0006,0.0176,0.0048,0.0008,0.0002,0.004,0.0038,0.0074,0.001,0.0024,0.0052,0.0494,0.0,0.0414,0.0018,0.0118,0.0002,0.0016,0.0,0.0046,0.0038,0.0002,0.008,0.0038,0.0024,0.0,0.001,0.014
49,0.0024,0.0022,0.002,0.006,0.0018,0.0032,0.0054,0.0464,0.0012,0.0002,0.0002,0.0,0.0302,0.0022,0.0024,0.0,0.0038,0.0012,0.0026,0.0004,0.0022,0.008,0.007,0.0006,0.0016,0.0002,0.0058,0.0014,0.002,0.0006,0.0016,0.0002,0.0024,0.001,0.0002,0.0018,0.001,0.0034,0.0044,0.9832,0.0024,0.0016,0.0006,0.0044,0.0262,0.0038,0.0002,0.001,0.0004,1.0,0.0528,0.001,0.0102,0.0018,0.0006,0.0016,0.9306,0.0672,0.0074,0.003,0.0,0.0004,0.0024,0.003,0.0018,0.962,0.001,0.0002,0.0116,0.0008,0.6636,0.002,0.0006,0.0022,0.003,0.0006,0.0202,0.0014,0.0026,0.0006,0.0012,0.1034,0.0018,0.0046,0.0194,0.0116,0.0012,0.003,0.0032,0.0016,0.0042,0.018,0.0008,0.0,0.002,0.0062,0.0602,0.0008,0.001,0.001
50,0.0014,0.0002,0.0034,0.001,0.0092,0.0008,0.0004,0.0004,0.008,0.0,0.0002,0.0064,0.0018,0.0,0.0002,0.0004,0.0018,0.0054,0.0032,0.0004,0.0072,0.0006,0.0006,0.0048,0.0028,0.0024,0.0008,0.004,0.0022,0.0006,0.0024,0.002,0.0004,0.0,0.0014,0.0066,0.0008,0.002,0.0,0.0548,0.0,0.0,0.0066,0.0018,0.0002,0.0008,0.0006,0.0,0.0002,0.0528,1.0,0.0004,0.0,0.0058,0.0006,0.0004,0.1096,0.986,0.0006,0.0044,0.0086,0.0106,0.0004,0.0002,0.0022,0.0878,0.0022,0.001,0.712,0.001,0.1988,0.0008,0.0028,0.0012,0.0006,0.0084,0.83,0.005,0.0002,0.0,0.0018,0.1102,0.0008,0.0048,0.8812,0.0034,0.001,0.0,0.0,0.0036,0.0006,0.0078,0.0,0.0034,0.0004,0.0008,0.1978,0.0016,0.0006,0.0006
51,0.0012,0.008,0.0214,0.0018,0.001,0.002,0.0068,0.2166,0.0054,0.0,0.01,0.0002,0.1462,0.0,0.0,0.0022,0.009,0.0032,0.001,0.0026,0.0058,0.2334,0.0002,0.0012,0.0018,0.0002,0.2698,0.0026,0.002,0.0002,0.0046,0.005,0.0096,0.0,0.003,0.012,0.003,0.0034,0.021,0.002,0.0,0.0028,0.012,0.0022,0.266,0.0024,0.0,0.0048,0.0002,0.001,0.0004,1.0,0.0042,0.0048,0.0134,0.0192,0.0008,0.0004,0.0088,0.0,0.0016,0.0078,0.0002,0.0,0.0064,0.0004,0.0128,0.0018,0.0002,0.0004,0.0006,0.0098,0.0026,0.0002,0.008,0.0042,0.0002,0.0168,0.0068,0.0262,0.0104,0.0012,0.0054,0.0038,0.0004,0.0016,0.0032,0.0132,0.0086,0.0148,0.0474,0.0026,0.0018,0.0074,0.0002,0.0016,0.0002,0.0384,0.0868,0.0002
52,0.0002,0.0016,0.0134,0.6134,0.0002,0.003,0.0028,0.0076,0.0004,0.006,0.0072,0.0006,0.0038,0.0004,0.0012,0.005,0.0018,0.0034,0.0064,0.0008,0.0036,0.0002,0.002,0.0012,0.0022,0.0008,0.0,0.001,0.0004,0.004,0.0022,0.0002,0.009,0.0126,0.0004,0.0012,0.0008,0.6348,0.008,0.0098,0.0002,0.0,0.0022,0.0,0.0054,0.0086,0.0014,0.0,0.0048,0.0102,0.0,0.0042,1.0,0.0056,0.0042,0.0034,0.0072,0.0,0.0028,0.001,0.003,0.001,0.001,0.0012,0.0044,0.0054,0.0006,0.0002,0.0004,0.0044,0.0024,0.0016,0.0076,0.0022,0.0076,0.0084,0.0008,0.0022,0.0032,0.0062,0.002,0.0118,0.0046,0.0006,0.0004,0.0166,0.001,0.0064,0.0004,0.0,0.0032,0.0024,0.0026,0.0034,0.0,0.0014,0.0096,0.0098,0.004,0.0024
53,0.0024,0.0292,0.0046,0.0062,0.0106,0.0016,0.0056,0.0028,0.002,0.0,0.0878,0.0018,0.0032,0.0018,0.0012,0.052,0.0514,0.0128,0.0108,0.0594,0.0124,0.0132,0.0038,0.0056,0.002,0.0034,0.0172,0.0,0.0012,0.001,0.0042,0.0342,0.0216,0.0002,0.0058,0.002,0.0004,0.01,0.0182,0.0014,0.0008,0.0002,0.0002,0.0126,0.004,0.0014,0.0,0.0412,0.0006,0.0018,0.0058,0.0048,0.0056,1.0,0.0154,0.003,0.0004,0.0054,0.008,0.0042,0.0046,0.0078,0.0014,0.001,0.0004,0.0012,0.0054,0.0052,0.007,0.0118,0.0002,0.035,0.0022,0.0004,0.0284,0.0006,0.0078,0.0066,0.02,0.067,0.038,0.0,0.0014,0.0,0.0068,0.0014,0.0484,0.011,0.0,0.0046,0.0034,0.0,0.047,0.0322,0.0354,0.0004,0.0,0.8124,0.6502,0.001
54,0.0028,0.0106,0.0008,0.001,0.0022,0.005,0.0,0.0084,0.001,0.0026,0.0118,0.0028,0.0086,0.0016,0.0002,0.0028,0.2704,0.0012,0.002,0.0066,0.009,0.0116,0.004,0.0002,0.005,0.0048,0.0082,0.0024,0.0008,0.0006,0.003,0.005,0.004,0.0018,0.0038,0.0006,0.004,0.0012,0.0018,0.0,0.0006,0.0038,0.0,0.0014,0.007,0.0026,0.003,0.0096,0.002,0.0006,0.0006,0.0134,0.0042,0.0154,1.0,0.0,0.0002,0.0012,0.0006,0.0068,0.2088,0.0012,0.0014,0.0008,0.001,0.0,0.001,0.002,0.0008,0.003,0.001,0.01,0.0024,0.0,0.0038,0.0028,0.0012,0.0206,0.0052,0.0184,0.0086,0.004,0.0002,0.0048,0.0008,0.0012,0.0088,0.0002,0.0038,0.0016,0.0006,0.0002,0.0054,0.0172,0.0048,0.0034,0.006,0.0164,0.0186,0.0004
55,0.0074,0.048,0.125,0.0018,0.0106,0.0054,0.0028,0.0,0.0,0.0006,0.009,0.0012,0.0004,0.0054,0.0048,0.0044,0.0042,0.0106,0.0272,0.0,0.0014,0.0,0.017,0.007,0.0118,0.0012,0.0006,0.0062,0.001,0.0016,0.0008,0.0036,0.0074,0.0,0.0024,0.001,0.0016,0.003,0.018,0.0004,0.004,0.006,0.011,0.0046,0.0008,0.0042,0.0016,0.0496,0.0,0.0016,0.0004,0.0192,0.0034,0.003,0.0,1.0,0.0004,0.0,0.0016,0.0046,0.0094,0.002,0.0022,0.0018,0.0002,0.001,0.0064,0.0002,0.0,0.0022,0.0008,0.0746,0.0112,0.0024,0.0096,0.0114,0.0,0.0052,0.0192,0.0196,0.0588,0.0024,0.0004,0.0024,0.0,0.0032,0.0336,0.001,0.009,0.001,0.3154,0.0002,0.0176,0.0246,0.0062,0.0038,0.0018,0.0018,0.0,0.003
56,0.0018,0.002,0.003,0.001,0.0028,0.0044,0.0064,0.0188,0.002,0.0002,0.0,0.0014,0.0118,0.0024,0.0034,0.0004,0.0028,0.0024,0.0032,0.0,0.001,0.0044,0.0098,0.001,0.0018,0.0004,0.0038,0.0008,0.0024,0.0022,0.0008,0.0004,0.0018,0.0,0.0002,0.0004,0.0008,0.002,0.0036,0.9252,0.0012,0.0032,0.0016,0.0028,0.014,0.0048,0.001,0.0008,0.0004,0.9306,0.1096,0.0008,0.0072,0.0004,0.0002,0.0004,1.0,0.1244,0.0056,0.002,0.0004,0.0008,0.0026,0.0024,0.0008,0.987,0.0002,0.0004,0.0204,0.0016,0.6572,0.0016,0.0014,0.0014,0.0018,0.0014,0.0546,0.0002,0.0024,0.0004,0.0018,0.2266,0.004,0.0036,0.0424,0.0088,0.001,0.0058,0.0052,0.0006,0.0024,0.0142,0.001,0.0,0.0006,0.0064,0.1308,0.0006,0.001,0.0006
57,0.0036,0.0004,0.0046,0.0024,0.009,0.0008,0.0002,0.0002,0.0042,0.0,0.0002,0.0078,0.0002,0.0,0.0004,0.0002,0.0008,0.0084,0.0024,0.0002,0.006,0.0008,0.0004,0.006,0.0026,0.0032,0.0002,0.0044,0.0022,0.0008,0.003,0.0012,0.0004,0.0,0.0008,0.0098,0.0004,0.0014,0.001,0.0538,0.0,0.0004,0.0066,0.0022,0.0006,0.0,0.001,0.0006,0.0002,0.0672,0.986,0.0004,0.0,0.0054,0.0012,0.0,0.1244,1.0,0.0002,0.0036,0.0066,0.0108,0.0002,0.0006,0.0022,0.0924,0.0006,0.0014,0.6808,0.0016,0.1986,0.0018,0.0054,0.0008,0.0012,0.0094,0.8664,0.0074,0.0004,0.0,0.0022,0.131,0.0046,0.0066,0.8548,0.0018,0.0014,0.0002,0.0002,0.0014,0.0006,0.0094,0.0008,0.0028,0.0004,0.0006,0.2314,0.0012,0.001,0.001
58,0.0022,0.005,0.1538,0.0118,0.0162,0.0122,0.9868,0.0018,0.0006,0.1068,0.0058,0.0022,0.0014,0.0054,0.1284,0.0074,0.007,0.009,0.0034,0.0172,0.0012,0.0036,0.0052,0.003,0.0062,0.0036,0.0054,0.088,0.001,0.0276,0.0156,0.0272,0.5188,0.0848,0.007,0.0018,0.0012,0.0136,0.466,0.0058,0.0032,0.004,0.0052,0.0108,0.002,0.0042,0.013,0.0162,0.0236,0.0074,0.0006,0.0088,0.0028,0.008,0.0006,0.0016,0.0056,0.0002,1.0,0.0184,0.0,0.0002,0.0026,0.0012,0.0008,0.0062,0.0008,0.0078,0.0014,0.0032,0.0074,0.0684,0.001,0.002,0.4814,0.0032,0.0,0.0004,0.3174,0.001,0.113,0.0008,0.0,0.0016,0.0006,0.092,0.111,0.907,0.0034,0.0046,0.0044,0.001,0.208,0.0044,0.0078,0.0042,0.0006,0.004,0.0032,0.0028
