,0,1,2,3,4,5,6,7,8,9,10,11,12,13,14,15,16,17,18,19,20,21,22,23,24,25,26,27,28,29,30,31,32,33,34,35,36,37,38,39,40,41,42,43,44,45,46,47,48,49,50,51,52,53,54,55,56,57,58,59,60,61,62,63,64,65,66,67,68,69,70,71,72,73,74,75,76,77,78,79
0,1.0,0.496,0.455,0.21,0.596,0.753,0.134,0.664,0.302,0.915,0.262,0.605,0.077,0.868,0.062,0.856,0.164,0.742,0.628,0.593,0.629,0.289,0.372,0.655,0.677,0.293,0.067,0.638,0.306,0.024,0.084,1.0,0.191,0.57,0.334,0.185,0.472,0.198,0.147,0.544,0.049,0.552,0.048,0.549,0.371,0.105,0.372,0.478,0.345,0.152,0.654,0.637,0.584,0.186,0.135,0.306,0.579,0.871,0.412,0.906,0.734,0.873,0.463,0.437,0.541,0.059,0.166,0.81,0.007,0.676,0.666,0.016,0.399,0.125,0.331,0.117,0.159,0.075,0.235,0.242
1,0.496,1.0,0.112,0.685,0.396,0.405,0.199,0.245,0.028,0.45,0.13,0.551,0.261,0.52,0.109,0.32,0.033,0.37,0.215,0.495,0.279,0.133,0.004,0.147,0.128,0.148,0.112,0.161,0.03,0.04,0.106,0.49,0.033,0.568,0.192,0.03,1.0,0.184,0.065,0.56,0.281,0.507,0.025,0.047,0.092,0.111,0.023,1.0,0.837,0.354,0.306,0.293,0.864,0.187,0.131,0.129,0.207,0.464,0.705,0.463,0.379,0.352,0.087,0.088,0.184,0.274,0.359,0.348,0.155,0.345,0.222,0.013,0.019,0.477,0.149,0.227,0.059,0.291,0.042,0.026
2,0.455,0.112,1.0,0.052,0.566,0.397,0.073,0.108,0.447,0.401,0.491,0.468,0.029,0.582,0.233,0.213,0.39,0.449,0.096,0.356,0.338,0.51,0.521,0.396,0.414,0.003,0.239,0.404,0.422,0.096,0.224,0.475,0.313,0.488,0.621,0.321,0.125,0.199,0.089,0.19,0.016,0.493,0.414,0.585,0.506,0.33,0.703,0.107,0.146,0.141,0.389,0.394,0.127,0.183,0.541,0.004,0.066,0.604,0.308,0.44,0.427,0.215,0.605,0.603,0.584,0.104,0.147,0.409,0.187,0.409,0.134,0.165,0.668,0.171,0.545,0.084,0.301,0.025,0.247,0.274
3,0.21,0.685,0.052,1.0,0.373,0.243,0.102,0.181,0.129,0.108,0.039,0.126,0.056,0.345,0.29,0.089,0.134,0.22,0.055,0.054,0.266,0.081,0.101,0.151,0.097,0.259,0.273,0.137,0.177,0.134,0.284,0.207,0.116,0.114,0.032,0.128,0.672,0.007,0.108,0.329,0.078,0.106,0.047,0.021,0.283,0.356,0.18,0.686,0.441,0.273,0.145,0.163,0.404,0.009,0.427,0.276,0.161,0.305,0.694,0.124,0.23,0.092,0.263,0.259,0.354,0.242,0.267,0.171,0.373,0.202,0.196,0.256,0.172,0.282,0.094,0.135,0.302,0.065,0.131,0.119
4,0.596,0.396,0.566,0.373,1.0,0.835,0.086,0.101,0.184,0.698,0.453,0.447,0.22,0.641,0.206,0.287,0.535,0.838,0.141,0.555,0.814,0.449,0.492,0.351,0.34,0.025,0.229,0.339,0.199,0.244,0.22,0.606,0.207,0.441,0.397,0.243,0.417,0.412,0.061,0.132,0.062,0.451,0.01,0.376,0.206,0.285,0.399,0.409,0.183,0.093,0.746,0.765,0.345,0.405,0.309,0.031,0.051,0.645,0.601,0.683,0.835,0.287,0.468,0.447,0.673,0.296,0.082,0.757,0.101,0.783,0.092,0.09,0.391,0.398,0.461,0.081,0.101,0.208,0.075,0.095
5,0.753,0.405,0.397,0.243,0.835,1.0,0.008,0.286,0.259,0.844,0.535,0.5,0.163,0.654,0.011,0.484,0.275,1.0,0.384,0.459,0.969,0.518,0.606,0.593,0.621,0.098,0.006,0.604,0.262,0.162,0.007,0.739,0.273,0.548,0.386,0.247,0.359,0.217,0.201,0.371,0.064,0.521,0.003,0.593,0.225,0.042,0.392,0.42,0.235,0.179,0.973,0.96,0.406,0.206,0.094,0.112,0.269,0.661,0.354,0.863,1.0,0.517,0.41,0.405,0.525,0.205,0.148,0.974,0.005,0.983,0.281,0.113,0.371,0.26,0.51,0.007,0.099,0.193,0.171,0.206
6,0.134,0.199,0.073,0.102,0.086,0.008,1.0,0.223,0.529,0.036,0.097,0.044,0.786,0.193,0.621,0.153,0.107,0.009,0.079,0.282,0.031,0.098,0.119,0.084,0.14,0.225,0.669,0.077,0.534,0.379,0.652,0.112,0.025,0.045,0.091,0.023,0.215,0.595,0.693,0.0,0.929,0.046,0.195,0.294,0.079,0.588,0.294,0.216,0.103,0.162,0.026,0.027,0.176,0.566,0.307,0.183,0.176,0.171,0.269,0.026,0.003,0.162,0.361,0.367,0.244,0.062,0.143,0.003,0.578,0.018,0.254,0.196,0.311,0.087,0.066,1.0,0.347,0.818,0.674,0.642
7,0.664,0.245,0.108,0.181,0.101,0.286,0.223,1.0,0.241,0.425,0.075,0.333,0.12,0.568,0.14,0.848,0.114,0.269,0.726,0.315,0.212,0.097,0.133,0.695,0.669,0.853,0.149,0.707,0.248,0.402,0.183,0.656,0.023,0.317,0.155,0.013,0.246,0.207,0.43,0.553,0.257,0.306,0.05,0.458,0.494,0.118,0.192,0.214,0.289,0.254,0.289,0.225,0.4,0.191,0.008,0.858,0.97,0.543,0.093,0.453,0.286,0.858,0.216,0.213,0.162,0.026,0.252,0.334,0.086,0.272,1.0,0.013,0.175,0.005,0.098,0.266,0.233,0.131,0.293,0.282
8,0.302,0.028,0.447,0.129,0.184,0.259,0.529,0.241,1.0,0.25,0.584,0.14,0.23,0.411,0.503,0.257,0.146,0.27,0.252,0.059,0.279,0.57,0.701,0.319,0.448,0.047,0.5,0.323,1.0,0.123,0.49,0.285,0.105,0.15,0.469,0.111,0.029,0.013,0.671,0.146,0.497,0.148,0.097,0.859,0.189,0.588,0.922,0.028,0.048,0.139,0.397,0.355,0.0,0.016,0.685,0.046,0.177,0.402,0.209,0.237,0.283,0.257,0.891,0.883,0.636,0.016,0.139,0.371,0.533,0.329,0.232,0.469,0.906,0.013,0.56,0.561,0.722,0.222,0.947,0.949
9,0.915,0.45,0.401,0.108,0.698,0.844,0.036,0.425,0.25,1.0,0.458,0.737,0.134,0.735,0.043,0.785,0.364,0.832,0.684,0.69,0.705,0.461,0.443,0.535,0.55,0.161,0.063,0.55,0.27,0.015,0.048,0.902,0.206,0.715,0.444,0.21,0.473,0.269,0.068,0.598,0.022,0.717,0.008,0.525,0.15,0.1,0.338,0.441,0.392,0.128,0.808,0.789,0.609,0.272,0.056,0.163,0.461,0.733,0.315,1.0,0.851,0.77,0.388,0.372,0.522,0.181,0.136,0.909,0.009,0.818,0.45,0.121,0.329,0.238,0.443,0.044,0.206,0.15,0.172,0.189
10,0.262,0.13,0.491,0.039,0.453,0.535,0.097,0.075,0.584,0.458,1.0,0.462,0.14,0.459,0.229,0.214,0.343,0.543,0.315,0.272,0.523,0.986,0.626,0.17,0.272,0.0,0.231,0.176,0.578,0.222,0.187,0.272,0.012,0.465,0.867,0.005,0.133,0.081,0.319,0.317,0.166,0.465,0.301,0.655,0.222,0.261,0.636,0.122,0.226,0.324,0.69,0.699,0.263,0.079,0.437,0.006,0.058,0.506,0.278,0.468,0.55,0.222,0.449,0.444,0.363,0.472,0.352,0.6,0.236,0.65,0.07,0.639,0.653,0.472,0.967,0.09,0.361,0.129,0.47,0.489
11,0.605,0.551,0.468,0.126,0.447,0.5,0.044,0.333,0.14,0.737,0.462,1.0,0.274,0.506,0.038,0.556,0.499,0.479,0.536,0.81,0.331,0.435,0.323,0.262,0.294,0.188,0.046,0.287,0.136,0.069,0.035,0.616,0.114,1.0,0.581,0.123,0.543,0.419,0.005,0.795,0.102,1.0,0.059,0.363,0.062,0.06,0.266,0.569,0.769,0.193,0.49,0.455,0.77,0.443,0.077,0.181,0.329,0.525,0.254,0.716,0.516,0.563,0.167,0.155,0.221,0.124,0.181,0.525,0.049,0.454,0.286,0.077,0.237,0.274,0.429,0.03,0.287,0.28,0.069,0.083
12,0.077,0.261,0.029,0.056,0.22,0.163,0.786,0.12,0.23,0.134,0.14,0.274,1.0,0.026,0.329,0.044,0.328,0.201,0.023,0.497,0.232,0.078,0.225,0.074,0.087,0.141,0.317,0.079,0.269,0.548,0.301,0.064,0.098,0.285,0.006,0.105,0.292,0.816,0.589,0.093,0.904,0.275,0.166,0.089,0.033,0.233,0.065,0.281,0.295,0.109,0.214,0.21,0.306,0.788,0.064,0.158,0.06,0.03,0.152,0.172,0.204,0.067,0.058,0.045,0.019,0.113,0.098,0.133,0.271,0.2,0.098,0.162,0.07,0.145,0.044,0.783,0.051,1.0,0.329,0.316
13,0.868,0.52,0.582,0.345,0.641,0.654,0.193,0.568,0.411,0.735,0.459,0.506,0.026,1.0,0.214,0.626,0.129,0.688,0.446,0.481,0.537,0.546,0.41,0.505,0.524,0.213,0.204,0.502,0.42,0.03,0.195,0.857,0.033,0.542,0.562,0.027,0.482,0.119,0.271,0.44,0.051,0.525,0.153,0.622,0.411,0.253,0.541,0.529,0.323,0.386,0.642,0.659,0.53,0.127,0.238,0.221,0.418,1.0,0.621,0.757,0.682,0.648,0.541,0.548,0.569,0.134,0.41,0.735,0.061,0.673,0.542,0.13,0.539,0.237,0.551,0.177,0.179,0.04,0.357,0.345
14,0.062,0.109,0.233,0.29,0.206,0.011,0.621,0.14,0.503,0.043,0.229,0.038,0.329,0.214,1.0,0.157,0.247,0.006,0.253,0.222,0.007,0.284,0.081,0.046,0.071,0.269,1.0,0.057,0.486,0.148,1.0,0.083,0.019,0.044,0.446,0.022,0.128,0.347,0.267,0.077,0.42,0.058,0.153,0.239,0.033,0.963,0.369,0.089,0.006,0.196,0.017,0.013,0.032,0.305,0.559,0.242,0.202,0.205,0.476,0.046,0.003,0.121,0.419,0.411,0.383,0.147,0.184,0.028,0.9,0.012,0.156,0.462,0.38,0.162,0.31,0.665,0.684,0.321,0.651,0.665
15,0.856,0.32,0.213,0.089,0.287,0.484,0.153,0.848,0.257,0.785,0.214,0.556,0.044,0.626,0.157,1.0,0.219,0.52,0.919,0.584,0.344,0.23,0.201,0.636,0.646,0.597,0.135,0.627,0.254,0.137,0.15,0.846,0.131,0.551,0.351,0.111,0.303,0.199,0.158,0.703,0.077,0.548,0.019,0.455,0.314,0.166,0.242,0.323,0.362,0.15,0.437,0.435,0.57,0.205,0.012,0.585,0.878,0.659,0.151,0.774,0.492,1.0,0.321,0.322,0.32,0.097,0.169,0.615,0.083,0.471,0.832,0.096,0.256,0.098,0.248,0.14,0.327,0.069,0.288,0.281
16,0.164,0.033,0.39,0.134,0.535,0.275,0.107,0.114,0.146,0.364,0.343,0.499,0.328,0.129,0.247,0.219,1.0,0.321,0.307,0.632,0.368,0.35,0.457,0.014,0.035,0.35,0.256,0.009,0.131,0.383,0.261,0.177,0.358,0.478,0.383,0.34,0.024,0.715,0.073,0.25,0.119,0.482,0.02,0.172,0.043,0.306,0.314,0.025,0.173,0.02,0.336,0.322,0.187,0.674,0.312,0.328,0.196,0.145,0.142,0.355,0.302,0.216,0.288,0.3,0.443,0.214,0.023,0.25,0.192,0.324,0.138,0.215,0.319,0.167,0.342,0.119,0.364,0.334,0.075,0.062
17,0.742,0.37,0.449,0.22,0.838,1.0,0.009,0.269,0.27,0.832,0.543,0.479,0.201,0.688,0.006,0.52,0.321,1.0,0.393,0.43,0.969,0.497,0.626,0.619,0.65,0.105,0.009,0.607,0.26,0.161,0.004,0.736,0.263,0.49,0.388,0.239,0.393,0.216,0.209,0.386,0.056,0.521,0.007,0.571,0.231,0.037,0.388,0.421,0.221,0.179,0.978,0.973,0.405,0.216,0.11,0.102,0.234,0.667,0.375,0.83,1.0,0.502,0.375,0.352,0.503,0.216,0.176,0.975,0.006,0.989,0.296,0.118,0.372,0.272,0.518,0.007,0.093,0.197,0.196,0.171
18,0.628,0.215,0.096,0.055,0.141,0.384,0.079,0.726,0.252,0.684,0.315,0.536,0.023,0.446,0.253,0.919,0.307,0.393,1.0,0.539,0.289,0.327,0.191,0.499,0.513,0.604,0.256,0.473,0.236,0.136,0.261,0.659,0.096,0.505,0.454,0.091,0.234,0.184,0.107,0.694,0.025,0.522,0.025,0.39,0.174,0.262,0.188,0.202,0.357,0.158,0.407,0.379,0.537,0.186,0.054,0.604,0.857,0.448,0.095,0.682,0.404,0.904,0.218,0.217,0.216,0.193,0.164,0.525,0.23,0.404,0.742,0.323,0.182,0.191,0.375,0.054,0.452,0.029,0.328,0.322
19,0.593,0.495,0.356,0.054,0.555,0.459,0.282,0.315,0.059,0.69,0.272,0.81,0.497,0.481,0.222,0.584,0.632,0.43,0.539,1.0,0.351,0.29,0.196,0.104,0.12,0.234,0.236,0.104,0.046,0.257,0.216,0.62,0.109,0.797,0.415,0.121,0.471,0.749,0.06,0.5,0.26,0.81,0.027,0.197,0.009,0.225,0.128,0.443,0.529,0.105,0.405,0.384,0.7,0.736,0.045,0.214,0.357,0.48,0.388,0.726,0.429,0.58,0.154,0.156,0.348,0.224,0.109,0.458,0.056,0.375,0.33,0.045,0.125,0.342,0.355,0.317,0.153,0.495,0.047,0.059
20,0.629,0.279,0.338,0.266,0.814,0.969,0.031,0.212,0.279,0.705,0.523,0.331,0.232,0.537,0.007,0.344,0.368,0.969,0.289,0.351,1.0,0.489,0.681,0.505,0.549,0.109,0.004,0.49,0.314,0.247,0.004,0.589,0.338,0.353,0.326,0.351,0.291,0.246,0.315,0.216,0.109,0.337,0.041,0.543,0.154,0.02,0.352,0.32,0.129,0.253,0.959,0.961,0.268,0.227,0.109,0.101,0.154,0.533,0.324,0.734,0.957,0.344,0.425,0.352,0.488,0.271,0.238,0.913,0.007,0.964,0.193,0.161,0.343,0.277,0.481,0.031,0.065,0.24,0.188,0.171
21,0.289,0.133,0.51,0.081,0.449,0.518,0.098,0.097,0.57,0.461,0.986,0.435,0.078,0.546,0.284,0.23,0.35,0.497,0.327,0.29,0.489,1.0,0.566,0.143,0.25,0.006,0.306,0.155,0.536,0.182,0.285,0.294,0.007,0.447,0.923,0.01,0.137,0.066,0.291,0.289,0.108,0.432,0.341,0.616,0.253,0.315,0.622,0.123,0.211,0.375,0.646,0.644,0.247,0.053,0.467,0.01,0.075,0.534,0.357,0.447,0.457,0.269,0.448,0.44,0.397,0.485,0.413,0.548,0.27,0.566,0.08,0.684,0.666,0.458,0.996,0.093,0.381,0.083,0.481,0.483
22,0.372,0.004,0.521,0.101,0.492,0.606,0.119,0.133,0.701,0.443,0.626,0.323,0.225,0.41,0.081,0.201,0.457,0.626,0.191,0.196,0.681,0.566,1.0,0.435,0.553,0.035,0.086,0.429,0.733,0.244,0.109,0.344,0.312,0.322,0.42,0.318,0.002,0.176,0.517,0.178,0.244,0.336,0.001,0.799,0.219,0.166,0.812,0.004,0.092,0.067,0.697,0.704,0.032,0.157,0.442,0.025,0.061,0.394,0.125,0.454,0.633,0.217,0.749,0.732,0.632,0.08,0.084,0.661,0.132,0.678,0.118,0.315,0.8,0.065,0.56,0.113,0.382,0.234,0.552,0.534
23,0.655,0.147,0.396,0.151,0.351,0.593,0.084,0.695,0.319,0.535,0.17,0.262,0.074,0.505,0.046,0.636,0.014,0.619,0.499,0.104,0.505,0.143,0.435,1.0,0.977,0.525,0.044,1.0,0.312,0.358,0.055,0.639,0.176,0.258,0.118,0.169,0.153,0.007,0.31,0.44,0.138,0.261,0.07,0.644,0.695,0.013,0.328,0.166,0.098,0.044,0.516,0.528,0.152,0.006,0.067,0.547,0.66,0.533,0.076,0.556,0.621,0.635,0.3,0.322,0.256,0.039,0.054,0.651,0.078,0.543,0.69,0.005,0.349,0.018,0.14,0.086,0.168,0.068,0.311,0.276
24,0.677,0.128,0.414,0.097,0.34,0.621,0.14,0.669,0.448,0.55,0.272,0.294,0.087,0.524,0.071,0.646,0.035,0.65,0.513,0.12,0.549,0.25,0.553,0.977,1.0,0.49,0.076,0.98,0.466,0.342,0.076,0.66,0.175,0.312,0.202,0.17,0.139,0.002,0.405,0.438,0.164,0.312,0.043,0.763,0.591,0.038,0.458,0.144,0.127,0.071,0.587,0.616,0.132,0.004,0.052,0.479,0.649,0.549,0.077,0.569,0.624,0.668,0.406,0.407,0.305,0.026,0.09,0.682,0.117,0.633,0.674,0.03,0.439,0.018,0.243,0.131,0.281,0.088,0.44,0.448
25,0.293,0.148,0.003,0.259,0.025,0.098,0.225,0.853,0.047,0.161,0.0,0.188,0.141,0.213,0.269,0.597,0.35,0.105,0.604,0.234,0.109,0.006,0.035,0.525,0.49,1.0,0.247,0.549,0.059,0.596,0.23,0.336,0.007,0.196,0.071,0.013,0.107,0.327,0.282,0.495,0.177,0.188,0.017,0.187,0.437,0.209,0.012,0.135,0.224,0.161,0.084,0.07,0.26,0.285,0.079,1.0,0.901,0.207,0.012,0.17,0.117,0.576,0.015,0.006,0.002,0.093,0.192,0.133,0.226,0.072,0.864,0.073,0.008,0.027,0.009,0.196,0.267,0.141,0.139,0.142
26,0.067,0.112,0.239,0.273,0.229,0.006,0.669,0.149,0.5,0.063,0.231,0.046,0.317,0.204,1.0,0.135,0.256,0.009,0.256,0.236,0.004,0.306,0.086,0.044,0.076,0.247,1.0,0.057,0.458,0.162,1.0,0.068,0.017,0.046,0.405,0.02,0.12,0.302,0.311,0.072,0.421,0.046,0.193,0.224,0.022,0.971,0.353,0.116,0.006,0.192,0.006,0.018,0.031,0.332,0.562,0.252,0.183,0.199,0.448,0.034,0.008,0.136,0.4,0.427,0.417,0.093,0.206,0.024,0.901,0.009,0.142,0.436,0.358,0.17,0.329,0.649,0.67,0.35,0.652,0.671
27,0.638,0.161,0.404,0.137,0.339,0.604,0.077,0.707,0.323,0.55,0.176,0.287,0.079,0.502,0.057,0.627,0.009,0.607,0.473,0.104,0.49,0.155,0.429,1.0,0.98,0.549,0.057,1.0,0.31,0.34,0.042,0.657,0.169,0.281,0.091,0.177,0.15,0.007,0.279,0.409,0.109,0.24,0.084,0.636,0.676,0.026,0.344,0.165,0.136,0.038,0.535,0.536,0.167,0.004,0.058,0.495,0.659,0.513,0.087,0.546,0.586,0.64,0.305,0.324,0.255,0.033,0.036,0.597,0.079,0.543,0.679,0.017,0.339,0.034,0.144,0.071,0.181,0.056,0.284,0.256
28,0.306,0.03,0.422,0.177,0.199,0.262,0.534,0.248,1.0,0.27,0.578,0.136,0.269,0.42,0.486,0.254,0.131,0.26,0.236,0.046,0.314,0.536,0.733,0.312,0.466,0.059,0.458,0.31,1.0,0.118,0.487,0.312,0.102,0.158,0.481,0.089,0.029,0.014,0.664,0.147,0.468,0.141,0.114,0.848,0.19,0.582,0.904,0.026,0.036,0.137,0.369,0.371,0.001,0.011,0.649,0.058,0.153,0.419,0.221,0.253,0.259,0.276,0.877,0.888,0.631,0.011,0.132,0.361,0.543,0.35,0.246,0.465,0.899,0.014,0.578,0.527,0.705,0.232,0.94,0.939
29,0.024,0.04,0.096,0.134,0.244,0.162,0.379,0.402,0.123,0.015,0.222,0.069,0.548,0.03,0.148,0.137,0.383,0.161,0.136,0.257,0.247,0.182,0.244,0.358,0.342,0.596,0.162,0.34,0.118,1.0,0.179,0.017,0.022,0.05,0.078,0.018,0.035,0.562,0.441,0.009,0.544,0.058,0.12,0.187,0.545,0.093,0.089,0.043,0.038,0.016,0.193,0.177,0.064,0.534,0.042,0.591,0.388,0.036,0.085,0.009,0.165,0.145,0.032,0.021,0.011,0.504,0.016,0.086,0.099,0.209,0.415,0.098,0.082,0.405,0.166,0.419,0.044,0.529,0.146,0.144
30,0.084,0.106,0.224,0.284,0.22,0.007,0.652,0.183,0.49,0.048,0.187,0.035,0.301,0.195,1.0,0.15,0.261,0.004,0.261,0.216,0.004,0.285,0.109,0.055,0.076,0.23,1.0,0.042,0.487,0.179,1.0,0.085,0.014,0.035,0.41,0.01,0.122,0.324,0.28,0.089,0.43,0.041,0.181,0.216,0.024,0.967,0.363,0.112,0.003,0.179,0.018,0.018,0.031,0.315,0.593,0.239,0.185,0.2,0.482,0.043,0.008,0.145,0.434,0.431,0.423,0.097,0.189,0.022,0.879,0.005,0.167,0.462,0.384,0.155,0.319,0.638,0.668,0.33,0.654,0.657
31,1.0,0.49,0.475,0.207,0.606,0.739,0.112,0.656,0.285,0.902,0.272,0.616,0.064,0.857,0.083,0.846,0.177,0.736,0.659,0.62,0.589,0.294,0.344,0.639,0.66,0.336,0.068,0.657,0.312,0.017,0.085,1.0,0.188,0.568,0.378,0.151,0.468,0.192,0.135,0.549,0.039,0.575,0.062,0.561,0.363,0.109,0.393,0.47,0.34,0.137,0.658,0.657,0.561,0.168,0.122,0.303,0.618,0.878,0.403,0.894,0.765,0.859,0.454,0.453,0.529,0.061,0.158,0.791,0.017,0.664,0.653,0.019,0.405,0.12,0.367,0.114,0.144,0.075,0.237,0.237
32,0.191,0.033,0.313,0.116,0.207,0.273,0.025,0.023,0.105,0.206,0.012,0.114,0.098,0.033,0.019,0.131,0.358,0.263,0.096,0.109,0.338,0.007,0.312,0.176,0.175,0.007,0.017,0.169,0.102,0.022,0.014,0.188,1.0,0.112,0.009,1.0,0.044,0.248,0.079,0.037,0.009,0.099,0.554,0.138,0.131,0.056,0.177,0.037,0.055,0.372,0.234,0.195,0.01,0.246,0.149,0.009,0.016,0.029,0.027,0.208,0.238,0.11,0.281,0.299,0.39,0.266,0.415,0.23,0.067,0.224,0.013,0.109,0.183,0.206,0.009,0.031,0.16,0.097,0.05,0.037
33,0.57,0.568,0.488,0.114,0.441,0.548,0.045,0.317,0.15,0.715,0.465,1.0,0.285,0.542,0.044,0.551,0.478,0.49,0.505,0.797,0.353,0.447,0.322,0.258,0.312,0.196,0.046,0.281,0.158,0.05,0.035,0.568,0.112,1.0,0.551,0.115,0.528,0.456,0.006,0.817,0.103,1.0,0.05,0.354,0.076,0.078,0.259,0.549,0.764,0.216,0.471,0.487,0.764,0.42,0.09,0.186,0.326,0.537,0.278,0.723,0.48,0.574,0.139,0.164,0.196,0.115,0.187,0.487,0.038,0.467,0.286,0.081,0.278,0.23,0.416,0.038,0.307,0.284,0.098,0.109
34,0.334,0.192,0.621,0.032,0.397,0.386,0.091,0.155,0.469,0.444,0.867,0.581,0.006,0.562,0.446,0.351,0.383,0.388,0.454,0.415,0.326,0.923,0.42,0.118,0.202,0.071,0.405,0.091,0.481,0.078,0.41,0.378,0.009,0.551,1.0,0.017,0.156,0.104,0.148,0.398,0.025,0.551,0.324,0.551,0.17,0.43,0.62,0.188,0.282,0.421,0.523,0.512,0.347,0.138,0.496,0.083,0.175,0.574,0.416,0.489,0.371,0.308,0.432,0.439,0.415,0.397,0.422,0.469,0.354,0.453,0.155,0.553,0.59,0.46,0.936,0.089,0.458,0.008,0.423,0.45
35,0.185,0.03,0.321,0.128,0.243,0.247,0.023,0.013,0.111,0.21,0.005,0.123,0.105,0.027,0.022,0.111,0.34,0.239,0.091,0.121,0.351,0.01,0.318,0.169,0.17,0.013,0.02,0.177,0.089,0.018,0.01,0.151,1.0,0.115,0.017,1.0,0.031,0.245,0.087,0.044,0.008,0.111,0.546,0.135,0.131,0.051,0.192,0.042,0.073,0.376,0.211,0.191,0.001,0.254,0.157,0.012,0.018,0.038,0.027,0.234,0.224,0.109,0.303,0.274,0.409,0.281,0.393,0.212,0.068,0.226,0.008,0.116,0.181,0.209,0.016,0.023,0.166,0.092,0.039,0.043
36,0.472,1.0,0.125,0.672,0.417,0.359,0.215,0.246,0.029,0.473,0.133,0.543,0.292,0.482,0.128,0.303,0.024,0.393,0.234,0.471,0.291,0.137,0.002,0.153,0.139,0.107,0.12,0.15,0.029,0.035,0.122,0.468,0.044,0.528,0.156,0.031,1.0,0.194,0.063,0.551,0.258,0.563,0.023,0.04,0.122,0.124,0.017,1.0,0.853,0.365,0.317,0.302,0.879,0.18,0.122,0.106,0.221,0.495,0.678,0.441,0.385,0.334,0.089,0.093,0.185,0.273,0.334,0.372,0.154,0.352,0.226,0.008,0.025,0.474,0.152,0.23,0.058,0.293,0.036,0.026
37,0.198,0.184,0.199,0.007,0.412,0.217,0.595,0.207,0.013,0.269,0.081,0.419,0.816,0.119,0.347,0.199,0.715,0.216,0.184,0.749,0.246,0.066,0.176,0.007,0.002,0.327,0.302,0.007,0.014,0.562,0.324,0.192,0.248,0.456,0.104,0.245,0.194,1.0,0.318,0.127,0.575,0.454,0.137,0.0,0.018,0.308,0.014,0.186,0.228,0.114,0.184,0.183,0.344,1.0,0.03,0.316,0.204,0.141,0.184,0.278,0.221,0.203,0.034,0.023,0.144,0.185,0.12,0.126,0.176,0.197,0.186,0.018,0.016,0.146,0.077,0.581,0.076,0.816,0.066,0.061
38,0.147,0.065,0.089,0.108,0.061,0.201,0.693,0.43,0.671,0.068,0.319,0.005,0.589,0.271,0.267,0.158,0.073,0.209,0.107,0.06,0.315,0.291,0.517,0.31,0.405,0.282,0.311,0.279,0.664,0.441,0.28,0.135,0.079,0.006,0.148,0.087,0.063,0.318,1.0,0.01,0.743,0.005,0.202,0.552,0.244,0.255,0.484,0.062,0.052,0.425,0.3,0.31,0.061,0.321,0.239,0.303,0.274,0.305,0.132,0.07,0.208,0.169,0.444,0.464,0.218,0.023,0.422,0.269,0.237,0.296,0.4,0.317,0.491,0.002,0.293,0.66,0.192,0.599,0.678,0.668
39,0.544,0.56,0.19,0.329,0.132,0.371,0.0,0.553,0.146,0.598,0.317,0.795,0.093,0.44,0.077,0.703,0.25,0.386,0.694,0.5,0.216,0.289,0.178,0.44,0.438,0.495,0.072,0.409,0.147,0.009,0.089,0.549,0.037,0.817,0.398,0.044,0.551,0.127,0.01,1.0,0.026,0.806,0.022,0.323,0.156,0.094,0.136,0.562,0.807,0.207,0.383,0.368,0.714,0.133,0.107,0.487,0.626,0.414,0.119,0.598,0.364,0.686,0.088,0.062,0.062,0.022,0.204,0.424,0.239,0.378,0.56,0.143,0.156,0.067,0.265,0.0,0.456,0.087,0.184,0.175
40,0.049,0.281,0.016,0.078,0.062,0.064,0.929,0.257,0.497,0.022,0.166,0.102,0.904,0.051,0.42,0.077,0.119,0.056,0.025,0.26,0.109,0.108,0.244,0.138,0.164,0.177,0.421,0.109,0.468,0.544,0.43,0.039,0.009,0.103,0.025,0.008,0.258,0.575,0.743,0.026,1.0,0.105,0.163,0.289,0.147,0.361,0.304,0.243,0.239,0.083,0.105,0.088,0.234,0.571,0.21,0.166,0.141,0.074,0.172,0.014,0.052,0.058,0.252,0.258,0.122,0.116,0.087,0.027,0.426,0.091,0.219,0.191,0.28,0.137,0.075,0.934,0.22,0.888,0.592,0.602
41,0.552,0.507,0.493,0.106,0.451,0.521,0.046,0.306,0.148,0.717,0.465,1.0,0.275,0.525,0.058,0.548,0.482,0.521,0.522,0.81,0.337,0.432,0.336,0.261,0.312,0.188,0.046,0.24,0.141,0.058,0.041,0.575,0.099,1.0,0.551,0.111,0.563,0.454,0.005,0.806,0.105,1.0,0.056,0.385,0.093,0.075,0.274,0.546,0.78,0.2,0.491,0.482,0.781,0.442,0.086,0.173,0.343,0.521,0.276,0.708,0.517,0.543,0.147,0.16,0.193,0.13,0.195,0.537,0.047,0.492,0.317,0.076,0.246,0.248,0.449,0.052,0.295,0.285,0.09,0.086
42,0.048,0.025,0.414,0.047,0.01,0.003,0.195,0.05,0.097,0.008,0.301,0.059,0.166,0.153,0.153,0.019,0.02,0.007,0.025,0.027,0.041,0.341,0.001,0.07,0.043,0.017,0.193,0.084,0.114,0.12,0.181,0.062,0.554,0.05,0.324,0.546,0.023,0.137,0.202,0.022,0.163,0.056,1.0,0.1,0.479,0.168,0.16,0.023,0.042,0.604,0.037,0.037,0.018,0.125,0.251,0.018,0.016,0.147,0.149,0.006,0.001,0.02,0.063,0.071,0.037,0.479,0.573,0.007,0.155,0.026,0.055,0.503,0.146,0.382,0.33,0.191,0.028,0.167,0.12,0.093
43,0.549,0.047,0.585,0.021,0.376,0.593,0.294,0.458,0.859,0.525,0.655,0.363,0.089,0.622,0.239,0.455,0.172,0.571,0.39,0.197,0.543,0.616,0.799,0.644,0.763,0.187,0.224,0.636,0.848,0.187,0.216,0.561,0.138,0.354,0.551,0.135,0.04,0.0,0.552,0.323,0.289,0.385,0.1,1.0,0.354,0.279,0.872,0.048,0.088,0.154,0.67,0.668,0.101,0.001,0.425,0.159,0.36,0.613,0.146,0.529,0.57,0.483,0.772,0.776,0.603,0.028,0.134,0.676,0.257,0.626,0.418,0.254,0.843,0.036,0.629,0.273,0.522,0.114,0.77,0.757
44,0.371,0.092,0.506,0.283,0.206,0.225,0.079,0.494,0.189,0.15,0.222,0.062,0.033,0.411,0.033,0.314,0.043,0.231,0.174,0.009,0.154,0.253,0.219,0.695,0.591,0.437,0.022,0.676,0.19,0.545,0.024,0.363,0.131,0.076,0.17,0.131,0.122,0.018,0.244,0.156,0.147,0.093,0.479,0.354,1.0,0.03,0.328,0.119,0.033,0.102,0.202,0.198,0.048,0.019,0.249,0.438,0.433,0.428,0.251,0.154,0.223,0.28,0.245,0.226,0.146,0.395,0.11,0.199,0.015,0.187,0.489,0.23,0.29,0.272,0.252,0.082,0.011,0.026,0.084,0.112
45,0.105,0.111,0.33,0.356,0.285,0.042,0.588,0.118,0.588,0.1,0.261,0.06,0.233,0.253,0.963,0.166,0.306,0.037,0.262,0.225,0.02,0.315,0.166,0.013,0.038,0.209,0.971,0.026,0.582,0.093,0.967,0.109,0.056,0.078,0.43,0.051,0.124,0.308,0.255,0.094,0.361,0.075,0.168,0.279,0.03,1.0,0.508,0.135,0.008,0.127,0.043,0.029,0.027,0.287,0.699,0.194,0.141,0.263,0.504,0.096,0.039,0.151,0.574,0.561,0.575,0.132,0.12,0.059,0.9,0.03,0.133,0.444,0.508,0.176,0.372,0.621,0.783,0.234,0.685,0.655
46,0.372,0.023,0.703,0.18,0.399,0.392,0.294,0.192,0.922,0.338,0.636,0.266,0.065,0.541,0.369,0.242,0.314,0.388,0.188,0.128,0.352,0.622,0.812,0.328,0.458,0.012,0.353,0.344,0.904,0.089,0.363,0.393,0.177,0.259,0.62,0.192,0.017,0.014,0.484,0.136,0.304,0.274,0.16,0.872,0.328,0.508,1.0,0.015,0.045,0.083,0.458,0.462,0.015,0.017,0.771,0.014,0.11,0.546,0.255,0.329,0.391,0.244,0.942,0.948,0.761,0.037,0.073,0.458,0.425,0.422,0.172,0.377,1.0,0.032,0.632,0.337,0.648,0.088,0.759,0.764
47,0.478,1.0,0.107,0.686,0.409,0.42,0.216,0.214,0.028,0.441,0.122,0.569,0.281,0.529,0.089,0.323,0.025,0.421,0.202,0.443,0.32,0.123,0.004,0.166,0.144,0.135,0.116,0.165,0.026,0.043,0.112,0.47,0.037,0.549,0.188,0.042,1.0,0.186,0.062,0.562,0.243,0.546,0.023,0.048,0.119,0.135,0.015,1.0,0.849,0.351,0.318,0.298,0.878,0.207,0.114,0.131,0.201,0.509,0.716,0.491,0.394,0.335,0.082,0.1,0.173,0.271,0.346,0.377,0.162,0.371,0.221,0.004,0.012,0.477,0.148,0.226,0.049,0.289,0.028,0.025
48,0.345,0.837,0.146,0.441,0.183,0.235,0.103,0.289,0.048,0.392,0.226,0.769,0.295,0.323,0.006,0.362,0.173,0.221,0.357,0.529,0.129,0.211,0.092,0.098,0.127,0.224,0.006,0.136,0.036,0.038,0.003,0.34,0.055,0.764,0.282,0.073,0.853,0.228,0.052,0.807,0.239,0.78,0.042,0.088,0.033,0.008,0.045,0.849,1.0,0.33,0.215,0.214,0.935,0.221,0.123,0.231,0.281,0.325,0.32,0.395,0.244,0.377,0.012,0.005,0.006,0.169,0.37,0.259,0.112,0.223,0.254,0.035,0.035,0.335,0.181,0.118,0.197,0.299,0.044,0.045
49,0.152,0.354,0.141,0.273,0.093,0.179,0.162,0.254,0.139,0.128,0.324,0.193,0.109,0.386,0.196,0.15,0.02,0.179,0.158,0.105,0.253,0.375,0.067,0.044,0.071,0.161,0.192,0.038,0.137,0.016,0.179,0.137,0.372,0.216,0.421,0.376,0.365,0.114,0.425,0.207,0.083,0.2,0.604,0.154,0.102,0.127,0.083,0.351,0.33,1.0,0.243,0.236,0.364,0.094,0.024,0.174,0.192,0.392,0.429,0.129,0.195,0.153,0.071,0.069,0.05,0.411,1.0,0.223,0.088,0.222,0.252,0.321,0.08,0.494,0.389,0.163,0.023,0.093,0.192,0.197
50,0.654,0.306,0.389,0.145,0.746,0.973,0.026,0.289,0.397,0.808,0.69,0.49,0.214,0.642,0.017,0.437,0.336,0.978,0.407,0.405,0.959,0.646,0.697,0.516,0.587,0.084,0.006,0.535,0.369,0.193,0.018,0.658,0.234,0.471,0.523,0.211,0.317,0.184,0.3,0.383,0.105,0.491,0.037,0.67,0.202,0.043,0.458,0.318,0.215,0.243,1.0,1.0,0.324,0.175,0.124,0.089,0.21,0.656,0.329,0.788,0.965,0.408,0.402,0.412,0.483,0.282,0.235,0.977,0.013,0.997,0.231,0.237,0.478,0.307,0.67,0.017,0.13,0.193,0.287,0.288
51,0.637,0.293,0.394,0.163,0.765,0.96,0.027,0.225,0.355,0.789,0.699,0.455,0.21,0.659,0.013,0.435,0.322,0.973,0.379,0.384,0.961,0.644,0.704,0.528,0.616,0.07,0.018,0.536,0.371,0.177,0.018,0.657,0.195,0.487,0.512,0.191,0.302,0.183,0.31,0.368,0.088,0.482,0.037,0.668,0.198,0.029,0.462,0.298,0.214,0.236,1.0,1.0,0.345,0.197,0.123,0.087,0.204,0.651,0.308,0.791,0.966,0.424,0.433,0.392,0.468,0.276,0.226,0.977,0.021,0.996,0.265,0.258,0.471,0.34,0.635,0.022,0.15,0.198,0.315,0.298
52,0.584,0.864,0.127,0.404,0.345,0.406,0.176,0.4,0.0,0.609,0.263,0.77,0.306,0.53,0.032,0.57,0.187,0.405,0.537,0.7,0.268,0.247,0.032,0.152,0.132,0.26,0.031,0.167,0.001,0.064,0.031,0.561,0.01,0.764,0.347,0.001,0.879,0.344,0.061,0.714,0.234,0.781,0.018,0.101,0.048,0.027,0.015,0.878,0.935,0.364,0.324,0.345,1.0,0.371,0.024,0.242,0.41,0.525,0.478,0.599,0.405,0.547,0.028,0.028,0.107,0.246,0.371,0.417,0.03,0.356,0.393,0.019,0.012,0.415,0.254,0.172,0.047,0.301,0.0,0.001
53,0.186,0.187,0.183,0.009,0.405,0.206,0.566,0.191,0.016,0.272,0.079,0.443,0.788,0.127,0.305,0.205,0.674,0.216,0.186,0.736,0.227,0.053,0.157,0.006,0.004,0.285,0.332,0.004,0.011,0.534,0.315,0.168,0.246,0.42,0.138,0.254,0.18,1.0,0.321,0.133,0.571,0.442,0.125,0.001,0.019,0.287,0.017,0.207,0.221,0.094,0.175,0.197,0.371,1.0,0.034,0.297,0.193,0.141,0.167,0.296,0.21,0.192,0.047,0.036,0.161,0.173,0.12,0.155,0.177,0.18,0.218,0.035,0.028,0.161,0.064,0.564,0.076,0.808,0.067,0.076
54,0.135,0.131,0.541,0.427,0.309,0.094,0.307,0.008,0.685,0.056,0.437,0.077,0.064,0.238,0.559,0.012,0.312,0.11,0.054,0.045,0.109,0.467,0.442,0.067,0.052,0.079,0.562,0.058,0.649,0.042,0.593,0.122,0.149,0.09,0.496,0.157,0.122,0.03,0.239,0.107,0.21,0.086,0.251,0.425,0.249,0.699,0.771,0.114,0.123,0.024,0.124,0.123,0.024,0.034,1.0,0.072,0.007,0.271,0.336,0.065,0.103,0.019,0.711,0.716,0.676,0.051,0.02,0.108,0.708,0.102,0.006,0.501,0.764,0.031,0.49,0.327,0.649,0.084,0.569,0.546
55,0.306,0.129,0.004,0.276,0.031,0.112,0.183,0.858,0.046,0.163,0.006,0.181,0.158,0.221,0.242,0.585,0.328,0.102,0.604,0.214,0.101,0.01,0.025,0.547,0.479,1.0,0.252,0.495,0.058,0.591,0.239,0.303,0.009,0.186,0.083,0.012,0.106,0.316,0.303,0.487,0.166,0.173,0.018,0.159,0.438,0.194,0.014,0.131,0.231,0.174,0.089,0.087,0.242,0.297,0.072,1.0,0.884,0.201,0.01,0.157,0.106,0.601,0.021,0.014,0.001,0.102,0.168,0.137,0.256,0.083,0.855,0.076,0.018,0.019,0.007,0.187,0.262,0.131,0.153,0.145
56,0.579,0.207,0.066,0.161,0.051,0.269,0.176,0.97,0.177,0.461,0.058,0.329,0.06,0.418,0.202,0.878,0.196,0.234,0.857,0.357,0.154,0.075,0.061,0.66,0.649,0.901,0.183,0.659,0.153,0.388,0.185,0.618,0.016,0.326,0.175,0.018,0.221,0.204,0.274,0.626,0.141,0.343,0.016,0.36,0.433,0.141,0.11,0.201,0.281,0.192,0.21,0.204,0.41,0.193,0.007,0.884,1.0,0.421,0.024,0.416,0.251,0.877,0.112,0.101,0.088,0.055,0.2,0.34,0.179,0.238,0.959,0.087,0.107,0.036,0.086,0.189,0.329,0.064,0.253,0.228
57,0.871,0.464,0.604,0.305,0.645,0.661,0.171,0.543,0.402,0.733,0.506,0.525,0.03,1.0,0.205,0.659,0.145,0.667,0.448,0.48,0.533,0.534,0.394,0.533,0.549,0.207,0.199,0.513,0.419,0.036,0.2,0.878,0.029,0.537,0.574,0.038,0.495,0.141,0.305,0.414,0.074,0.521,0.147,0.613,0.428,0.263,0.546,0.509,0.325,0.392,0.656,0.651,0.525,0.141,0.271,0.201,0.421,1.0,0.623,0.713,0.69,0.629,0.522,0.56,0.563,0.127,0.388,0.726,0.086,0.651,0.545,0.133,0.56,0.261,0.588,0.181,0.135,0.03,0.338,0.32
58,0.412,0.705,0.308,0.694,0.601,0.354,0.269,0.093,0.209,0.315,0.278,0.254,0.152,0.621,0.476,0.151,0.142,0.375,0.095,0.388,0.324,0.357,0.125,0.076,0.077,0.012,0.448,0.087,0.221,0.085,0.482,0.403,0.027,0.278,0.416,0.027,0.678,0.184,0.132,0.119,0.172,0.276,0.149,0.146,0.251,0.504,0.255,0.716,0.32,0.429,0.329,0.308,0.478,0.167,0.336,0.01,0.024,0.623,1.0,0.338,0.342,0.152,0.369,0.354,0.489,0.429,0.396,0.348,0.274,0.333,0.082,0.313,0.237,0.613,0.423,0.287,0.16,0.177,0.201,0.234
59,0.906,0.463,0.44,0.124,0.683,0.863,0.026,0.453,0.237,1.0,0.468,0.716,0.172,0.757,0.046,0.774,0.355,0.83,0.682,0.726,0.734,0.447,0.454,0.556,0.569,0.17,0.034,0.546,0.253,0.009,0.043,0.894,0.208,0.723,0.489,0.234,0.441,0.278,0.07,0.598,0.014,0.708,0.006,0.529,0.154,0.096,0.329,0.491,0.395,0.129,0.788,0.791,0.599,0.296,0.065,0.157,0.416,0.713,0.338,1.0,0.882,0.762,0.388,0.377,0.511,0.171,0.146,0.898,0.005,0.825,0.447,0.127,0.365,0.222,0.48,0.032,0.195,0.18,0.18,0.203
60,0.734,0.379,0.427,0.23,0.835,1.0,0.003,0.286,0.283,0.851,0.55,0.516,0.204,0.682,0.003,0.492,0.302,1.0,0.404,0.429,0.957,0.457,0.633,0.621,0.624,0.117,0.008,0.586,0.259,0.165,0.008,0.765,0.238,0.48,0.371,0.224,0.385,0.221,0.208,0.364,0.052,0.517,0.001,0.57,0.223,0.039,0.391,0.394,0.244,0.195,0.965,0.966,0.405,0.21,0.103,0.106,0.251,0.69,0.342,0.882,1.0,0.482,0.375,0.388,0.51,0.228,0.165,0.973,0.004,0.979,0.287,0.109,0.398,0.261,0.482,0.005,0.093,0.187,0.185,0.178
61,0.873,0.352,0.215,0.092,0.287,0.517,0.162,0.858,0.257,0.77,0.222,0.563,0.067,0.648,0.121,1.0,0.216,0.502,0.904,0.58,0.344,0.269,0.217,0.635,0.668,0.576,0.136,0.64,0.276,0.145,0.145,0.859,0.11,0.574,0.308,0.109,0.334,0.203,0.169,0.686,0.058,0.543,0.02,0.483,0.28,0.151,0.244,0.335,0.377,0.153,0.408,0.424,0.547,0.192,0.019,0.601,0.877,0.629,0.152,0.762,0.482,1.0,0.321,0.301,0.316,0.073,0.169,0.602,0.098,0.455,0.835,0.082,0.237,0.109,0.26,0.155,0.307,0.049,0.294,0.291
62,0.463,0.087,0.605,0.263,0.468,0.41,0.361,0.216,0.891,0.388,0.449,0.167,0.058,0.541,0.419,0.321,0.288,0.375,0.218,0.154,0.425,0.448,0.749,0.3,0.406,0.015,0.4,0.305,0.877,0.032,0.434,0.454,0.281,0.139,0.432,0.303,0.089,0.034,0.444,0.088,0.252,0.147,0.063,0.772,0.245,0.574,0.942,0.082,0.012,0.071,0.402,0.433,0.028,0.047,0.711,0.021,0.112,0.522,0.369,0.388,0.375,0.321,1.0,1.0,0.918,0.033,0.081,0.463,0.442,0.373,0.217,0.296,0.946,0.049,0.502,0.365,0.642,0.046,0.739,0.756
63,0.437,0.088,0.603,0.259,0.447,0.405,0.367,0.213,0.883,0.372,0.444,0.155,0.045,0.548,0.411,0.322,0.3,0.352,0.217,0.156,0.352,0.44,0.732,0.322,0.407,0.006,0.427,0.324,0.888,0.021,0.431,0.453,0.299,0.164,0.439,0.274,0.093,0.023,0.464,0.062,0.258,0.16,0.071,0.776,0.226,0.561,0.948,0.1,0.005,0.069,0.412,0.392,0.028,0.036,0.716,0.014,0.101,0.56,0.354,0.377,0.388,0.301,1.0,1.0,0.92,0.034,0.08,0.428,0.419,0.401,0.2,0.269,0.941,0.038,0.483,0.359,0.608,0.064,0.751,0.764
64,0.541,0.184,0.584,0.354,0.673,0.525,0.244,0.162,0.636,0.522,0.363,0.221,0.019,0.569,0.383,0.32,0.443,0.503,0.216,0.348,0.488,0.397,0.632,0.256,0.305,0.002,0.417,0.255,0.631,0.011,0.423,0.529,0.39,0.196,0.415,0.409,0.185,0.144,0.218,0.062,0.122,0.193,0.037,0.603,0.146,0.575,0.761,0.173,0.006,0.05,0.483,0.468,0.107,0.161,0.676,0.001,0.088,0.563,0.489,0.511,0.51,0.316,0.918,0.92,1.0,0.121,0.063,0.532,0.406,0.476,0.149,0.219,0.809,0.169,0.45,0.262,0.547,0.023,0.542,0.494
65,0.059,0.274,0.104,0.242,0.296,0.205,0.062,0.026,0.016,0.181,0.472,0.124,0.113,0.134,0.147,0.097,0.214,0.216,0.193,0.224,0.271,0.485,0.08,0.039,0.026,0.093,0.093,0.033,0.011,0.504,0.097,0.061,0.266,0.115,0.397,0.281,0.273,0.185,0.023,0.022,0.116,0.13,0.479,0.028,0.395,0.132,0.037,0.271,0.169,0.411,0.282,0.276,0.246,0.173,0.051,0.102,0.055,0.127,0.429,0.171,0.228,0.073,0.033,0.034,0.121,1.0,0.418,0.194,0.029,0.267,0.026,0.449,0.028,0.945,0.47,0.065,0.044,0.117,0.007,0.007
66,0.166,0.359,0.147,0.267,0.082,0.148,0.143,0.252,0.139,0.136,0.352,0.181,0.098,0.41,0.184,0.169,0.023,0.176,0.164,0.109,0.238,0.413,0.084,0.054,0.09,0.192,0.206,0.036,0.132,0.016,0.189,0.158,0.415,0.187,0.422,0.393,0.334,0.12,0.422,0.204,0.087,0.195,0.573,0.134,0.11,0.12,0.073,0.346,0.37,1.0,0.235,0.226,0.371,0.12,0.02,0.168,0.2,0.388,0.396,0.146,0.165,0.169,0.081,0.08,0.063,0.418,1.0,0.195,0.083,0.229,0.257,0.328,0.105,0.478,0.396,0.167,0.025,0.096,0.186,0.191
67,0.81,0.348,0.409,0.171,0.757,0.974,0.003,0.334,0.371,0.909,0.6,0.525,0.133,0.735,0.028,0.615,0.25,0.975,0.525,0.458,0.913,0.548,0.661,0.651,0.682,0.133,0.024,0.597,0.361,0.086,0.022,0.791,0.23,0.487,0.469,0.212,0.372,0.126,0.269,0.424,0.027,0.537,0.007,0.676,0.199,0.059,0.458,0.377,0.259,0.223,0.977,0.977,0.417,0.155,0.108,0.137,0.34,0.726,0.348,0.898,0.973,0.602,0.463,0.428,0.532,0.194,0.195,1.0,0.013,0.975,0.38,0.196,0.471,0.251,0.569,0.002,0.178,0.116,0.282,0.277
68,0.007,0.155,0.187,0.373,0.101,0.005,0.578,0.086,0.533,0.009,0.236,0.049,0.271,0.061,0.9,0.083,0.192,0.006,0.23,0.056,0.007,0.27,0.132,0.078,0.117,0.226,0.901,0.079,0.543,0.099,0.879,0.017,0.067,0.038,0.354,0.068,0.154,0.176,0.237,0.239,0.426,0.047,0.155,0.257,0.015,0.9,0.425,0.162,0.112,0.088,0.013,0.021,0.03,0.177,0.708,0.256,0.179,0.086,0.274,0.005,0.004,0.098,0.442,0.419,0.406,0.029,0.083,0.013,1.0,0.013,0.118,0.443,0.436,0.025,0.275,0.59,0.826,0.293,0.688,0.68
69,0.676,0.345,0.409,0.202,0.783,0.983,0.018,0.272,0.329,0.818,0.65,0.454,0.2,0.673,0.012,0.471,0.324,0.989,0.404,0.375,0.964,0.566,0.678,0.543,0.633,0.072,0.009,0.543,0.35,0.209,0.005,0.664,0.224,0.467,0.453,0.226,0.352,0.197,0.296,0.378,0.091,0.492,0.026,0.626,0.187,0.03,0.422,0.371,0.223,0.222,0.997,0.996,0.356,0.18,0.102,0.083,0.238,0.651,0.333,0.825,0.979,0.455,0.373,0.401,0.476,0.267,0.229,0.975,0.013,1.0,0.247,0.197,0.417,0.302,0.597,0.02,0.132,0.215,0.253,0.243
70,0.666,0.222,0.134,0.196,0.092,0.281,0.254,1.0,0.232,0.45,0.07,0.286,0.098,0.542,0.156,0.832,0.138,0.296,0.742,0.33,0.193,0.08,0.118,0.69,0.674,0.864,0.142,0.679,0.246,0.415,0.167,0.653,0.013,0.286,0.155,0.008,0.226,0.186,0.4,0.56,0.219,0.317,0.055,0.418,0.489,0.133,0.172,0.221,0.254,0.252,0.231,0.265,0.393,0.218,0.006,0.855,0.959,0.545,0.082,0.447,0.287,0.835,0.217,0.2,0.149,0.026,0.257,0.38,0.118,0.247,1.0,0.011,0.179,0.005,0.119,0.274,0.241,0.096,0.288,0.303
71,0.016,0.013,0.165,0.256,0.09,0.113,0.196,0.013,0.469,0.121,0.639,0.077,0.162,0.13,0.462,0.096,0.215,0.118,0.323,0.045,0.161,0.684,0.315,0.005,0.03,0.073,0.436,0.017,0.465,0.098,0.462,0.019,0.109,0.081,0.553,0.116,0.008,0.018,0.317,0.143,0.191,0.076,0.503,0.254,0.23,0.444,0.377,0.004,0.035,0.321,0.237,0.258,0.019,0.035,0.501,0.076,0.087,0.133,0.313,0.127,0.109,0.082,0.296,0.269,0.219,0.449,0.328,0.196,0.443,0.197,0.011,1.0,0.373,0.303,0.643,0.202,0.418,0.176,0.446,0.444
72,0.399,0.019,0.668,0.172,0.391,0.371,0.311,0.175,0.906,0.329,0.653,0.237,0.07,0.539,0.38,0.256,0.319,0.372,0.182,0.125,0.343,0.666,0.8,0.349,0.439,0.008,0.358,0.339,0.899,0.082,0.384,0.405,0.183,0.278,0.59,0.181,0.025,0.016,0.491,0.156,0.28,0.246,0.146,0.843,0.29,0.508,1.0,0.012,0.035,0.08,0.478,0.471,0.012,0.028,0.764,0.018,0.107,0.56,0.237,0.365,0.398,0.237,0.946,0.941,0.809,0.028,0.105,0.471,0.436,0.417,0.179,0.373,1.0,0.039,0.641,0.313,0.636,0.054,0.746,0.758
73,0.125,0.477,0.171,0.282,0.398,0.26,0.087,0.005,0.013,0.238,0.472,0.274,0.145,0.237,0.162,0.098,0.167,0.272,0.191,0.342,0.277,0.458,0.065,0.018,0.018,0.027,0.17,0.034,0.014,0.405,0.155,0.12,0.206,0.23,0.46,0.209,0.474,0.146,0.002,0.067,0.137,0.248,0.382,0.036,0.272,0.176,0.032,0.477,0.335,0.494,0.307,0.34,0.415,0.161,0.031,0.019,0.036,0.261,0.613,0.222,0.261,0.109,0.049,0.038,0.169,0.945,0.478,0.251,0.025,0.302,0.005,0.303,0.039,1.0,0.486,0.073,0.028,0.16,0.025,0.022
74,0.331,0.149,0.545,0.094,0.461,0.51,0.066,0.098,0.56,0.443,0.967,0.429,0.044,0.551,0.31,0.248,0.342,0.518,0.375,0.355,0.481,0.996,0.56,0.14,0.243,0.009,0.329,0.144,0.578,0.166,0.319,0.367,0.009,0.416,0.936,0.016,0.152,0.077,0.293,0.265,0.075,0.449,0.33,0.629,0.252,0.372,0.632,0.148,0.181,0.389,0.67,0.635,0.254,0.064,0.49,0.007,0.086,0.588,0.423,0.48,0.482,0.26,0.502,0.483,0.45,0.47,0.396,0.569,0.275,0.597,0.119,0.643,0.641,0.486,1.0,0.088,0.379,0.05,0.445,0.46
75,0.117,0.227,0.084,0.135,0.081,0.007,1.0,0.266,0.561,0.044,0.09,0.03,0.783,0.177,0.665,0.14,0.119,0.007,0.054,0.317,0.031,0.093,0.113,0.086,0.131,0.196,0.649,0.071,0.527,0.419,0.638,0.114,0.031,0.038,0.089,0.023,0.23,0.581,0.66,0.0,0.934,0.052,0.191,0.273,0.082,0.621,0.337,0.226,0.118,0.163,0.017,0.022,0.172,0.564,0.327,0.187,0.189,0.181,0.287,0.032,0.005,0.155,0.365,0.359,0.262,0.065,0.167,0.002,0.59,0.02,0.274,0.202,0.313,0.073,0.088,1.0,0.366,0.774,0.663,0.66
76,0.159,0.059,0.301,0.302,0.101,0.099,0.347,0.233,0.722,0.206,0.361,0.287,0.051,0.179,0.684,0.327,0.364,0.093,0.452,0.153,0.065,0.381,0.382,0.168,0.281,0.267,0.67,0.181,0.705,0.044,0.668,0.144,0.16,0.307,0.458,0.166,0.058,0.076,0.192,0.456,0.22,0.295,0.028,0.522,0.011,0.783,0.648,0.049,0.197,0.023,0.13,0.15,0.047,0.076,0.649,0.262,0.329,0.135,0.16,0.195,0.093,0.307,0.642,0.608,0.547,0.044,0.025,0.178,0.826,0.132,0.241,0.418,0.636,0.028,0.379,0.366,1.0,0.055,0.757,0.728
77,0.075,0.291,0.025,0.065,0.208,0.193,0.818,0.131,0.222,0.15,0.129,0.28,1.0,0.04,0.321,0.069,0.334,0.197,0.029,0.495,0.24,0.083,0.234,0.068,0.088,0.141,0.35,0.056,0.232,0.529,0.33,0.075,0.097,0.284,0.008,0.092,0.293,0.816,0.599,0.087,0.888,0.285,0.167,0.114,0.026,0.234,0.088,0.289,0.299,0.093,0.193,0.198,0.301,0.808,0.084,0.131,0.064,0.03,0.177,0.18,0.187,0.049,0.046,0.064,0.023,0.117,0.096,0.116,0.293,0.215,0.096,0.176,0.054,0.16,0.05,0.774,0.055,1.0,0.344,0.307
78,0.235,0.042,0.247,0.131,0.075,0.171,0.674,0.293,0.947,0.172,0.47,0.069,0.329,0.357,0.651,0.288,0.075,0.196,0.328,0.047,0.188,0.481,0.552,0.311,0.44,0.139,0.652,0.284,0.94,0.146,0.654,0.237,0.05,0.098,0.423,0.039,0.036,0.066,0.678,0.184,0.592,0.09,0.12,0.77,0.084,0.685,0.759,0.028,0.044,0.192,0.287,0.315,0.0,0.067,0.569,0.153,0.253,0.338,0.201,0.18,0.185,0.294,0.739,0.751,0.542,0.007,0.186,0.282,0.688,0.253,0.288,0.446,0.746,0.025,0.445,0.663,0.757,0.344,1.0,1.0
79,0.242,0.026,0.274,0.119,0.095,0.206,0.642,0.282,0.949,0.189,0.489,0.083,0.316,0.345,0.665,0.281,0.062,0.171,0.322,0.059,0.171,0.483,0.534,0.276,0.448,0.142,0.671,0.256,0.939,0.144,0.657,0.237,0.037,0.109,0.45,0.043,0.026,0.061,0.668,0.175,0.602,0.086,0.093,0.757,0.112,0.655,0.764,0.025,0.045,0.197,0.288,0.298,0.001,0.076,0.546,0.145,0.228,0.32,0.234,0.203,0.178,0.291,0.756,0.764,0.494,0.007,0.191,0.277,0.68,0.243,0.303,0.444,0.758,0.022,0.46,0.66,0.728,0.307,1.0,1.0
