,0,1,2,3,4,5,6,7,8,9,10,11,12,13,14,15,16,17,18,19,20,21,22,23,24,25,26,27,28,29,30,31,32,33,34,35,36,37,38,39,40,41,42,43,44,45,46,47,48,49
0,1.0,0.932,0.068,0.042,0.841,0.961,0.99,0.078,0.678,0.581,0.82,0.108,0.001,0.118,0.246,0.55,0.772,0.0,0.031,0.487,0.016,0.001,0.363,0.719,0.991,0.883,0.976,0.001,0.0,0.204,0.03,0.909,0.88,0.673,0.512,0.699,0.98,0.336,0.0,0.0,0.008,0.005,0.029,0.64,0.902,0.763,0.021,0.0,0.195,0.146
1,0.932,1.0,0.019,0.124,0.977,0.999,0.878,0.209,0.449,0.808,0.969,0.031,0.0,0.331,0.496,0.781,0.958,0.007,0.112,0.23,0.064,0.017,0.572,0.507,0.961,0.657,0.857,0.01,0.002,0.418,0.003,0.744,0.992,0.409,0.27,0.908,0.983,0.147,0.0,0.008,0.051,0.0,0.004,0.895,0.997,0.923,0.073,0.003,0.065,0.041
2,0.068,0.019,1.0,0.097,0.0,0.016,0.085,0.045,0.43,0.0,0.002,0.984,0.831,0.031,0.005,0.0,0.002,0.431,0.118,0.641,0.207,0.32,0.002,0.364,0.046,0.231,0.104,0.355,0.607,0.006,0.976,0.171,0.006,0.472,0.651,0.002,0.031,0.782,0.796,0.427,0.228,0.874,0.994,0.0,0.008,0.001,0.123,0.488,0.927,0.972
3,0.042,0.124,0.097,1.0,0.204,0.129,0.017,0.977,0.0,0.49,0.258,0.057,0.375,0.935,0.754,0.492,0.269,0.762,0.998,0.0,0.955,0.852,0.707,0.0,0.073,0.0,0.009,0.807,0.635,0.817,0.18,0.005,0.179,0.0,0.0,0.357,0.077,0.001,0.452,0.765,0.953,0.304,0.126,0.38,0.16,0.327,0.987,0.688,0.014,0.035
4,0.841,0.977,0.0,0.204,1.0,0.964,0.783,0.31,0.362,0.897,0.996,0.011,0.0,0.429,0.648,0.873,0.988,0.008,0.172,0.146,0.133,0.042,0.709,0.383,0.89,0.561,0.745,0.02,0.006,0.531,0.001,0.628,0.998,0.291,0.19,0.972,0.924,0.086,0.0,0.027,0.104,0.0,0.001,0.947,0.994,0.984,0.167,0.008,0.036,0.018
5,0.961,0.999,0.016,0.129,0.964,1.0,0.909,0.189,0.487,0.776,0.952,0.034,0.0,0.277,0.464,0.742,0.93,0.002,0.09,0.26,0.047,0.01,0.573,0.561,0.977,0.708,0.866,0.01,0.001,0.386,0.0,0.787,0.982,0.472,0.321,0.874,0.993,0.169,0.0,0.004,0.046,0.0,0.003,0.851,0.992,0.901,0.073,0.001,0.079,0.056
6,0.99,0.878,0.085,0.017,0.783,0.909,1.0,0.044,0.778,0.487,0.734,0.153,0.002,0.099,0.216,0.465,0.695,0.0,0.013,0.529,0.003,0.0,0.28,0.8,0.96,0.928,0.998,0.001,0.0,0.153,0.035,0.961,0.81,0.732,0.565,0.617,0.94,0.434,0.005,0.0,0.003,0.014,0.073,0.59,0.87,0.662,0.011,0.0,0.235,0.192
7,0.078,0.209,0.045,0.977,0.31,0.189,0.044,1.0,0.001,0.556,0.358,0.024,0.264,0.98,0.891,0.653,0.352,0.631,0.974,0.0,0.901,0.753,0.809,0.001,0.117,0.009,0.05,0.721,0.517,0.928,0.128,0.01,0.279,0.0,0.0,0.451,0.113,0.001,0.312,0.685,0.888,0.187,0.091,0.49,0.25,0.441,0.947,0.606,0.009,0.023
8,0.678,0.449,0.43,0.0,0.362,0.487,0.778,0.001,1.0,0.147,0.309,0.532,0.107,0.005,0.023,0.112,0.277,0.019,0.0,0.916,0.0,0.001,0.028,0.999,0.632,0.946,0.828,0.003,0.034,0.016,0.281,0.915,0.374,0.999,0.947,0.227,0.597,0.855,0.107,0.002,0.0,0.16,0.345,0.206,0.436,0.253,0.0,0.029,0.656,0.574
9,0.581,0.808,0.0,0.49,0.897,0.776,0.487,0.556,0.147,1.0,0.925,0.0,0.007,0.686,0.898,1.0,0.946,0.092,0.419,0.044,0.287,0.17,0.928,0.171,0.656,0.296,0.459,0.125,0.046,0.802,0.0,0.343,0.881,0.102,0.046,0.985,0.721,0.018,0.014,0.102,0.271,0.008,0.0,0.993,0.841,0.975,0.39,0.08,0.002,0.0
10,0.82,0.969,0.002,0.258,0.996,0.952,0.734,0.358,0.309,0.925,1.0,0.005,0.0,0.47,0.666,0.914,0.998,0.021,0.195,0.128,0.125,0.048,0.767,0.3,0.9,0.501,0.727,0.042,0.007,0.595,0.0,0.576,0.989,0.281,0.157,0.983,0.896,0.081,0.0,0.037,0.115,0.0,0.0,0.974,0.984,0.995,0.184,0.013,0.026,0.011
11,0.108,0.031,0.984,0.057,0.011,0.034,0.153,0.024,0.532,0.0,0.005,1.0,0.68,0.007,0.0,0.0,0.006,0.332,0.047,0.777,0.119,0.228,0.0,0.517,0.077,0.348,0.201,0.266,0.448,0.002,0.899,0.284,0.014,0.572,0.741,0.002,0.068,0.875,0.662,0.324,0.13,0.782,0.952,0.0,0.024,0.01,0.09,0.369,0.98,1.0
12,0.001,0.0,0.831,0.375,0.0,0.0,0.002,0.264,0.107,0.007,0.0,0.68,1.0,0.205,0.087,0.011,0.0,0.866,0.413,0.297,0.551,0.751,0.044,0.096,0.0,0.038,0.007,0.753,0.938,0.125,0.945,0.018,0.0,0.144,0.238,0.002,0.0,0.372,0.997,0.815,0.59,0.991,0.885,0.005,0.0,0.002,0.454,0.861,0.59,0.64
13,0.118,0.331,0.031,0.935,0.429,0.277,0.099,0.98,0.005,0.686,0.47,0.007,0.205,1.0,0.953,0.748,0.498,0.504,0.904,0.0,0.804,0.633,0.895,0.007,0.175,0.014,0.08,0.606,0.399,0.984,0.058,0.031,0.385,0.002,0.0,0.572,0.218,0.0,0.2,0.538,0.762,0.128,0.039,0.605,0.322,0.528,0.864,0.445,0.004,0.003
14,0.246,0.496,0.005,0.754,0.648,0.464,0.216,0.891,0.023,0.898,0.666,0.0,0.087,0.953,1.0,0.915,0.704,0.314,0.761,0.003,0.602,0.41,0.987,0.036,0.33,0.077,0.174,0.352,0.196,0.991,0.014,0.12,0.603,0.014,0.004,0.797,0.4,0.0,0.095,0.335,0.582,0.061,0.014,0.829,0.561,0.736,0.69,0.292,0.0,0.0
15,0.55,0.781,0.0,0.492,0.873,0.742,0.465,0.653,0.112,1.0,0.914,0.0,0.011,0.748,0.915,1.0,0.929,0.102,0.45,0.029,0.328,0.181,0.948,0.133,0.605,0.242,0.451,0.14,0.051,0.856,0.0,0.289,0.839,0.091,0.036,0.966,0.651,0.01,0.02,0.119,0.31,0.005,0.0,0.981,0.831,0.959,0.415,0.096,0.0,0.0
16,0.772,0.958,0.002,0.269,0.988,0.93,0.695,0.352,0.277,0.946,0.998,0.006,0.0,0.498,0.704,0.929,1.0,0.031,0.222,0.087,0.152,0.047,0.795,0.335,0.864,0.446,0.67,0.05,0.014,0.634,0.0,0.543,0.981,0.233,0.148,0.998,0.874,0.057,0.0,0.036,0.139,0.0,0.0,0.977,0.969,0.998,0.203,0.017,0.014,0.006
17,0.0,0.007,0.431,0.762,0.008,0.002,0.0,0.631,0.019,0.092,0.021,0.332,0.866,0.504,0.314,0.102,0.031,1.0,0.774,0.067,0.889,0.975,0.258,0.007,0.0,0.004,0.0,0.989,0.982,0.377,0.625,0.0,0.015,0.023,0.053,0.033,0.0,0.123,0.892,0.997,0.901,0.791,0.524,0.068,0.004,0.031,0.819,0.997,0.24,0.318
18,0.031,0.112,0.118,0.998,0.172,0.09,0.013,0.974,0.0,0.419,0.195,0.047,0.413,0.904,0.761,0.45,0.222,0.774,1.0,0.002,0.985,0.876,0.679,0.0,0.048,0.001,0.004,0.858,0.682,0.835,0.231,0.001,0.173,0.0,0.0,0.278,0.045,0.005,0.455,0.804,0.97,0.345,0.167,0.344,0.138,0.243,0.998,0.733,0.034,0.054
19,0.487,0.23,0.641,0.0,0.146,0.26,0.529,0.0,0.916,0.044,0.128,0.777,0.297,0.0,0.003,0.029,0.087,0.067,0.002,1.0,0.006,0.029,0.003,0.911,0.362,0.775,0.551,0.036,0.113,0.0,0.491,0.7,0.19,0.946,0.998,0.075,0.338,0.978,0.245,0.048,0.007,0.357,0.585,0.064,0.234,0.104,0.003,0.071,0.881,0.788
20,0.016,0.064,0.207,0.955,0.133,0.047,0.003,0.901,0.0,0.287,0.125,0.119,0.551,0.804,0.602,0.328,0.152,0.889,0.985,0.006,1.0,0.953,0.556,0.0,0.017,0.0,0.003,0.932,0.799,0.7,0.294,0.0,0.102,0.0,0.002,0.22,0.032,0.016,0.582,0.912,0.997,0.455,0.237,0.223,0.083,0.171,0.992,0.844,0.063,0.097
21,0.001,0.017,0.32,0.852,0.042,0.01,0.0,0.753,0.001,0.17,0.048,0.228,0.751,0.633,0.41,0.181,0.047,0.975,0.876,0.029,0.953,1.0,0.351,0.0,0.001,0.0,0.0,0.998,0.924,0.5,0.506,0.0,0.033,0.008,0.021,0.087,0.009,0.058,0.777,0.996,0.967,0.64,0.428,0.122,0.016,0.078,0.899,0.971,0.148,0.21
22,0.363,0.572,0.002,0.707,0.709,0.573,0.28,0.809,0.028,0.928,0.767,0.0,0.044,0.895,0.987,0.948,0.795,0.258,0.679,0.003,0.556,0.351,1.0,0.057,0.422,0.13,0.251,0.289,0.179,0.965,0.012,0.168,0.683,0.036,0.004,0.859,0.431,0.0,0.06,0.284,0.497,0.025,0.004,0.884,0.636,0.824,0.622,0.213,0.0,0.0
23,0.719,0.507,0.364,0.0,0.383,0.561,0.8,0.001,0.999,0.171,0.3,0.517,0.096,0.007,0.036,0.133,0.335,0.007,0.0,0.911,0.0,0.0,0.057,1.0,0.672,0.98,0.861,0.004,0.027,0.014,0.218,0.929,0.422,0.996,0.933,0.228,0.623,0.798,0.074,0.007,0.0,0.125,0.321,0.194,0.451,0.289,0.0,0.015,0.607,0.528
24,0.991,0.961,0.046,0.073,0.89,0.977,0.96,0.117,0.632,0.656,0.9,0.077,0.0,0.175,0.33,0.605,0.864,0.0,0.048,0.362,0.017,0.001,0.422,0.672,1.0,0.831,0.959,0.004,0.0,0.263,0.015,0.9,0.93,0.598,0.412,0.795,1.0,0.291,0.0,0.002,0.009,0.003,0.022,0.746,0.962,0.814,0.043,0.0,0.149,0.084
25,0.883,0.657,0.231,0.0,0.561,0.708,0.928,0.009,0.946,0.296,0.501,0.348,0.038,0.014,0.077,0.242,0.446,0.004,0.001,0.775,0.0,0.0,0.13,0.98,0.831,1.0,0.959,0.0,0.006,0.047,0.149,0.99,0.578,0.934,0.815,0.404,0.766,0.668,0.028,0.001,0.0,0.07,0.179,0.335,0.619,0.423,0.0,0.003,0.471,0.367
26,0.976,0.857,0.104,0.009,0.745,0.866,0.998,0.05,0.828,0.459,0.727,0.201,0.007,0.08,0.174,0.451,0.67,0.0,0.004,0.551,0.003,0.0,0.251,0.861,0.959,0.959,1.0,0.0,0.0,0.151,0.059,0.973,0.778,0.765,0.624,0.54,0.934,0.428,0.005,0.0,0.002,0.014,0.083,0.565,0.826,0.636,0.008,0.0,0.28,0.211
27,0.001,0.01,0.355,0.807,0.02,0.01,0.001,0.721,0.003,0.125,0.042,0.266,0.753,0.606,0.352,0.14,0.05,0.989,0.858,0.036,0.932,0.998,0.289,0.004,0.004,0.0,0.0,1.0,0.94,0.477,0.551,0.0,0.023,0.007,0.025,0.07,0.002,0.079,0.836,0.999,0.947,0.689,0.489,0.095,0.012,0.061,0.871,0.991,0.209,0.243
28,0.0,0.002,0.607,0.635,0.006,0.001,0.0,0.517,0.034,0.046,0.007,0.448,0.938,0.399,0.196,0.051,0.014,0.982,0.682,0.113,0.799,0.924,0.179,0.027,0.0,0.006,0.0,0.94,1.0,0.272,0.711,0.002,0.003,0.032,0.083,0.023,0.0,0.169,0.946,0.961,0.822,0.875,0.664,0.028,0.0,0.017,0.697,0.993,0.324,0.418
29,0.204,0.418,0.006,0.817,0.531,0.386,0.153,0.928,0.016,0.802,0.595,0.002,0.125,0.984,0.991,0.856,0.634,0.377,0.835,0.0,0.7,0.5,0.965,0.014,0.263,0.047,0.151,0.477,0.272,1.0,0.034,0.075,0.525,0.008,0.001,0.727,0.282,0.0,0.143,0.404,0.658,0.083,0.013,0.742,0.464,0.656,0.781,0.346,0.0,0.001
30,0.03,0.003,0.976,0.18,0.001,0.0,0.035,0.128,0.281,0.0,0.0,0.899,0.945,0.058,0.014,0.0,0.0,0.625,0.231,0.491,0.294,0.506,0.012,0.218,0.015,0.149,0.059,0.551,0.711,0.034,1.0,0.091,0.001,0.304,0.469,0.0,0.012,0.64,0.912,0.57,0.318,0.967,0.987,0.0,0.0,0.0,0.221,0.672,0.826,0.885
31,0.909,0.744,0.171,0.005,0.628,0.787,0.961,0.01,0.915,0.343,0.576,0.284,0.018,0.031,0.12,0.289,0.543,0.0,0.001,0.7,0.0,0.0,0.168,0.929,0.9,0.99,0.973,0.0,0.002,0.075,0.091,1.0,0.679,0.9,0.735,0.461,0.846,0.586,0.012,0.0,0.0,0.039,0.123,0.416,0.701,0.527,0.003,0.0,0.36,0.312
32,0.88,0.992,0.006,0.179,0.998,0.982,0.81,0.279,0.374,0.881,0.989,0.014,0.0,0.385,0.603,0.839,0.981,0.015,0.173,0.19,0.102,0.033,0.683,0.422,0.93,0.578,0.778,0.023,0.003,0.525,0.001,0.679,1.0,0.351,0.213,0.947,0.96,0.119,0.0,0.012,0.076,0.0,0.003,0.926,0.999,0.963,0.133,0.005,0.042,0.031
33,0.673,0.409,0.472,0.0,0.291,0.472,0.732,0.0,0.999,0.102,0.281,0.572,0.144,0.002,0.014,0.091,0.233,0.023,0.0,0.946,0.0,0.008,0.036,0.996,0.598,0.934,0.765,0.007,0.032,0.008,0.304,0.9,0.351,1.0,0.961,0.188,0.556,0.884,0.114,0.009,0.0,0.186,0.381,0.157,0.349,0.228,0.0,0.031,0.712,0.604
34,0.512,0.27,0.651,0.0,0.19,0.321,0.565,0.0,0.947,0.046,0.157,0.741,0.238,0.0,0.004,0.036,0.148,0.053,0.0,0.998,0.002,0.021,0.004,0.933,0.412,0.815,0.624,0.025,0.083,0.001,0.469,0.735,0.213,0.961,1.0,0.092,0.37,0.97,0.219,0.043,0.005,0.287,0.565,0.08,0.259,0.097,0.001,0.061,0.866,0.766
35,0.699,0.908,0.002,0.357,0.972,0.874,0.617,0.451,0.227,0.985,0.983,0.002,0.002,0.572,0.797,0.966,0.998,0.033,0.278,0.075,0.22,0.087,0.859,0.228,0.795,0.404,0.54,0.07,0.023,0.727,0.0,0.461,0.947,0.188,0.092,1.0,0.812,0.037,0.002,0.062,0.195,0.001,0.0,0.996,0.919,0.995,0.267,0.033,0.003,0.002
36,0.98,0.983,0.031,0.077,0.924,0.993,0.94,0.113,0.597,0.721,0.896,0.068,0.0,0.218,0.4,0.651,0.874,0.0,0.045,0.338,0.032,0.009,0.431,0.623,1.0,0.766,0.934,0.002,0.0,0.282,0.012,0.846,0.96,0.556,0.37,0.812,1.0,0.233,0.001,0.001,0.03,0.0,0.017,0.782,0.971,0.836,0.053,0.0,0.111,0.068
37,0.336,0.147,0.782,0.001,0.086,0.169,0.434,0.001,0.855,0.018,0.081,0.875,0.372,0.0,0.0,0.01,0.057,0.123,0.005,0.978,0.016,0.058,0.0,0.798,0.291,0.668,0.428,0.079,0.169,0.0,0.64,0.586,0.119,0.884,0.97,0.037,0.233,1.0,0.342,0.093,0.022,0.454,0.711,0.026,0.132,0.058,0.005,0.134,0.95,0.904
38,0.0,0.0,0.796,0.452,0.0,0.0,0.005,0.312,0.107,0.014,0.0,0.662,0.997,0.2,0.095,0.02,0.0,0.892,0.455,0.245,0.582,0.777,0.06,0.074,0.0,0.028,0.005,0.836,0.946,0.143,0.912,0.012,0.0,0.114,0.219,0.002,0.001,0.342,1.0,0.821,0.617,0.978,0.857,0.005,0.0,0.001,0.524,0.905,0.54,0.611
39,0.0,0.008,0.427,0.765,0.027,0.004,0.0,0.685,0.002,0.102,0.037,0.324,0.815,0.538,0.335,0.119,0.036,0.997,0.804,0.048,0.912,0.996,0.284,0.007,0.002,0.001,0.0,0.999,0.961,0.404,0.57,0.0,0.012,0.009,0.043,0.062,0.001,0.093,0.821,1.0,0.92,0.753,0.489,0.081,0.014,0.048,0.85,0.993,0.213,0.272
40,0.008,0.051,0.228,0.953,0.104,0.046,0.003,0.888,0.0,0.271,0.115,0.13,0.59,0.762,0.582,0.31,0.139,0.901,0.97,0.007,0.997,0.967,0.497,0.0,0.009,0.0,0.002,0.947,0.822,0.658,0.318,0.0,0.076,0.0,0.005,0.195,0.03,0.022,0.617,0.92,1.0,0.494,0.298,0.213,0.066,0.161,0.983,0.872,0.085,0.103
41,0.005,0.0,0.874,0.304,0.0,0.0,0.014,0.187,0.16,0.008,0.0,0.782,0.991,0.128,0.061,0.005,0.0,0.791,0.345,0.357,0.455,0.64,0.025,0.125,0.003,0.07,0.014,0.689,0.875,0.083,0.967,0.039,0.0,0.186,0.287,0.001,0.0,0.454,0.978,0.753,0.494,1.0,0.945,0.0,0.0,0.0,0.355,0.804,0.658,0.754
42,0.029,0.004,0.994,0.126,0.001,0.003,0.073,0.091,0.345,0.0,0.0,0.952,0.885,0.039,0.014,0.0,0.0,0.524,0.167,0.585,0.237,0.428,0.004,0.321,0.022,0.179,0.083,0.489,0.664,0.013,0.987,0.123,0.003,0.381,0.565,0.0,0.017,0.711,0.857,0.489,0.298,0.945,1.0,0.0,0.001,0.0,0.184,0.572,0.89,0.92
43,0.64,0.895,0.0,0.38,0.947,0.851,0.59,0.49,0.206,0.993,0.974,0.0,0.005,0.605,0.829,0.981,0.977,0.068,0.344,0.064,0.223,0.122,0.884,0.194,0.746,0.335,0.565,0.095,0.028,0.742,0.0,0.416,0.926,0.157,0.08,0.996,0.782,0.026,0.005,0.081,0.213,0.0,0.0,1.0,0.887,0.993,0.303,0.068,0.005,0.002
44,0.902,0.997,0.008,0.16,0.994,0.992,0.87,0.25,0.436,0.841,0.984,0.024,0.0,0.322,0.561,0.831,0.969,0.004,0.138,0.234,0.083,0.016,0.636,0.451,0.962,0.619,0.826,0.012,0.0,0.464,0.0,0.701,0.999,0.349,0.259,0.919,0.971,0.132,0.0,0.014,0.066,0.0,0.001,0.887,1.0,0.955,0.098,0.004,0.04,0.024
45,0.763,0.923,0.001,0.327,0.984,0.901,0.662,0.441,0.253,0.975,0.995,0.01,0.002,0.528,0.736,0.959,0.998,0.031,0.243,0.104,0.171,0.078,0.824,0.289,0.814,0.423,0.636,0.061,0.017,0.656,0.0,0.527,0.963,0.228,0.097,0.995,0.836,0.058,0.001,0.048,0.161,0.0,0.0,0.993,0.955,1.0,0.215,0.039,0.009,0.003
46,0.021,0.073,0.123,0.987,0.167,0.073,0.011,0.947,0.0,0.39,0.184,0.09,0.454,0.864,0.69,0.415,0.203,0.819,0.998,0.003,0.992,0.899,0.622,0.0,0.043,0.0,0.008,0.871,0.697,0.781,0.221,0.003,0.133,0.0,0.001,0.267,0.053,0.005,0.524,0.85,0.983,0.355,0.184,0.303,0.098,0.215,1.0,0.767,0.03,0.051
47,0.0,0.003,0.488,0.688,0.008,0.001,0.0,0.606,0.029,0.08,0.013,0.369,0.861,0.445,0.292,0.096,0.017,0.997,0.733,0.071,0.844,0.971,0.213,0.015,0.0,0.003,0.0,0.991,0.993,0.346,0.672,0.0,0.005,0.031,0.061,0.033,0.0,0.134,0.905,0.993,0.872,0.804,0.572,0.068,0.004,0.039,0.767,1.0,0.261,0.325
48,0.195,0.065,0.927,0.014,0.036,0.079,0.235,0.009,0.656,0.002,0.026,0.98,0.59,0.004,0.0,0.0,0.014,0.24,0.034,0.881,0.063,0.148,0.0,0.607,0.149,0.471,0.28,0.209,0.324,0.0,0.826,0.36,0.042,0.712,0.866,0.003,0.111,0.95,0.54,0.213,0.085,0.658,0.89,0.005,0.04,0.009,0.03,0.261,1.0,0.994
49,0.146,0.041,0.972,0.035,0.018,0.056,0.192,0.023,0.574,0.0,0.011,1.0,0.64,0.003,0.0,0.0,0.006,0.318,0.054,0.788,0.097,0.21,0.0,0.528,0.084,0.367,0.211,0.243,0.418,0.001,0.885,0.312,0.031,0.604,0.766,0.002,0.068,0.904,0.611,0.272,0.103,0.754,0.92,0.002,0.024,0.003,0.051,0.325,0.994,1.0
