,0,1,2,3,4,5,6,7,8,9,10,11,12,13,14,15,16,17,18,19,20,21,22,23,24,25,26,27,28,29,30,31,32,33,34,35,36,37,38,39,40,41,42,43,44,45,46,47,48,49
0,1.0,0.762,1.0,0.705,0.106,0.384,0.424,0.051,0.999,0.849,0.889,0.004,0.123,0.043,0.085,0.574,0.363,0.946,0.962,0.167,0.721,0.475,1.0,0.665,0.298,0.043,0.988,0.086,0.009,0.93,0.097,0.0,0.938,0.387,0.934,0.869,0.009,0.996,0.993,0.01,0.001,0.904,0.255,0.985,0.004,0.812,0.553,0.983,0.964,0.514
1,0.762,1.0,0.77,0.998,0.442,0.824,0.853,0.346,0.752,0.986,0.985,0.062,0.531,0.251,0.384,0.959,0.814,0.906,0.887,0.608,0.994,0.902,0.794,0.98,0.753,0.29,0.676,0.383,0.108,0.94,0.388,0.031,0.927,0.84,0.55,0.408,0.115,0.67,0.816,0.127,0.049,0.496,0.683,0.832,0.064,0.383,0.952,0.893,0.573,0.93
2,1.0,0.77,1.0,0.719,0.128,0.399,0.431,0.073,0.995,0.866,0.891,0.002,0.154,0.042,0.097,0.609,0.38,0.964,0.973,0.196,0.7,0.5,0.999,0.665,0.331,0.056,0.985,0.098,0.01,0.947,0.111,0.0,0.953,0.444,0.919,0.843,0.009,0.989,0.996,0.011,0.003,0.904,0.262,0.991,0.003,0.803,0.598,0.978,0.949,0.564
3,0.705,0.998,0.719,1.0,0.522,0.86,0.909,0.383,0.722,0.972,0.964,0.083,0.566,0.288,0.444,0.981,0.829,0.885,0.865,0.646,1.0,0.927,0.732,0.996,0.789,0.352,0.626,0.443,0.152,0.919,0.479,0.043,0.903,0.877,0.469,0.395,0.135,0.63,0.777,0.163,0.045,0.462,0.732,0.81,0.067,0.348,0.975,0.84,0.54,0.96
4,0.106,0.442,0.128,0.522,1.0,0.819,0.776,0.973,0.109,0.32,0.342,0.656,0.992,0.947,0.997,0.604,0.833,0.211,0.202,0.977,0.511,0.728,0.119,0.573,0.882,0.968,0.073,0.996,0.778,0.25,1.0,0.526,0.228,0.806,0.032,0.02,0.764,0.095,0.152,0.812,0.608,0.027,0.93,0.16,0.608,0.014,0.619,0.195,0.054,0.681
5,0.384,0.824,0.399,0.86,0.819,1.0,0.998,0.724,0.352,0.738,0.718,0.301,0.885,0.644,0.771,0.953,1.0,0.558,0.543,0.908,0.885,0.986,0.393,0.921,0.992,0.659,0.294,0.768,0.403,0.608,0.806,0.21,0.588,1.0,0.2,0.131,0.382,0.299,0.439,0.416,0.227,0.164,0.971,0.467,0.261,0.104,0.952,0.522,0.221,0.961
6,0.424,0.853,0.431,0.909,0.776,0.998,1.0,0.664,0.393,0.796,0.76,0.253,0.833,0.559,0.684,0.974,0.992,0.609,0.594,0.889,0.914,0.996,0.478,0.936,0.981,0.624,0.337,0.741,0.328,0.69,0.756,0.191,0.641,0.999,0.197,0.159,0.325,0.357,0.505,0.374,0.195,0.22,0.941,0.509,0.211,0.122,0.976,0.568,0.248,0.976
7,0.051,0.346,0.073,0.383,0.973,0.724,0.664,1.0,0.054,0.244,0.232,0.786,0.951,0.988,0.997,0.51,0.719,0.154,0.142,0.901,0.383,0.601,0.078,0.441,0.769,0.996,0.032,0.993,0.883,0.164,0.991,0.653,0.146,0.696,0.017,0.004,0.868,0.041,0.097,0.898,0.71,0.009,0.852,0.101,0.725,0.004,0.531,0.126,0.02,0.557
8,0.999,0.752,0.995,0.722,0.109,0.352,0.393,0.054,1.0,0.813,0.833,0.005,0.127,0.035,0.066,0.581,0.31,0.935,0.945,0.167,0.664,0.427,0.983,0.613,0.308,0.053,0.991,0.074,0.004,0.918,0.104,0.0,0.928,0.367,0.938,0.867,0.008,0.996,0.983,0.009,0.001,0.927,0.238,0.983,0.004,0.842,0.518,0.968,0.975,0.52
9,0.849,0.986,0.866,0.972,0.32,0.738,0.796,0.244,0.813,1.0,1.0,0.034,0.394,0.2,0.312,0.898,0.724,0.97,0.957,0.495,0.957,0.807,0.876,0.943,0.64,0.218,0.777,0.3,0.07,0.985,0.307,0.023,0.971,0.759,0.647,0.492,0.07,0.766,0.899,0.083,0.033,0.595,0.587,0.908,0.037,0.452,0.908,0.928,0.739,0.893
10,0.889,0.985,0.891,0.964,0.342,0.718,0.76,0.232,0.833,1.0,1.0,0.031,0.4,0.163,0.308,0.908,0.686,0.969,0.963,0.494,0.94,0.781,0.905,0.923,0.648,0.213,0.781,0.294,0.057,0.991,0.297,0.021,0.967,0.751,0.644,0.52,0.065,0.81,0.914,0.075,0.021,0.618,0.597,0.923,0.018,0.494,0.89,0.96,0.713,0.863
11,0.004,0.062,0.002,0.083,0.656,0.301,0.253,0.786,0.005,0.034,0.031,1.0,0.59,0.869,0.749,0.141,0.312,0.018,0.015,0.512,0.086,0.21,0.008,0.137,0.363,0.825,0.0,0.716,0.98,0.017,0.721,0.98,0.014,0.283,0.0,0.0,0.981,0.002,0.009,0.977,0.991,0.0,0.399,0.007,0.997,0.0,0.158,0.009,0.001,0.185
12,0.123,0.531,0.154,0.566,0.992,0.885,0.833,0.951,0.127,0.394,0.4,0.59,1.0,0.897,0.974,0.675,0.889,0.259,0.28,0.995,0.585,0.794,0.181,0.618,0.908,0.926,0.098,0.972,0.699,0.334,0.985,0.456,0.264,0.853,0.062,0.032,0.711,0.105,0.187,0.714,0.536,0.047,0.959,0.182,0.552,0.027,0.703,0.254,0.065,0.748
13,0.043,0.251,0.042,0.288,0.947,0.644,0.559,0.988,0.035,0.2,0.163,0.869,0.897,1.0,0.971,0.395,0.642,0.105,0.099,0.86,0.313,0.535,0.043,0.365,0.709,0.994,0.024,0.96,0.928,0.119,0.949,0.742,0.112,0.582,0.007,0.001,0.923,0.021,0.06,0.956,0.799,0.006,0.769,0.067,0.842,0.003,0.423,0.08,0.009,0.445
14,0.085,0.384,0.097,0.444,0.997,0.771,0.684,0.997,0.066,0.312,0.308,0.749,0.974,0.971,1.0,0.553,0.776,0.162,0.162,0.945,0.438,0.658,0.083,0.504,0.843,0.984,0.045,0.999,0.856,0.19,0.998,0.615,0.189,0.716,0.022,0.017,0.839,0.048,0.104,0.866,0.673,0.022,0.886,0.119,0.702,0.013,0.577,0.143,0.035,0.609
15,0.574,0.959,0.609,0.981,0.604,0.953,0.974,0.51,0.581,0.898,0.908,0.141,0.675,0.395,0.553,1.0,0.924,0.786,0.784,0.77,0.982,0.982,0.64,0.998,0.896,0.472,0.485,0.584,0.201,0.822,0.577,0.101,0.797,0.953,0.342,0.272,0.208,0.516,0.665,0.245,0.118,0.323,0.853,0.709,0.123,0.23,1.0,0.739,0.419,1.0
16,0.363,0.814,0.38,0.829,0.833,1.0,0.992,0.719,0.31,0.724,0.686,0.312,0.889,0.642,0.776,0.924,1.0,0.551,0.554,0.941,0.845,0.985,0.408,0.904,0.997,0.661,0.272,0.785,0.415,0.609,0.829,0.222,0.586,0.994,0.179,0.122,0.399,0.287,0.403,0.427,0.256,0.154,0.977,0.448,0.268,0.105,0.937,0.496,0.217,0.956
17,0.946,0.906,0.964,0.885,0.211,0.558,0.609,0.154,0.935,0.97,0.969,0.018,0.259,0.105,0.162,0.786,0.551,1.0,1.0,0.322,0.849,0.694,0.973,0.813,0.529,0.123,0.89,0.164,0.031,0.996,0.212,0.007,0.999,0.592,0.779,0.678,0.028,0.915,0.982,0.029,0.007,0.758,0.418,0.989,0.01,0.653,0.784,0.996,0.837,0.726
18,0.962,0.887,0.973,0.865,0.202,0.543,0.594,0.142,0.945,0.957,0.963,0.015,0.28,0.099,0.162,0.784,0.554,1.0,1.0,0.286,0.829,0.678,0.978,0.806,0.47,0.106,0.926,0.175,0.03,0.994,0.182,0.004,0.999,0.562,0.778,0.718,0.028,0.929,0.992,0.034,0.006,0.797,0.399,0.995,0.014,0.683,0.758,1.0,0.85,0.698
19,0.167,0.608,0.196,0.646,0.977,0.908,0.889,0.901,0.167,0.495,0.494,0.512,0.995,0.86,0.945,0.77,0.941,0.322,0.286,1.0,0.662,0.869,0.209,0.705,0.964,0.877,0.152,0.956,0.647,0.382,0.964,0.387,0.36,0.902,0.081,0.048,0.609,0.156,0.238,0.655,0.436,0.064,0.992,0.257,0.489,0.032,0.79,0.289,0.106,0.791
20,0.721,0.994,0.7,1.0,0.511,0.885,0.914,0.383,0.664,0.957,0.94,0.086,0.585,0.313,0.438,0.982,0.845,0.849,0.829,0.662,1.0,0.951,0.734,0.997,0.812,0.374,0.591,0.505,0.133,0.896,0.497,0.048,0.866,0.916,0.442,0.34,0.147,0.63,0.739,0.157,0.078,0.436,0.761,0.771,0.083,0.301,0.986,0.827,0.527,0.972
21,0.475,0.902,0.5,0.927,0.728,0.986,0.996,0.601,0.427,0.807,0.781,0.21,0.794,0.535,0.658,0.982,0.985,0.694,0.678,0.869,0.951,1.0,0.527,0.967,0.963,0.594,0.389,0.713,0.277,0.716,0.697,0.136,0.667,0.997,0.217,0.202,0.292,0.399,0.544,0.319,0.188,0.233,0.927,0.583,0.189,0.151,0.991,0.607,0.299,0.992
22,1.0,0.794,0.999,0.732,0.119,0.393,0.478,0.078,0.983,0.876,0.905,0.008,0.181,0.043,0.083,0.64,0.408,0.973,0.978,0.209,0.734,0.527,1.0,0.689,0.358,0.064,0.986,0.092,0.011,0.96,0.111,0.002,0.964,0.453,0.901,0.839,0.006,0.974,0.998,0.017,0.002,0.875,0.283,0.998,0.009,0.773,0.612,0.99,0.935,0.629
23,0.665,0.98,0.665,0.996,0.573,0.921,0.936,0.441,0.613,0.943,0.923,0.137,0.618,0.365,0.504,0.998,0.904,0.813,0.806,0.705,0.997,0.967,0.689,1.0,0.863,0.415,0.516,0.549,0.18,0.871,0.518,0.069,0.858,0.94,0.404,0.298,0.154,0.566,0.701,0.187,0.085,0.409,0.777,0.725,0.105,0.252,0.993,0.767,0.451,0.99
24,0.298,0.753,0.331,0.789,0.882,0.992,0.981,0.769,0.308,0.64,0.648,0.363,0.908,0.709,0.843,0.896,0.997,0.529,0.47,0.964,0.812,0.963,0.358,0.863,1.0,0.726,0.235,0.841,0.467,0.559,0.862,0.271,0.526,0.987,0.14,0.084,0.433,0.279,0.364,0.483,0.299,0.133,0.993,0.417,0.312,0.076,0.924,0.44,0.184,0.928
25,0.043,0.29,0.056,0.352,0.968,0.659,0.624,0.996,0.053,0.218,0.213,0.825,0.926,0.994,0.984,0.472,0.661,0.123,0.106,0.877,0.374,0.594,0.064,0.415,0.726,1.0,0.026,0.974,0.895,0.148,0.983,0.685,0.11,0.632,0.015,0.002,0.907,0.037,0.076,0.934,0.76,0.006,0.788,0.087,0.788,0.008,0.475,0.094,0.021,0.473
26,0.988,0.676,0.985,0.626,0.073,0.294,0.337,0.032,0.991,0.777,0.781,0.0,0.098,0.024,0.045,0.485,0.272,0.89,0.926,0.152,0.591,0.389,0.986,0.516,0.235,0.026,1.0,0.056,0.004,0.851,0.077,0.001,0.86,0.304,0.974,0.921,0.003,0.999,0.967,0.004,0.002,0.963,0.192,0.959,0.0,0.888,0.467,0.931,0.989,0.424
27,0.086,0.383,0.098,0.443,0.996,0.768,0.741,0.993,0.074,0.3,0.294,0.716,0.972,0.96,0.999,0.584,0.785,0.164,0.175,0.956,0.505,0.713,0.092,0.549,0.841,0.974,0.056,1.0,0.816,0.219,1.0,0.598,0.192,0.769,0.027,0.009,0.82,0.072,0.107,0.837,0.612,0.019,0.915,0.116,0.639,0.004,0.601,0.144,0.042,0.606
28,0.009,0.108,0.01,0.152,0.778,0.403,0.328,0.883,0.004,0.07,0.057,0.98,0.699,0.928,0.856,0.201,0.415,0.031,0.03,0.647,0.133,0.277,0.011,0.18,0.467,0.895,0.004,0.816,1.0,0.049,0.805,0.916,0.039,0.382,0.0,0.0,0.997,0.002,0.021,0.999,0.952,0.002,0.526,0.022,0.968,0.001,0.226,0.015,0.002,0.264
29,0.93,0.94,0.947,0.919,0.25,0.608,0.69,0.164,0.918,0.985,0.991,0.017,0.334,0.119,0.19,0.822,0.609,0.996,0.994,0.382,0.896,0.716,0.96,0.871,0.559,0.148,0.851,0.219,0.049,1.0,0.253,0.011,1.0,0.646,0.749,0.645,0.03,0.895,0.962,0.057,0.016,0.727,0.452,0.971,0.009,0.613,0.775,0.986,0.8,0.792
30,0.097,0.388,0.111,0.479,1.0,0.806,0.756,0.991,0.104,0.307,0.297,0.721,0.985,0.949,0.998,0.577,0.829,0.212,0.182,0.964,0.497,0.697,0.111,0.518,0.862,0.983,0.077,1.0,0.805,0.253,1.0,0.549,0.246,0.786,0.034,0.015,0.774,0.07,0.117,0.833,0.637,0.03,0.917,0.13,0.634,0.009,0.592,0.168,0.039,0.636
31,0.0,0.031,0.0,0.043,0.526,0.21,0.191,0.653,0.0,0.023,0.021,0.98,0.456,0.742,0.615,0.101,0.222,0.007,0.004,0.387,0.048,0.136,0.002,0.069,0.271,0.685,0.001,0.598,0.916,0.011,0.549,1.0,0.006,0.202,0.0,0.0,0.935,0.0,0.001,0.902,1.0,0.0,0.293,0.004,0.995,0.0,0.104,0.002,0.0,0.096
32,0.938,0.927,0.953,0.903,0.228,0.588,0.641,0.146,0.928,0.971,0.967,0.014,0.264,0.112,0.189,0.797,0.586,0.999,0.999,0.36,0.866,0.667,0.964,0.858,0.526,0.11,0.86,0.192,0.039,1.0,0.246,0.006,1.0,0.621,0.757,0.642,0.018,0.882,0.965,0.044,0.01,0.725,0.439,0.989,0.008,0.602,0.792,0.992,0.837,0.743
33,0.387,0.84,0.444,0.877,0.806,1.0,0.999,0.696,0.367,0.759,0.751,0.283,0.853,0.582,0.716,0.953,0.994,0.592,0.562,0.902,0.916,0.997,0.453,0.94,0.987,0.632,0.304,0.769,0.382,0.646,0.786,0.202,0.621,1.0,0.202,0.142,0.348,0.346,0.479,0.413,0.236,0.192,0.96,0.519,0.24,0.098,0.962,0.556,0.26,0.974
34,0.934,0.55,0.919,0.469,0.032,0.2,0.197,0.017,0.938,0.647,0.644,0.0,0.062,0.007,0.022,0.342,0.179,0.779,0.778,0.081,0.442,0.217,0.901,0.404,0.14,0.015,0.974,0.027,0.0,0.749,0.034,0.0,0.757,0.202,1.0,0.992,0.001,0.957,0.885,0.002,0.0,0.999,0.103,0.867,0.0,0.978,0.346,0.837,0.995,0.319
35,0.869,0.408,0.843,0.395,0.02,0.131,0.159,0.004,0.867,0.492,0.52,0.0,0.032,0.001,0.017,0.272,0.122,0.678,0.718,0.048,0.34,0.202,0.839,0.298,0.084,0.002,0.921,0.009,0.0,0.645,0.015,0.0,0.642,0.142,0.992,1.0,0.0,0.913,0.809,0.0,0.0,0.994,0.062,0.792,0.0,0.998,0.27,0.719,0.961,0.232
36,0.009,0.115,0.009,0.135,0.764,0.382,0.325,0.868,0.008,0.07,0.065,0.981,0.711,0.923,0.839,0.208,0.399,0.028,0.028,0.609,0.147,0.292,0.006,0.154,0.433,0.907,0.003,0.82,0.997,0.03,0.774,0.935,0.018,0.348,0.001,0.0,1.0,0.006,0.014,0.994,0.969,0.001,0.481,0.011,0.986,0.001,0.201,0.029,0.002,0.221
37,0.996,0.67,0.989,0.63,0.095,0.299,0.357,0.041,0.996,0.766,0.81,0.002,0.105,0.021,0.048,0.516,0.287,0.915,0.929,0.156,0.63,0.399,0.974,0.566,0.279,0.037,0.999,0.072,0.002,0.895,0.07,0.0,0.882,0.346,0.957,0.913,0.006,1.0,0.978,0.007,0.0,0.958,0.192,0.965,0.001,0.862,0.487,0.941,0.987,0.455
38,0.993,0.816,0.996,0.777,0.152,0.439,0.505,0.097,0.983,0.899,0.914,0.009,0.187,0.06,0.104,0.665,0.403,0.982,0.992,0.238,0.739,0.544,0.998,0.701,0.364,0.076,0.967,0.107,0.021,0.962,0.117,0.001,0.965,0.479,0.885,0.809,0.014,0.978,1.0,0.017,0.001,0.839,0.306,0.999,0.01,0.778,0.633,0.997,0.915,0.615
39,0.01,0.127,0.011,0.163,0.812,0.416,0.374,0.898,0.009,0.083,0.075,0.977,0.714,0.956,0.866,0.245,0.427,0.029,0.034,0.655,0.157,0.319,0.017,0.187,0.483,0.934,0.004,0.837,0.999,0.057,0.833,0.902,0.044,0.413,0.002,0.0,0.994,0.007,0.017,1.0,0.932,0.003,0.558,0.022,0.948,0.0,0.249,0.03,0.003,0.285
40,0.001,0.049,0.003,0.045,0.608,0.227,0.195,0.71,0.001,0.033,0.021,0.991,0.536,0.799,0.673,0.118,0.256,0.007,0.006,0.436,0.078,0.188,0.002,0.085,0.299,0.76,0.002,0.612,0.952,0.016,0.637,1.0,0.01,0.236,0.0,0.0,0.969,0.0,0.001,0.932,1.0,0.0,0.329,0.004,1.0,0.0,0.11,0.008,0.001,0.122
41,0.904,0.496,0.904,0.462,0.027,0.164,0.22,0.009,0.927,0.595,0.618,0.0,0.047,0.006,0.022,0.323,0.154,0.758,0.797,0.064,0.436,0.233,0.875,0.409,0.133,0.006,0.963,0.019,0.002,0.727,0.03,0.0,0.725,0.192,0.999,0.994,0.001,0.958,0.839,0.003,0.0,1.0,0.103,0.859,0.0,0.985,0.331,0.803,0.988,0.282
42,0.255,0.683,0.262,0.732,0.93,0.971,0.941,0.852,0.238,0.587,0.597,0.399,0.959,0.769,0.886,0.853,0.977,0.418,0.399,0.992,0.761,0.927,0.283,0.777,0.993,0.788,0.192,0.915,0.526,0.452,0.917,0.293,0.439,0.96,0.103,0.062,0.481,0.192,0.306,0.558,0.329,0.103,1.0,0.363,0.37,0.059,0.865,0.383,0.12,0.881
43,0.985,0.832,0.991,0.81,0.16,0.467,0.509,0.101,0.983,0.908,0.923,0.007,0.182,0.067,0.119,0.709,0.448,0.989,0.995,0.257,0.771,0.583,0.998,0.725,0.417,0.087,0.959,0.116,0.022,0.971,0.13,0.004,0.989,0.519,0.867,0.792,0.011,0.965,0.999,0.022,0.004,0.859,0.363,1.0,0.008,0.736,0.631,0.998,0.905,0.66
44,0.004,0.064,0.003,0.067,0.608,0.261,0.211,0.725,0.004,0.037,0.018,0.997,0.552,0.842,0.702,0.123,0.268,0.01,0.014,0.489,0.083,0.189,0.009,0.105,0.312,0.788,0.0,0.639,0.968,0.009,0.634,0.995,0.008,0.24,0.0,0.0,0.986,0.001,0.01,0.948,1.0,0.0,0.37,0.008,1.0,0.0,0.13,0.016,0.0,0.14
45,0.812,0.383,0.803,0.348,0.014,0.104,0.122,0.004,0.842,0.452,0.494,0.0,0.027,0.003,0.013,0.23,0.105,0.653,0.683,0.032,0.301,0.151,0.773,0.252,0.076,0.008,0.888,0.004,0.001,0.613,0.009,0.0,0.602,0.098,0.978,0.998,0.001,0.862,0.778,0.0,0.0,0.985,0.059,0.736,0.0,1.0,0.225,0.686,0.933,0.21
46,0.553,0.952,0.598,0.975,0.619,0.952,0.976,0.531,0.518,0.908,0.89,0.158,0.703,0.423,0.577,1.0,0.937,0.784,0.758,0.79,0.986,0.991,0.612,0.993,0.924,0.475,0.467,0.601,0.226,0.775,0.592,0.104,0.792,0.962,0.346,0.27,0.201,0.487,0.633,0.249,0.11,0.331,0.865,0.631,0.13,0.225,1.0,0.683,0.43,0.999
47,0.983,0.893,0.978,0.84,0.195,0.522,0.568,0.126,0.968,0.928,0.96,0.009,0.254,0.08,0.143,0.739,0.496,0.996,1.0,0.289,0.827,0.607,0.99,0.767,0.44,0.094,0.931,0.144,0.015,0.986,0.168,0.002,0.992,0.556,0.837,0.719,0.029,0.941,0.997,0.03,0.008,0.803,0.383,0.998,0.016,0.686,0.683,1.0,0.882,0.681
48,0.964,0.573,0.949,0.54,0.054,0.221,0.248,0.02,0.975,0.739,0.713,0.001,0.065,0.009,0.035,0.419,0.217,0.837,0.85,0.106,0.527,0.299,0.935,0.451,0.184,0.021,0.989,0.042,0.002,0.8,0.039,0.0,0.837,0.26,0.995,0.961,0.002,0.987,0.915,0.003,0.001,0.988,0.12,0.905,0.0,0.933,0.43,0.882,1.0,0.372
49,0.514,0.93,0.564,0.96,0.681,0.961,0.976,0.557,0.52,0.893,0.863,0.185,0.748,0.445,0.609,1.0,0.956,0.726,0.698,0.791,0.972,0.992,0.629,0.99,0.928,0.473,0.424,0.606,0.264,0.792,0.636,0.096,0.743,0.974,0.319,0.232,0.221,0.455,0.615,0.285,0.122,0.282,0.881,0.66,0.14,0.21,0.999,0.681,0.372,1.0
