,0,1,2,3,4,5,6,7,8,9,10,11,12,13,14,15,16,17,18,19,20,21,22,23,24,25,26,27,28,29
0,1.0,0.665,0.409,0.785,0.373,0.192,0.25,0.596,0.398,0.082,0.166,0.045,0.729,0.124,0.999,0.838,0.394,0.277,0.253,0.598,0.194,0.665,0.819,0.813,0.104,1.0,0.114,0.658,0.373,0.409
1,0.665,1.0,0.069,0.991,0.065,0.011,0.021,0.161,0.912,0.434,0.563,0.268,0.273,0.007,0.722,0.974,0.885,0.046,0.76,0.176,0.668,0.232,0.979,0.317,0.488,0.662,0.51,1.0,0.851,0.9
2,0.409,0.069,1.0,0.123,0.996,0.902,0.966,0.962,0.031,0.001,0.002,0.0,0.868,0.798,0.388,0.161,0.02,0.963,0.008,0.955,0.002,0.896,0.122,0.784,0.0,0.461,0.0,0.073,0.013,0.02
3,0.785,0.991,0.123,1.0,0.084,0.031,0.064,0.187,0.839,0.3,0.484,0.219,0.324,0.01,0.81,0.997,0.815,0.047,0.646,0.225,0.563,0.272,0.998,0.417,0.373,0.76,0.416,0.974,0.773,0.861
4,0.373,0.065,0.996,0.084,1.0,0.908,0.989,0.943,0.021,0.001,0.0,0.0,0.817,0.838,0.366,0.1,0.007,0.986,0.002,0.914,0.004,0.865,0.102,0.755,0.0,0.383,0.0,0.057,0.011,0.018
5,0.192,0.011,0.902,0.031,0.908,1.0,0.965,0.749,0.002,0.0,0.0,0.0,0.569,0.973,0.149,0.04,0.002,0.969,0.0,0.708,0.001,0.655,0.037,0.512,0.0,0.182,0.0,0.006,0.0,0.006
6,0.25,0.021,0.966,0.064,0.989,0.965,1.0,0.877,0.008,0.0,0.001,0.0,0.73,0.909,0.253,0.076,0.007,0.999,0.003,0.856,0.0,0.767,0.076,0.653,0.0,0.315,0.0,0.021,0.006,0.01
7,0.596,0.161,0.962,0.187,0.943,0.749,0.877,1.0,0.052,0.003,0.005,0.001,0.945,0.645,0.518,0.237,0.035,0.865,0.02,0.999,0.015,0.983,0.211,0.925,0.004,0.624,0.002,0.13,0.038,0.039
8,0.398,0.912,0.031,0.839,0.021,0.002,0.008,0.052,1.0,0.674,0.808,0.509,0.116,0.0,0.452,0.804,0.996,0.006,0.946,0.057,0.897,0.1,0.853,0.15,0.734,0.403,0.748,0.939,0.989,0.999
9,0.082,0.434,0.001,0.3,0.001,0.0,0.0,0.003,0.674,1.0,0.974,0.965,0.011,0.0,0.101,0.274,0.737,0.0,0.853,0.006,0.915,0.004,0.289,0.006,0.994,0.068,0.996,0.453,0.739,0.689
10,0.166,0.563,0.002,0.484,0.0,0.0,0.001,0.005,0.808,0.974,1.0,0.891,0.013,0.0,0.155,0.429,0.862,0.0,0.965,0.008,0.991,0.019,0.445,0.024,0.99,0.136,0.995,0.593,0.887,0.831
11,0.045,0.268,0.0,0.219,0.0,0.0,0.0,0.001,0.509,0.965,0.891,1.0,0.002,0.0,0.055,0.18,0.572,0.0,0.73,0.001,0.801,0.003,0.196,0.005,0.937,0.032,0.916,0.291,0.591,0.54
12,0.729,0.273,0.868,0.324,0.817,0.569,0.73,0.945,0.116,0.011,0.013,0.002,1.0,0.463,0.716,0.385,0.085,0.7,0.043,0.966,0.029,0.996,0.359,0.994,0.009,0.762,0.009,0.237,0.069,0.112
13,0.124,0.007,0.798,0.01,0.838,0.973,0.909,0.645,0.0,0.0,0.0,0.0,0.463,1.0,0.107,0.019,0.0,0.909,0.0,0.597,0.0,0.505,0.021,0.39,0.0,0.13,0.0,0.004,0.0,0.002
14,0.999,0.722,0.388,0.81,0.366,0.149,0.253,0.518,0.452,0.101,0.155,0.055,0.716,0.107,1.0,0.86,0.437,0.219,0.277,0.558,0.227,0.649,0.825,0.789,0.102,0.995,0.137,0.72,0.394,0.435
15,0.838,0.974,0.161,0.997,0.1,0.04,0.076,0.237,0.804,0.274,0.429,0.18,0.385,0.019,0.86,1.0,0.737,0.062,0.602,0.266,0.497,0.321,0.999,0.464,0.304,0.82,0.37,0.961,0.701,0.796
16,0.394,0.885,0.02,0.815,0.007,0.002,0.007,0.035,0.996,0.737,0.862,0.572,0.085,0.0,0.437,0.737,1.0,0.005,0.967,0.044,0.914,0.071,0.772,0.104,0.761,0.353,0.785,0.907,0.999,0.995
17,0.277,0.046,0.963,0.047,0.986,0.969,0.999,0.865,0.006,0.0,0.0,0.0,0.7,0.909,0.219,0.062,0.005,1.0,0.0,0.833,0.001,0.754,0.064,0.641,0.0,0.279,0.001,0.026,0.004,0.008
18,0.253,0.76,0.008,0.646,0.002,0.0,0.003,0.02,0.946,0.853,0.965,0.73,0.043,0.0,0.277,0.602,0.967,0.0,1.0,0.02,0.993,0.037,0.628,0.062,0.914,0.243,0.913,0.776,0.982,0.956
19,0.598,0.176,0.955,0.225,0.914,0.708,0.856,0.999,0.057,0.006,0.008,0.001,0.966,0.597,0.558,0.266,0.044,0.833,0.02,1.0,0.004,0.991,0.248,0.955,0.003,0.614,0.008,0.148,0.044,0.05
20,0.194,0.668,0.002,0.563,0.004,0.001,0.0,0.015,0.897,0.915,0.991,0.801,0.029,0.0,0.227,0.497,0.914,0.001,0.993,0.004,1.0,0.029,0.553,0.04,0.943,0.167,0.97,0.696,0.952,0.896
21,0.665,0.232,0.896,0.272,0.865,0.655,0.767,0.983,0.1,0.004,0.019,0.003,0.996,0.505,0.649,0.321,0.071,0.754,0.037,0.991,0.029,1.0,0.341,0.986,0.008,0.714,0.008,0.188,0.058,0.076
22,0.819,0.979,0.122,0.998,0.102,0.037,0.076,0.211,0.853,0.289,0.445,0.196,0.359,0.021,0.825,0.999,0.772,0.064,0.628,0.248,0.553,0.341,1.0,0.433,0.386,0.808,0.395,0.97,0.748,0.822
23,0.813,0.317,0.784,0.417,0.755,0.512,0.653,0.925,0.15,0.006,0.024,0.005,0.994,0.39,0.789,0.464,0.104,0.641,0.062,0.955,0.04,0.986,0.433,1.0,0.02,0.859,0.017,0.3,0.091,0.131
24,0.104,0.488,0.0,0.373,0.0,0.0,0.0,0.004,0.734,0.994,0.99,0.937,0.009,0.0,0.102,0.304,0.761,0.0,0.914,0.003,0.943,0.008,0.386,0.02,1.0,0.084,0.997,0.502,0.793,0.752
25,1.0,0.662,0.461,0.76,0.383,0.182,0.315,0.624,0.403,0.068,0.136,0.032,0.762,0.13,0.995,0.82,0.353,0.279,0.243,0.614,0.167,0.714,0.808,0.859,0.084,1.0,0.107,0.609,0.342,0.367
26,0.114,0.51,0.0,0.416,0.0,0.0,0.0,0.002,0.748,0.996,0.995,0.916,0.009,0.0,0.137,0.37,0.785,0.001,0.913,0.008,0.97,0.008,0.395,0.017,0.997,0.107,1.0,0.547,0.831,0.765
27,0.658,1.0,0.073,0.974,0.057,0.006,0.021,0.13,0.939,0.453,0.593,0.291,0.237,0.004,0.72,0.961,0.907,0.026,0.776,0.148,0.696,0.188,0.97,0.3,0.502,0.609,0.547,1.0,0.879,0.924
28,0.373,0.851,0.013,0.773,0.011,0.0,0.006,0.038,0.989,0.739,0.887,0.591,0.069,0.0,0.394,0.701,0.999,0.004,0.982,0.044,0.952,0.058,0.748,0.091,0.793,0.342,0.831,0.879,1.0,0.995
29,0.409,0.9,0.02,0.861,0.018,0.006,0.01,0.039,0.999,0.689,0.831,0.54,0.112,0.002,0.435,0.796,0.995,0.008,0.956,0.05,0.896,0.076,0.822,0.131,0.752,0.367,0.765,0.924,0.995,1.0
