,0,1,2,3,4,5,6,7,8,9,10,11,12,13,14,15,16,17,18,19,20,21,22,23,24,25,26,27,28,29,30,31,32,33,34,35,36,37,38,39,40,41,42,43,44,45,46,47,48,49
0,1.0,0.018,0.125,0.009,0.231,0.982,0.003,0.008,0.0,0.007,0.0,0.47,0.906,0.516,0.005,0.004,0.699,0.01,0.836,0.159,0.007,0.0,0.008,0.0,0.843,0.978,0.954,0.003,0.008,0.336,0.002,0.0,0.007,0.39,0.011,0.996,0.009,0.619,0.006,0.055,0.555,0.125,0.001,0.0,0.697,0.002,0.591,0.0,0.0,0.001
1,0.018,1.0,0.844,0.172,0.004,0.003,0.088,0.073,0.002,0.615,0.013,0.393,0.095,0.005,0.047,0.025,0.001,0.034,0.117,0.77,0.373,0.007,0.144,0.004,0.001,0.043,0.002,0.984,0.319,0.59,0.813,0.934,0.559,0.528,0.458,0.008,0.14,0.291,0.745,0.963,0.322,0.889,0.004,0.963,0.255,0.002,0.003,0.002,0.007,0.001
2,0.125,0.844,1.0,0.036,0.01,0.097,0.016,0.015,0.0,0.264,0.001,0.788,0.343,0.015,0.005,0.004,0.017,0.007,0.416,0.992,0.1,0.0,0.027,0.0,0.036,0.206,0.073,0.74,0.096,0.916,0.45,0.606,0.229,0.899,0.162,0.113,0.026,0.654,0.378,0.959,0.709,0.998,0.002,0.668,0.595,0.0,0.013,0.001,0.004,0.001
3,0.009,0.172,0.036,1.0,0.001,0.008,0.935,0.872,0.137,0.701,0.249,0.0,0.006,0.006,0.832,0.654,0.005,0.686,0.007,0.018,0.899,0.164,0.997,0.12,0.006,0.009,0.005,0.229,0.919,0.004,0.504,0.342,0.741,0.001,0.816,0.011,0.995,0.002,0.549,0.077,0.001,0.056,0.087,0.286,0.004,0.064,0.004,0.09,0.29,0.048
4,0.231,0.004,0.01,0.001,1.0,0.302,0.0,0.002,0.001,0.003,0.001,0.037,0.094,0.84,0.001,0.003,0.672,0.002,0.082,0.01,0.001,0.001,0.004,0.0,0.521,0.165,0.353,0.002,0.002,0.011,0.003,0.005,0.003,0.017,0.0,0.257,0.0,0.047,0.003,0.006,0.046,0.014,0.0,0.003,0.047,0.0,0.763,0.0,0.0,0.0
5,0.982,0.003,0.097,0.008,0.302,1.0,0.007,0.007,0.0,0.008,0.0,0.378,0.809,0.651,0.007,0.0,0.821,0.005,0.741,0.123,0.007,0.0,0.005,0.0,0.929,0.919,0.995,0.0,0.005,0.221,0.004,0.001,0.007,0.294,0.008,0.993,0.003,0.496,0.008,0.043,0.452,0.08,0.0,0.0,0.546,0.001,0.703,0.0,0.0,0.003
6,0.003,0.088,0.016,0.935,0.0,0.007,1.0,0.999,0.268,0.472,0.409,0.0,0.008,0.002,0.975,0.827,0.003,0.886,0.006,0.007,0.666,0.306,0.955,0.234,0.0,0.004,0.007,0.157,0.716,0.0,0.295,0.186,0.487,0.0,0.609,0.007,0.967,0.001,0.321,0.052,0.001,0.024,0.161,0.151,0.004,0.1,0.0,0.191,0.493,0.103
7,0.008,0.073,0.015,0.872,0.002,0.007,0.999,1.0,0.309,0.444,0.471,0.0,0.003,0.001,0.982,0.886,0.004,0.918,0.004,0.007,0.643,0.349,0.917,0.244,0.002,0.005,0.007,0.121,0.7,0.002,0.239,0.151,0.465,0.0,0.58,0.01,0.949,0.002,0.284,0.037,0.001,0.028,0.193,0.126,0.001,0.151,0.001,0.237,0.592,0.098
8,0.0,0.002,0.0,0.137,0.001,0.0,0.268,0.309,1.0,0.04,0.951,0.001,0.0,0.001,0.369,0.532,0.001,0.501,0.0,0.002,0.066,0.993,0.161,0.995,0.0,0.0,0.001,0.009,0.071,0.001,0.022,0.011,0.03,0.001,0.05,0.0,0.183,0.0,0.022,0.003,0.002,0.0,0.967,0.008,0.001,0.861,0.002,0.982,0.873,0.824
9,0.007,0.615,0.264,0.701,0.003,0.008,0.472,0.444,0.04,1.0,0.06,0.021,0.004,0.001,0.333,0.217,0.006,0.243,0.001,0.212,0.928,0.04,0.658,0.031,0.003,0.003,0.009,0.713,0.874,0.101,0.951,0.838,0.998,0.065,0.972,0.01,0.604,0.003,0.96,0.421,0.016,0.31,0.016,0.792,0.003,0.015,0.002,0.019,0.061,0.011
10,0.0,0.013,0.001,0.249,0.001,0.0,0.409,0.471,0.951,0.06,1.0,0.0,0.001,0.001,0.561,0.739,0.002,0.698,0.0,0.005,0.107,0.968,0.28,0.899,0.0,0.0,0.0,0.016,0.131,0.001,0.042,0.017,0.061,0.002,0.095,0.0,0.308,0.0,0.046,0.003,0.002,0.003,0.844,0.021,0.001,0.688,0.002,0.855,0.987,0.654
11,0.47,0.393,0.788,0.0,0.037,0.378,0.0,0.0,0.001,0.021,0.0,1.0,0.786,0.067,0.001,0.002,0.151,0.003,0.852,0.808,0.002,0.0,0.0,0.0,0.192,0.608,0.313,0.286,0.002,0.962,0.113,0.188,0.011,0.979,0.004,0.438,0.0,0.985,0.075,0.596,0.999,0.719,0.001,0.222,0.958,0.0,0.099,0.001,0.001,0.0
12,0.906,0.095,0.343,0.006,0.094,0.809,0.008,0.003,0.0,0.004,0.001,0.786,1.0,0.305,0.003,0.005,0.423,0.003,0.995,0.411,0.015,0.0,0.012,0.0,0.568,0.965,0.754,0.043,0.009,0.597,0.001,0.015,0.003,0.67,0.01,0.842,0.006,0.881,0.0,0.187,0.837,0.301,0.0,0.029,0.926,0.0,0.332,0.0,0.002,0.002
13,0.516,0.005,0.015,0.006,0.84,0.651,0.002,0.001,0.001,0.001,0.001,0.067,0.305,1.0,0.0,0.0,0.956,0.0,0.236,0.018,0.005,0.0,0.001,0.0,0.862,0.44,0.722,0.001,0.004,0.032,0.001,0.003,0.001,0.046,0.006,0.6,0.004,0.105,0.005,0.009,0.094,0.01,0.0,0.002,0.147,0.0,0.997,0.001,0.003,0.001
14,0.005,0.047,0.005,0.832,0.001,0.007,0.975,0.982,0.369,0.333,0.561,0.001,0.003,0.0,1.0,0.942,0.003,0.97,0.001,0.003,0.551,0.413,0.849,0.328,0.004,0.007,0.005,0.074,0.598,0.001,0.197,0.124,0.359,0.0,0.463,0.005,0.894,0.002,0.248,0.022,0.001,0.017,0.245,0.107,0.004,0.176,0.0,0.245,0.639,0.134
15,0.004,0.025,0.004,0.654,0.003,0.0,0.827,0.886,0.532,0.217,0.739,0.002,0.005,0.0,0.942,1.0,0.0,0.993,0.006,0.002,0.365,0.596,0.69,0.497,0.002,0.007,0.005,0.053,0.419,0.001,0.115,0.09,0.241,0.001,0.311,0.003,0.737,0.003,0.133,0.016,0.002,0.011,0.42,0.062,0.003,0.292,0.0,0.471,0.857,0.23
16,0.699,0.001,0.017,0.005,0.672,0.821,0.003,0.004,0.001,0.006,0.002,0.151,0.423,0.956,0.003,0.0,1.0,0.0,0.367,0.027,0.005,0.001,0.003,0.003,0.961,0.568,0.859,0.001,0.002,0.067,0.001,0.0,0.003,0.079,0.005,0.745,0.001,0.212,0.003,0.003,0.138,0.02,0.0,0.001,0.219,0.001,0.981,0.0,0.0,0.0
17,0.01,0.034,0.007,0.686,0.002,0.005,0.886,0.918,0.501,0.243,0.698,0.003,0.003,0.0,0.97,0.993,0.0,1.0,0.008,0.003,0.404,0.522,0.718,0.457,0.002,0.005,0.0,0.056,0.455,0.001,0.127,0.076,0.273,0.0,0.354,0.002,0.766,0.001,0.177,0.012,0.002,0.015,0.355,0.075,0.003,0.246,0.0,0.398,0.795,0.242
18,0.836,0.117,0.416,0.007,0.082,0.741,0.006,0.004,0.0,0.001,0.0,0.852,0.995,0.236,0.001,0.006,0.367,0.008,1.0,0.467,0.008,0.001,0.004,0.0,0.512,0.937,0.666,0.055,0.006,0.636,0.007,0.027,0.003,0.732,0.005,0.796,0.006,0.926,0.004,0.234,0.877,0.32,0.0,0.043,0.96,0.0,0.267,0.001,0.002,0.0
19,0.159,0.77,0.992,0.018,0.01,0.123,0.007,0.007,0.002,0.212,0.005,0.808,0.411,0.018,0.003,0.002,0.027,0.003,0.467,1.0,0.074,0.0,0.018,0.0,0.038,0.234,0.089,0.669,0.058,0.953,0.378,0.551,0.169,0.928,0.105,0.133,0.015,0.703,0.338,0.923,0.751,0.98,0.002,0.583,0.624,0.001,0.019,0.003,0.002,0.0
20,0.007,0.373,0.1,0.899,0.001,0.007,0.666,0.643,0.066,0.928,0.107,0.002,0.015,0.005,0.551,0.365,0.005,0.404,0.008,0.074,1.0,0.073,0.859,0.051,0.007,0.019,0.009,0.475,0.995,0.024,0.755,0.617,0.961,0.015,0.983,0.01,0.814,0.0,0.807,0.229,0.001,0.138,0.038,0.568,0.004,0.029,0.002,0.037,0.167,0.026
21,0.0,0.007,0.0,0.164,0.001,0.0,0.306,0.349,0.993,0.04,0.968,0.0,0.0,0.0,0.413,0.596,0.001,0.522,0.001,0.0,0.073,1.0,0.194,0.982,0.002,0.0,0.0,0.008,0.081,0.003,0.014,0.013,0.054,0.001,0.056,0.0,0.208,0.0,0.026,0.003,0.002,0.002,0.932,0.009,0.001,0.833,0.003,0.961,0.924,0.802
22,0.008,0.144,0.027,0.997,0.004,0.005,0.955,0.917,0.161,0.658,0.28,0.0,0.012,0.001,0.849,0.69,0.003,0.718,0.004,0.018,0.859,0.194,1.0,0.123,0.004,0.007,0.004,0.235,0.91,0.001,0.42,0.317,0.709,0.0,0.781,0.006,0.997,0.003,0.46,0.074,0.001,0.041,0.117,0.25,0.005,0.052,0.001,0.122,0.382,0.067
23,0.0,0.004,0.0,0.12,0.0,0.0,0.234,0.244,0.995,0.031,0.899,0.0,0.0,0.0,0.328,0.497,0.003,0.457,0.0,0.0,0.051,0.982,0.123,1.0,0.001,0.0,0.001,0.005,0.072,0.0,0.009,0.006,0.026,0.0,0.043,0.0,0.142,0.0,0.015,0.001,0.003,0.001,0.983,0.006,0.002,0.897,0.002,0.994,0.831,0.866
24,0.843,0.001,0.036,0.006,0.521,0.929,0.0,0.002,0.0,0.003,0.0,0.192,0.568,0.862,0.004,0.002,0.961,0.002,0.512,0.038,0.007,0.002,0.004,0.001,1.0,0.73,0.96,0.001,0.005,0.115,0.004,0.002,0.01,0.136,0.005,0.883,0.004,0.253,0.005,0.009,0.243,0.022,0.002,0.004,0.341,0.0,0.905,0.001,0.0,0.003
25,0.978,0.043,0.206,0.009,0.165,0.919,0.004,0.005,0.0,0.003,0.0,0.608,0.965,0.44,0.007,0.007,0.568,0.005,0.937,0.234,0.019,0.0,0.007,0.0,0.73,1.0,0.886,0.009,0.012,0.433,0.001,0.002,0.007,0.461,0.005,0.948,0.003,0.729,0.001,0.106,0.668,0.171,0.0,0.005,0.768,0.0,0.484,0.0,0.0,0.004
26,0.954,0.002,0.073,0.005,0.353,0.995,0.007,0.007,0.001,0.009,0.0,0.313,0.754,0.722,0.005,0.005,0.859,0.0,0.666,0.089,0.009,0.0,0.004,0.001,0.96,0.886,1.0,0.0,0.013,0.189,0.006,0.0,0.004,0.242,0.006,0.986,0.01,0.477,0.005,0.03,0.385,0.062,0.001,0.0,0.487,0.0,0.755,0.0,0.0,0.001
27,0.003,0.984,0.74,0.229,0.002,0.0,0.157,0.121,0.009,0.713,0.016,0.286,0.043,0.001,0.074,0.053,0.001,0.056,0.055,0.669,0.475,0.008,0.235,0.005,0.001,0.009,0.0,1.0,0.423,0.447,0.9,0.98,0.691,0.378,0.549,0.004,0.211,0.19,0.868,0.892,0.246,0.81,0.003,0.995,0.165,0.002,0.005,0.008,0.021,0.004
28,0.008,0.319,0.096,0.919,0.002,0.005,0.716,0.7,0.071,0.874,0.131,0.002,0.009,0.004,0.598,0.419,0.002,0.455,0.006,0.058,0.995,0.081,0.91,0.072,0.005,0.012,0.013,0.423,1.0,0.015,0.711,0.531,0.926,0.007,0.97,0.013,0.857,0.001,0.754,0.216,0.0,0.127,0.044,0.484,0.001,0.031,0.001,0.055,0.186,0.034
29,0.336,0.59,0.916,0.004,0.011,0.221,0.0,0.002,0.001,0.101,0.001,0.962,0.597,0.032,0.001,0.001,0.067,0.001,0.636,0.953,0.024,0.003,0.001,0.0,0.115,0.433,0.189,0.447,0.015,1.0,0.2,0.348,0.073,0.997,0.04,0.3,0.002,0.876,0.177,0.747,0.914,0.894,0.0,0.412,0.84,0.0,0.048,0.0,0.003,0.001
30,0.002,0.813,0.45,0.504,0.003,0.004,0.295,0.239,0.022,0.951,0.042,0.113,0.001,0.001,0.197,0.115,0.001,0.127,0.007,0.378,0.755,0.014,0.42,0.009,0.004,0.001,0.006,0.9,0.711,0.2,1.0,0.963,0.903,0.177,0.851,0.006,0.401,0.054,0.994,0.622,0.071,0.481,0.008,0.934,0.037,0.006,0.0,0.014,0.05,0.006
31,0.0,0.934,0.606,0.342,0.005,0.001,0.186,0.151,0.011,0.838,0.017,0.188,0.015,0.003,0.124,0.09,0.0,0.076,0.027,0.551,0.617,0.013,0.317,0.006,0.002,0.002,0.0,0.98,0.531,0.348,0.963,1.0,0.779,0.286,0.7,0.0,0.274,0.109,0.927,0.806,0.166,0.697,0.01,0.997,0.086,0.001,0.003,0.004,0.026,0.003
32,0.007,0.559,0.229,0.741,0.003,0.007,0.487,0.465,0.03,0.998,0.061,0.011,0.003,0.001,0.359,0.241,0.003,0.273,0.003,0.169,0.961,0.054,0.709,0.026,0.01,0.007,0.004,0.691,0.926,0.073,0.903,0.779,1.0,0.054,0.992,0.01,0.633,0.002,0.947,0.356,0.004,0.242,0.032,0.72,0.004,0.017,0.002,0.023,0.091,0.017
33,0.39,0.528,0.899,0.001,0.017,0.294,0.0,0.0,0.001,0.065,0.002,0.979,0.67,0.046,0.0,0.001,0.079,0.0,0.732,0.928,0.015,0.001,0.0,0.0,0.136,0.461,0.242,0.378,0.007,0.997,0.177,0.286,0.054,1.0,0.027,0.32,0.0,0.921,0.163,0.701,0.947,0.829,0.003,0.365,0.881,0.0,0.061,0.002,0.001,0.0
34,0.011,0.458,0.162,0.816,0.0,0.008,0.609,0.58,0.05,0.972,0.095,0.004,0.01,0.006,0.463,0.311,0.005,0.354,0.005,0.105,0.983,0.056,0.781,0.043,0.005,0.005,0.006,0.549,0.97,0.04,0.851,0.7,0.992,0.027,1.0,0.015,0.728,0.001,0.879,0.328,0.004,0.19,0.03,0.621,0.0,0.017,0.002,0.036,0.116,0.017
35,0.996,0.008,0.113,0.011,0.257,0.993,0.007,0.01,0.0,0.01,0.0,0.438,0.842,0.6,0.005,0.003,0.745,0.002,0.796,0.133,0.01,0.0,0.006,0.0,0.883,0.948,0.986,0.004,0.013,0.3,0.006,0.0,0.01,0.32,0.015,1.0,0.009,0.561,0.006,0.051,0.489,0.092,0.0,0.0,0.625,0.0,0.661,0.0,0.001,0.001
36,0.009,0.14,0.026,0.995,0.0,0.003,0.967,0.949,0.183,0.604,0.308,0.0,0.006,0.004,0.894,0.737,0.001,0.766,0.006,0.015,0.814,0.208,0.997,0.142,0.004,0.003,0.01,0.211,0.857,0.002,0.401,0.274,0.633,0.0,0.728,0.009,1.0,0.001,0.435,0.067,0.001,0.042,0.117,0.221,0.004,0.073,0.001,0.145,0.401,0.042
37,0.619,0.291,0.654,0.002,0.047,0.496,0.001,0.002,0.0,0.003,0.0,0.985,0.881,0.105,0.002,0.003,0.212,0.001,0.926,0.703,0.0,0.0,0.003,0.0,0.253,0.729,0.477,0.19,0.001,0.876,0.054,0.109,0.002,0.921,0.001,0.561,0.001,1.0,0.038,0.46,0.994,0.602,0.0,0.129,0.996,0.0,0.156,0.0,0.007,0.0
38,0.006,0.745,0.378,0.549,0.003,0.008,0.321,0.284,0.022,0.96,0.046,0.075,0.0,0.005,0.248,0.133,0.003,0.177,0.004,0.338,0.807,0.026,0.46,0.015,0.005,0.001,0.005,0.868,0.754,0.177,0.994,0.927,0.947,0.163,0.879,0.006,0.435,0.038,1.0,0.579,0.069,0.437,0.01,0.907,0.025,0.01,0.005,0.011,0.053,0.007
39,0.055,0.963,0.959,0.077,0.006,0.043,0.052,0.037,0.003,0.421,0.003,0.596,0.187,0.009,0.022,0.016,0.003,0.012,0.234,0.923,0.229,0.003,0.074,0.001,0.009,0.106,0.03,0.892,0.216,0.747,0.622,0.806,0.356,0.701,0.328,0.051,0.067,0.46,0.579,1.0,0.528,0.98,0.0,0.862,0.418,0.001,0.006,0.002,0.005,0.0
40,0.555,0.322,0.709,0.001,0.046,0.452,0.001,0.001,0.002,0.016,0.002,0.999,0.837,0.094,0.001,0.002,0.138,0.002,0.877,0.751,0.001,0.002,0.001,0.003,0.243,0.668,0.385,0.246,0.0,0.914,0.071,0.166,0.004,0.947,0.004,0.489,0.001,0.994,0.069,0.528,1.0,0.646,0.003,0.172,0.975,0.0,0.106,0.001,0.003,0.0
41,0.125,0.889,0.998,0.056,0.014,0.08,0.024,0.028,0.0,0.31,0.003,0.719,0.301,0.01,0.017,0.011,0.02,0.015,0.32,0.98,0.138,0.002,0.041,0.001,0.022,0.171,0.062,0.81,0.127,0.894,0.481,0.697,0.242,0.829,0.19,0.092,0.042,0.602,0.437,0.98,0.646,1.0,0.001,0.743,0.512,0.0,0.006,0.0,0.003,0.002
42,0.001,0.004,0.002,0.087,0.0,0.0,0.161,0.193,0.967,0.016,0.844,0.001,0.0,0.0,0.245,0.42,0.0,0.355,0.0,0.002,0.038,0.932,0.117,0.983,0.002,0.0,0.001,0.003,0.044,0.0,0.008,0.01,0.032,0.003,0.03,0.0,0.117,0.0,0.01,0.0,0.003,0.001,1.0,0.005,0.0,0.973,0.002,0.995,0.766,0.954
43,0.0,0.963,0.668,0.286,0.003,0.0,0.151,0.126,0.008,0.792,0.021,0.222,0.029,0.002,0.107,0.062,0.001,0.075,0.043,0.583,0.568,0.009,0.25,0.006,0.004,0.005,0.0,0.995,0.484,0.412,0.934,0.997,0.72,0.365,0.621,0.0,0.221,0.129,0.907,0.862,0.172,0.743,0.005,1.0,0.124,0.002,0.002,0.009,0.02,0.002
44,0.697,0.255,0.595,0.004,0.047,0.546,0.004,0.001,0.001,0.003,0.001,0.958,0.926,0.147,0.004,0.003,0.219,0.003,0.96,0.624,0.004,0.001,0.005,0.002,0.341,0.768,0.487,0.165,0.001,0.84,0.037,0.086,0.004,0.881,0.0,0.625,0.004,0.996,0.025,0.418,0.975,0.512,0.0,0.124,1.0,0.0,0.177,0.0,0.002,0.0
45,0.002,0.002,0.0,0.064,0.0,0.001,0.1,0.151,0.861,0.015,0.688,0.0,0.0,0.0,0.176,0.292,0.001,0.246,0.0,0.001,0.029,0.833,0.052,0.897,0.0,0.0,0.0,0.002,0.031,0.0,0.006,0.001,0.017,0.0,0.017,0.0,0.073,0.0,0.01,0.001,0.0,0.0,0.973,0.002,0.0,1.0,0.001,0.919,0.583,0.995
46,0.591,0.003,0.013,0.004,0.763,0.703,0.0,0.001,0.002,0.002,0.002,0.099,0.332,0.997,0.0,0.0,0.981,0.0,0.267,0.019,0.002,0.003,0.001,0.002,0.905,0.484,0.755,0.005,0.001,0.048,0.0,0.003,0.002,0.061,0.002,0.661,0.001,0.156,0.005,0.006,0.106,0.006,0.002,0.002,0.177,0.001,1.0,0.001,0.001,0.001
47,0.0,0.002,0.001,0.09,0.0,0.0,0.191,0.237,0.982,0.019,0.855,0.001,0.0,0.001,0.245,0.471,0.0,0.398,0.001,0.003,0.037,0.961,0.122,0.994,0.001,0.0,0.0,0.008,0.055,0.0,0.014,0.004,0.023,0.002,0.036,0.0,0.145,0.0,0.011,0.002,0.001,0.0,0.995,0.009,0.0,0.919,0.001,1.0,0.768,0.916
48,0.0,0.007,0.004,0.29,0.0,0.0,0.493,0.592,0.873,0.061,0.987,0.001,0.002,0.003,0.639,0.857,0.0,0.795,0.002,0.002,0.167,0.924,0.382,0.831,0.0,0.0,0.0,0.021,0.186,0.003,0.05,0.026,0.091,0.001,0.116,0.001,0.401,0.007,0.053,0.005,0.003,0.003,0.766,0.02,0.002,0.583,0.001,0.768,1.0,0.514
49,0.001,0.001,0.001,0.048,0.0,0.003,0.103,0.098,0.824,0.011,0.654,0.0,0.002,0.001,0.134,0.23,0.0,0.242,0.0,0.0,0.026,0.802,0.067,0.866,0.003,0.004,0.001,0.004,0.034,0.001,0.006,0.003,0.017,0.0,0.017,0.001,0.042,0.0,0.007,0.0,0.0,0.002,0.954,0.002,0.0,0.995,0.001,0.916,0.514,1.0
