,0,1,2,3,4,5,6,7,8,9,10,11,12,13,14,15,16,17,18,19,20,21,22,23,24,25,26,27,28,29,30,31,32,33,34,35,36,37,38,39,40,41,42,43,44,45,46,47,48,49,50,51,52,53,54,55,56,57,58,59,60,61,62,63,64,65,66,67,68,69,70,71,72,73,74,75,76,77,78,79,80,81,82,83,84,85,86,87,88,89
0,1.0,0.012,0.117,0.137,0.387,0.379,0.186,0.018,0.079,0.056,0.095,0.39,0.059,0.445,0.134,0.019,0.04,0.029,0.378,0.028,0.071,1.0,0.229,0.012,0.375,0.017,0.055,0.04,0.311,0.389,0.156,0.062,0.276,0.02,0.047,0.05,0.268,0.023,0.227,0.408,0.412,0.091,0.312,0.007,0.625,0.2,0.073,0.128,0.037,0.345,0.276,0.169,0.041,0.239,0.048,0.075,0.068,0.31,0.04,0.034,0.07,0.021,0.242,0.39,0.021,0.083,0.484,0.571,0.143,0.238,0.096,0.133,0.625,0.018,0.213,0.125,0.421,0.293,0.502,0.127,0.461,0.087,0.127,0.237,0.007,0.11,0.13,0.389,0.01,0.004
1,0.012,1.0,0.03,0.004,0.022,0.033,0.037,0.019,0.038,0.298,0.0,0.026,0.232,0.022,0.003,0.001,0.02,0.377,0.035,0.45,0.257,0.013,0.023,0.066,0.025,0.524,0.022,0.558,0.051,0.024,0.033,0.56,0.003,0.494,0.23,0.377,0.008,0.387,0.024,0.013,0.034,0.056,0.026,0.513,0.012,0.037,0.306,0.028,0.002,0.021,0.092,0.029,0.205,0.006,0.219,0.01,0.292,0.008,0.02,0.576,0.297,0.509,0.01,0.023,0.478,0.218,0.004,0.002,0.014,0.089,0.001,0.002,0.018,0.515,0.033,0.015,0.026,0.008,0.014,0.193,0.012,0.004,0.004,0.032,0.252,0.034,0.0,0.012,0.001,0.078
2,0.117,0.03,1.0,0.601,0.068,0.171,0.145,0.665,0.34,0.038,0.017,0.301,0.127,0.421,0.056,0.522,0.034,0.088,0.162,0.093,0.128,0.123,0.833,0.032,0.29,0.029,0.174,0.05,0.277,0.322,0.088,0.056,0.099,0.009,0.04,0.055,0.102,0.031,0.793,0.096,0.072,0.302,0.008,0.016,0.096,0.671,0.032,0.098,0.338,0.16,0.058,0.115,0.056,0.449,0.035,0.513,0.041,0.63,0.545,0.067,0.031,0.068,0.109,0.32,0.026,0.059,0.079,0.185,0.752,0.057,0.413,0.034,0.096,0.039,0.695,0.76,0.287,0.507,0.074,0.045,0.063,0.88,0.175,0.06,0.015,0.749,0.008,0.079,0.545,0.035
3,0.137,0.004,0.601,1.0,0.04,0.047,0.037,0.582,0.379,0.007,0.012,0.323,0.027,0.265,0.043,0.552,0.014,0.015,0.061,0.017,0.04,0.128,0.652,0.036,0.314,0.009,0.433,0.013,0.289,0.154,0.009,0.01,0.027,0.004,0.001,0.008,0.029,0.005,0.657,0.076,0.034,0.392,0.003,0.005,0.061,0.443,0.008,0.038,0.679,0.071,0.017,0.07,0.011,0.615,0.003,0.738,0.002,0.65,0.462,0.009,0.005,0.011,0.027,0.155,0.006,0.005,0.101,0.248,0.627,0.014,0.711,0.055,0.133,0.007,0.453,0.633,0.294,0.492,0.113,0.018,0.019,0.622,0.178,0.005,0.002,0.545,0.007,0.049,0.573,0.048
4,0.387,0.022,0.068,0.04,1.0,0.671,0.604,0.056,0.064,0.092,0.286,0.269,0.206,0.558,0.109,0.007,0.079,0.12,0.619,0.1,0.211,0.409,0.09,0.012,0.242,0.016,0.038,0.095,0.331,0.494,0.334,0.1,0.548,0.014,0.104,0.138,0.539,0.037,0.069,0.376,0.477,0.055,0.375,0.007,0.6,0.269,0.074,0.322,0.03,0.522,0.536,0.181,0.154,0.159,0.103,0.096,0.088,0.3,0.05,0.057,0.141,0.049,0.531,0.489,0.063,0.213,0.555,0.25,0.141,0.517,0.044,0.092,0.474,0.015,0.26,0.142,0.252,0.325,0.514,0.232,0.52,0.077,0.271,0.575,0.017,0.122,0.037,1.0,0.016,0.009
5,0.379,0.033,0.171,0.047,0.671,1.0,0.81,0.064,0.061,0.216,0.215,0.266,0.352,0.711,0.02,0.008,0.217,0.155,1.0,0.142,0.341,0.374,0.107,0.004,0.282,0.05,0.032,0.141,0.189,0.499,0.596,0.156,0.562,0.026,0.228,0.235,0.567,0.153,0.111,0.25,0.637,0.06,0.234,0.02,0.6,0.254,0.229,0.181,0.018,0.786,0.482,0.079,0.151,0.129,0.217,0.059,0.232,0.287,0.052,0.161,0.18,0.126,0.541,0.499,0.102,0.267,0.569,0.182,0.225,0.466,0.019,0.016,0.433,0.059,0.266,0.214,0.242,0.337,0.577,0.232,0.523,0.138,0.151,0.705,0.061,0.13,0.014,0.638,0.018,0.018
6,0.186,0.037,0.145,0.037,0.604,0.81,1.0,0.076,0.049,0.127,0.165,0.17,0.379,0.624,0.019,0.008,0.42,0.131,0.775,0.1,0.376,0.178,0.062,0.002,0.157,0.034,0.019,0.136,0.087,0.33,0.364,0.159,0.433,0.014,0.193,0.217,0.414,0.131,0.067,0.123,0.492,0.055,0.097,0.003,0.323,0.231,0.149,0.327,0.005,0.723,0.463,0.036,0.15,0.072,0.179,0.066,0.134,0.203,0.037,0.139,0.098,0.138,0.44,0.346,0.083,0.194,0.412,0.129,0.231,0.452,0.005,0.01,0.247,0.034,0.232,0.23,0.151,0.231,0.424,0.147,0.341,0.138,0.079,0.5,0.04,0.125,0.002,0.632,0.023,0.003
7,0.018,0.019,0.665,0.582,0.056,0.064,0.076,1.0,0.32,0.052,0.0,0.175,0.077,0.257,0.014,0.542,0.024,0.071,0.072,0.038,0.062,0.012,0.449,0.02,0.177,0.042,0.272,0.015,0.204,0.157,0.059,0.01,0.036,0.01,0.029,0.046,0.022,0.025,0.459,0.08,0.039,0.295,0.006,0.01,0.038,0.448,0.049,0.088,0.432,0.078,0.018,0.056,0.029,0.504,0.023,0.695,0.06,0.481,0.431,0.031,0.037,0.04,0.022,0.161,0.017,0.03,0.071,0.073,0.728,0.013,0.467,0.016,0.083,0.052,0.428,0.724,0.151,0.336,0.062,0.027,0.01,0.565,0.137,0.019,0.01,0.714,0.0,0.054,0.766,0.027
8,0.079,0.038,0.34,0.379,0.064,0.061,0.049,0.32,1.0,0.024,0.003,0.508,0.118,0.192,0.1,0.116,0.003,0.109,0.067,0.072,0.111,0.087,0.365,0.037,0.488,0.04,0.564,0.059,0.399,0.084,0.026,0.059,0.033,0.048,0.014,0.066,0.024,0.02,0.382,0.25,0.083,1.0,0.013,0.065,0.058,0.418,0.023,0.041,0.301,0.06,0.062,0.139,0.08,0.328,0.017,0.406,0.025,0.417,0.382,0.06,0.061,0.058,0.022,0.08,0.074,0.074,0.087,0.083,0.395,0.048,0.25,0.091,0.087,0.024,0.415,0.403,0.474,0.359,0.089,0.091,0.007,0.294,0.112,0.021,0.037,0.387,0.014,0.06,0.126,0.033
9,0.056,0.298,0.038,0.007,0.092,0.216,0.127,0.052,0.024,1.0,0.017,0.023,0.352,0.051,0.0,0.001,0.09,0.471,0.218,0.259,0.343,0.068,0.027,0.067,0.027,0.522,0.001,0.256,0.04,0.098,0.447,0.277,0.099,0.335,0.762,0.404,0.118,0.651,0.018,0.035,0.146,0.029,0.118,0.202,0.128,0.043,1.0,0.079,0.0,0.11,0.285,0.017,0.39,0.013,0.722,0.007,1.0,0.026,0.022,0.47,0.621,0.409,0.112,0.115,0.404,0.532,0.038,0.025,0.042,0.311,0.006,0.001,0.096,0.526,0.039,0.038,0.02,0.023,0.048,0.448,0.142,0.017,0.006,0.337,0.151,0.04,0.0,0.084,0.011,0.071
10,0.095,0.0,0.017,0.012,0.286,0.215,0.165,0.0,0.003,0.017,1.0,0.074,0.006,0.249,0.05,0.003,0.106,0.008,0.231,0.013,0.008,0.109,0.037,0.0,0.056,0.001,0.001,0.003,0.061,0.271,0.109,0.002,0.485,0.0,0.006,0.001,0.479,0.001,0.03,0.166,0.124,0.002,0.37,0.001,0.262,0.039,0.018,0.073,0.0,0.294,0.117,0.048,0.019,0.021,0.001,0.005,0.016,0.053,0.003,0.005,0.044,0.002,0.501,0.29,0.001,0.019,0.282,0.176,0.016,0.111,0.006,0.035,0.061,0.0,0.046,0.021,0.063,0.067,0.316,0.061,0.463,0.02,0.088,0.251,0.001,0.011,0.029,0.299,0.0,0.001
11,0.39,0.026,0.301,0.323,0.269,0.266,0.17,0.175,0.508,0.023,0.074,1.0,0.13,0.485,0.084,0.074,0.015,0.077,0.272,0.081,0.136,0.411,0.314,0.027,1.0,0.01,0.412,0.111,0.51,0.262,0.069,0.104,0.153,0.022,0.012,0.068,0.161,0.03,0.364,0.429,0.343,0.486,0.088,0.041,0.194,0.455,0.031,0.08,0.162,0.196,0.182,0.211,0.068,0.363,0.019,0.254,0.023,0.517,0.215,0.084,0.054,0.06,0.166,0.249,0.069,0.073,0.454,0.208,0.388,0.22,0.149,0.099,0.213,0.021,0.41,0.363,1.0,0.557,0.449,0.091,0.111,0.32,0.195,0.116,0.056,0.342,0.042,0.244,0.096,0.027
12,0.059,0.232,0.127,0.027,0.206,0.352,0.379,0.077,0.118,0.352,0.006,0.13,1.0,0.212,0.008,0.005,0.121,0.544,0.353,0.482,1.0,0.086,0.067,0.05,0.11,0.185,0.022,0.396,0.104,0.149,0.312,0.398,0.167,0.192,0.407,0.602,0.167,0.54,0.063,0.064,0.191,0.107,0.096,0.239,0.189,0.203,0.384,0.102,0.002,0.259,0.332,0.054,0.62,0.036,0.428,0.049,0.361,0.112,0.053,0.535,0.438,0.592,0.172,0.148,0.495,0.69,0.109,0.031,0.165,0.33,0.002,0.011,0.109,0.181,0.2,0.139,0.136,0.154,0.107,0.425,0.111,0.074,0.043,0.351,0.416,0.088,0.001,0.211,0.02,0.063
13,0.445,0.022,0.421,0.265,0.558,0.711,0.624,0.257,0.192,0.051,0.249,0.485,0.212,1.0,0.085,0.072,0.166,0.128,0.693,0.095,0.18,0.411,0.355,0.02,0.487,0.017,0.124,0.086,0.346,0.663,0.201,0.087,0.487,0.013,0.089,0.101,0.49,0.057,0.331,0.3,0.453,0.198,0.156,0.018,0.435,0.529,0.068,0.242,0.084,0.782,0.309,0.129,0.09,0.342,0.078,0.228,0.039,0.655,0.169,0.094,0.056,0.082,0.493,0.659,0.047,0.122,0.655,0.398,0.506,0.298,0.123,0.068,0.383,0.021,0.532,0.532,0.495,0.658,0.627,0.125,0.431,0.41,0.35,0.361,0.032,0.394,0.022,0.557,0.124,0.016
14,0.134,0.003,0.056,0.043,0.109,0.02,0.019,0.014,0.1,0.0,0.05,0.084,0.008,0.085,1.0,0.003,0.0,0.005,0.018,0.017,0.008,0.126,0.101,0.02,0.104,0.0,0.021,0.006,0.257,0.064,0.002,0.014,0.051,0.0,0.003,0.002,0.036,0.0,0.104,0.105,0.019,0.099,0.039,0.0,0.076,0.184,0.0,0.02,0.086,0.023,0.011,0.258,0.011,0.112,0.0,0.104,0.002,0.223,0.197,0.002,0.009,0.0,0.043,0.074,0.0,0.008,0.055,0.232,0.074,0.009,0.043,1.0,0.096,0.0,0.172,0.055,0.103,0.173,0.034,0.019,0.043,0.073,0.232,0.017,0.0,0.121,0.156,0.105,0.001,0.023
15,0.019,0.001,0.522,0.552,0.007,0.008,0.008,0.542,0.116,0.001,0.003,0.074,0.005,0.072,0.003,1.0,0.005,0.003,0.007,0.003,0.006,0.025,0.454,0.017,0.069,0.007,0.223,0.001,0.125,0.081,0.003,0.004,0.002,0.0,0.0,0.0,0.003,0.001,0.503,0.021,0.005,0.144,0.0,0.0,0.013,0.232,0.004,0.017,0.625,0.025,0.002,0.04,0.0,0.467,0.001,0.576,0.003,0.241,0.387,0.003,0.0,0.002,0.009,0.063,0.001,0.001,0.025,0.055,0.372,0.0,0.687,0.004,0.05,0.007,0.196,0.349,0.081,0.16,0.025,0.008,0.004,0.463,0.066,0.001,0.001,0.47,0.001,0.003,0.767,0.017
16,0.04,0.02,0.034,0.014,0.079,0.217,0.42,0.024,0.003,0.09,0.106,0.015,0.121,0.166,0.0,0.005,1.0,0.031,0.243,0.025,0.11,0.05,0.021,0.005,0.012,0.042,0.0,0.103,0.001,0.092,0.097,0.107,0.052,0.001,0.167,0.084,0.044,0.149,0.011,0.007,0.157,0.012,0.0,0.001,0.051,0.02,0.097,0.238,0.001,0.297,0.14,0.0,0.01,0.022,0.189,0.012,0.1,0.027,0.003,0.104,0.019,0.052,0.05,0.104,0.019,0.026,0.129,0.048,0.09,0.161,0.009,0.0,0.065,0.041,0.022,0.078,0.017,0.027,0.129,0.017,0.075,0.026,0.008,0.067,0.011,0.036,0.0,0.088,0.014,0.007
17,0.029,0.377,0.088,0.015,0.12,0.155,0.131,0.071,0.109,0.471,0.008,0.077,0.544,0.128,0.005,0.003,0.031,1.0,0.173,0.571,0.567,0.042,0.062,0.099,0.084,0.275,0.028,0.281,0.163,0.144,0.309,0.281,0.145,0.369,0.296,0.557,0.143,0.353,0.069,0.107,0.125,0.118,0.092,0.405,0.114,0.155,0.463,0.096,0.008,0.098,0.302,0.074,0.77,0.03,0.3,0.03,0.526,0.074,0.062,0.432,0.747,0.522,0.125,0.141,0.616,0.713,0.045,0.006,0.073,0.289,0.005,0.003,0.07,0.311,0.158,0.075,0.104,0.07,0.055,0.669,0.08,0.038,0.042,0.222,0.326,0.093,0.001,0.11,0.01,0.082
18,0.378,0.035,0.162,0.061,0.619,1.0,0.775,0.072,0.067,0.218,0.231,0.272,0.353,0.693,0.018,0.007,0.243,0.173,1.0,0.121,0.359,0.375,0.081,0.009,0.263,0.045,0.031,0.132,0.179,0.509,0.597,0.123,0.56,0.04,0.213,0.22,0.577,0.145,0.101,0.225,0.661,0.062,0.224,0.017,0.586,0.249,0.209,0.198,0.006,0.785,0.488,0.056,0.155,0.128,0.209,0.053,0.224,0.262,0.046,0.157,0.174,0.136,0.548,0.485,0.106,0.28,0.555,0.162,0.203,0.466,0.019,0.01,0.465,0.051,0.226,0.202,0.272,0.342,0.55,0.207,0.484,0.124,0.134,0.706,0.06,0.15,0.013,0.643,0.022,0.005
19,0.028,0.45,0.093,0.017,0.1,0.142,0.1,0.038,0.072,0.259,0.013,0.081,0.482,0.095,0.017,0.003,0.025,0.571,0.121,1.0,0.48,0.043,0.06,0.293,0.084,0.365,0.011,0.325,0.184,0.125,0.176,0.341,0.142,0.236,0.391,0.433,0.132,0.437,0.055,0.072,0.041,0.069,0.143,0.233,0.112,0.166,0.3,0.054,0.008,0.069,0.126,0.119,0.504,0.027,0.383,0.029,0.274,0.086,0.091,0.517,0.435,0.748,0.136,0.12,0.453,0.454,0.032,0.024,0.049,0.128,0.005,0.013,0.079,0.364,0.176,0.057,0.101,0.088,0.031,0.438,0.065,0.063,0.082,0.213,0.173,0.123,0.001,0.116,0.008,0.283
20,0.071,0.257,0.128,0.04,0.211,0.341,0.376,0.062,0.111,0.343,0.008,0.136,1.0,0.18,0.008,0.006,0.11,0.567,0.359,0.48,1.0,0.082,0.058,0.06,0.129,0.185,0.014,0.411,0.113,0.14,0.347,0.393,0.168,0.176,0.39,0.602,0.157,0.519,0.063,0.059,0.228,0.105,0.085,0.195,0.154,0.199,0.356,0.138,0.004,0.234,0.351,0.048,0.591,0.042,0.411,0.048,0.368,0.115,0.059,0.523,0.41,0.602,0.161,0.159,0.497,0.679,0.092,0.043,0.155,0.358,0.005,0.007,0.125,0.18,0.228,0.158,0.132,0.155,0.085,0.446,0.118,0.082,0.035,0.353,0.408,0.104,0.001,0.21,0.017,0.062
21,1.0,0.013,0.123,0.128,0.409,0.374,0.178,0.012,0.087,0.068,0.109,0.411,0.086,0.411,0.126,0.025,0.05,0.042,0.375,0.043,0.082,1.0,0.219,0.01,0.381,0.023,0.045,0.058,0.331,0.398,0.171,0.059,0.282,0.02,0.043,0.053,0.231,0.033,0.234,0.392,0.409,0.088,0.322,0.008,0.603,0.211,0.067,0.116,0.055,0.356,0.253,0.162,0.039,0.21,0.038,0.075,0.066,0.326,0.042,0.041,0.079,0.011,0.282,0.375,0.015,0.089,0.533,0.605,0.132,0.26,0.103,0.142,0.603,0.022,0.201,0.129,0.397,0.307,0.511,0.141,0.477,0.094,0.139,0.24,0.011,0.1,0.144,0.374,0.011,0.006
22,0.229,0.023,0.833,0.652,0.09,0.107,0.062,0.449,0.365,0.027,0.037,0.314,0.067,0.355,0.101,0.454,0.021,0.062,0.081,0.06,0.058,0.219,1.0,0.066,0.356,0.02,0.262,0.046,0.483,0.413,0.026,0.043,0.071,0.008,0.025,0.028,0.081,0.016,1.0,0.187,0.054,0.42,0.035,0.012,0.159,0.722,0.017,0.12,0.467,0.1,0.053,0.274,0.026,0.574,0.014,0.598,0.022,0.659,0.693,0.04,0.028,0.019,0.085,0.383,0.018,0.041,0.113,0.283,0.511,0.051,0.594,0.096,0.155,0.028,0.737,0.518,0.348,0.475,0.097,0.055,0.083,0.694,0.198,0.044,0.01,0.691,0.041,0.084,0.411,0.054
23,0.012,0.066,0.032,0.036,0.012,0.004,0.002,0.02,0.037,0.067,0.0,0.027,0.05,0.02,0.02,0.017,0.005,0.099,0.009,0.293,0.06,0.01,0.066,1.0,0.034,0.234,0.012,0.019,0.148,0.041,0.022,0.022,0.021,0.034,0.086,0.021,0.025,0.1,0.055,0.027,0.001,0.027,0.063,0.021,0.037,0.075,0.047,0.002,0.077,0.011,0.004,0.151,0.091,0.048,0.088,0.052,0.069,0.058,0.131,0.092,0.073,0.166,0.031,0.036,0.04,0.081,0.005,0.005,0.026,0.005,0.028,0.019,0.039,0.215,0.069,0.026,0.019,0.053,0.002,0.153,0.01,0.033,0.105,0.031,0.004,0.1,0.0,0.011,0.029,1.0
24,0.375,0.025,0.29,0.314,0.242,0.282,0.157,0.177,0.488,0.027,0.056,1.0,0.11,0.487,0.104,0.069,0.012,0.084,0.263,0.084,0.129,0.381,0.356,0.034,1.0,0.023,0.416,0.09,0.52,0.243,0.057,0.107,0.162,0.023,0.016,0.079,0.134,0.035,0.344,0.465,0.366,0.478,0.072,0.056,0.204,0.444,0.028,0.087,0.159,0.2,0.173,0.225,0.079,0.334,0.018,0.282,0.021,0.536,0.218,0.095,0.049,0.064,0.158,0.261,0.072,0.059,0.455,0.209,0.37,0.199,0.156,0.1,0.191,0.018,0.428,0.361,1.0,0.571,0.471,0.093,0.117,0.321,0.228,0.133,0.058,0.345,0.036,0.238,0.084,0.031
25,0.017,0.524,0.029,0.009,0.016,0.05,0.034,0.042,0.04,0.522,0.001,0.01,0.185,0.017,0.0,0.007,0.042,0.275,0.045,0.365,0.185,0.023,0.02,0.234,0.023,1.0,0.007,0.193,0.038,0.051,0.119,0.196,0.017,0.539,0.445,0.272,0.013,0.453,0.017,0.012,0.04,0.034,0.047,0.403,0.039,0.027,0.542,0.035,0.005,0.026,0.051,0.027,0.163,0.015,0.462,0.015,0.537,0.022,0.019,0.485,0.357,0.463,0.02,0.046,0.393,0.234,0.012,0.001,0.022,0.051,0.009,0.002,0.047,1.0,0.023,0.039,0.022,0.01,0.008,0.185,0.019,0.013,0.008,0.075,0.154,0.048,0.0,0.016,0.019,0.217
26,0.055,0.022,0.174,0.433,0.038,0.032,0.019,0.272,0.564,0.001,0.001,0.412,0.022,0.124,0.021,0.223,0.0,0.028,0.031,0.011,0.014,0.045,0.262,0.012,0.416,0.007,1.0,0.021,0.27,0.048,0.006,0.026,0.005,0.009,0.002,0.01,0.011,0.001,0.249,0.117,0.05,0.548,0.001,0.021,0.03,0.209,0.003,0.054,0.374,0.023,0.033,0.073,0.009,0.395,0.0,0.477,0.004,0.259,0.248,0.009,0.018,0.007,0.006,0.06,0.005,0.017,0.118,0.046,0.287,0.013,0.31,0.015,0.039,0.01,0.217,0.288,0.406,0.223,0.116,0.015,0.001,0.192,0.053,0.005,0.007,0.299,0.005,0.041,0.211,0.009
27,0.04,0.558,0.05,0.013,0.095,0.141,0.136,0.015,0.059,0.256,0.003,0.111,0.396,0.086,0.006,0.001,0.103,0.281,0.132,0.325,0.411,0.058,0.046,0.019,0.09,0.193,0.021,1.0,0.07,0.072,0.083,1.0,0.038,0.189,0.234,0.479,0.037,0.376,0.038,0.022,0.155,0.053,0.041,0.239,0.06,0.074,0.263,0.113,0.002,0.082,0.279,0.021,0.199,0.026,0.254,0.023,0.246,0.039,0.024,0.586,0.241,0.378,0.031,0.079,0.232,0.29,0.073,0.021,0.038,0.305,0.004,0.006,0.057,0.187,0.088,0.032,0.1,0.029,0.066,0.195,0.033,0.013,0.007,0.139,0.251,0.046,0.0,0.084,0.0,0.018
28,0.311,0.051,0.277,0.289,0.331,0.189,0.087,0.204,0.399,0.04,0.061,0.51,0.104,0.346,0.257,0.125,0.001,0.163,0.179,0.184,0.113,0.331,0.483,0.148,0.52,0.038,0.27,0.07,1.0,0.462,0.108,0.052,0.191,0.038,0.044,0.068,0.215,0.047,0.519,0.503,0.166,0.398,0.193,0.03,0.325,0.625,0.037,0.145,0.275,0.125,0.188,0.711,0.118,0.49,0.043,0.398,0.039,0.567,0.482,0.05,0.145,0.06,0.196,0.466,0.037,0.145,0.253,0.199,0.294,0.195,0.279,0.27,0.313,0.037,0.619,0.29,0.535,0.526,0.233,0.228,0.193,0.323,0.294,0.144,0.011,0.506,0.118,0.3,0.13,0.138
29,0.389,0.024,0.322,0.154,0.494,0.499,0.33,0.157,0.084,0.098,0.271,0.262,0.149,0.663,0.064,0.081,0.092,0.144,0.509,0.125,0.14,0.398,0.413,0.041,0.243,0.051,0.048,0.072,0.462,1.0,0.316,0.065,0.517,0.008,0.127,0.084,0.502,0.072,0.399,0.263,0.247,0.076,0.26,0.009,0.552,0.475,0.13,0.361,0.09,0.471,0.337,0.234,0.1,0.311,0.137,0.17,0.122,0.403,0.188,0.096,0.108,0.08,0.492,1.0,0.034,0.155,0.383,0.357,0.27,0.346,0.149,0.056,0.412,0.036,0.472,0.271,0.256,0.428,0.412,0.21,0.66,0.226,0.27,0.402,0.006,0.386,0.026,0.458,0.114,0.041
30,0.156,0.033,0.088,0.009,0.334,0.596,0.364,0.059,0.026,0.447,0.109,0.069,0.312,0.201,0.002,0.003,0.097,0.309,0.597,0.176,0.347,0.171,0.026,0.022,0.057,0.119,0.006,0.083,0.108,0.316,1.0,0.091,0.472,0.062,0.37,0.282,0.451,0.176,0.027,0.112,0.333,0.027,0.334,0.033,0.412,0.108,0.447,0.121,0.003,0.243,0.364,0.065,0.329,0.032,0.366,0.021,0.456,0.081,0.041,0.139,0.42,0.165,0.466,0.285,0.204,0.48,0.175,0.03,0.088,0.381,0.003,0.001,0.225,0.113,0.109,0.091,0.061,0.114,0.18,0.342,0.374,0.042,0.052,0.8,0.066,0.076,0.005,0.348,0.009,0.027
31,0.062,0.56,0.056,0.01,0.1,0.156,0.159,0.01,0.059,0.277,0.002,0.104,0.398,0.087,0.014,0.004,0.107,0.281,0.123,0.341,0.393,0.059,0.043,0.022,0.107,0.196,0.026,1.0,0.052,0.065,0.091,1.0,0.027,0.185,0.276,0.494,0.037,0.379,0.041,0.038,0.124,0.062,0.064,0.24,0.056,0.098,0.263,0.112,0.001,0.097,0.313,0.015,0.186,0.01,0.275,0.021,0.259,0.048,0.02,0.623,0.236,0.388,0.032,0.066,0.253,0.256,0.053,0.013,0.035,0.32,0.002,0.005,0.051,0.201,0.079,0.039,0.109,0.022,0.058,0.198,0.033,0.024,0.007,0.118,0.229,0.033,0.0,0.074,0.0,0.019
32,0.276,0.003,0.099,0.027,0.548,0.562,0.433,0.036,0.033,0.099,0.485,0.153,0.167,0.487,0.051,0.002,0.052,0.145,0.56,0.142,0.168,0.282,0.071,0.021,0.162,0.017,0.005,0.038,0.191,0.517,0.472,0.027,1.0,0.009,0.091,0.096,1.0,0.044,0.074,0.199,0.288,0.026,0.538,0.0,0.605,0.216,0.099,0.093,0.007,0.474,0.29,0.169,0.192,0.066,0.084,0.026,0.108,0.223,0.047,0.057,0.162,0.062,1.0,0.488,0.054,0.229,0.315,0.244,0.095,0.275,0.012,0.033,0.254,0.013,0.228,0.114,0.148,0.3,0.311,0.299,0.659,0.11,0.207,0.678,0.013,0.099,0.016,0.513,0.009,0.034
33,0.02,0.494,0.009,0.004,0.014,0.026,0.014,0.01,0.048,0.335,0.0,0.022,0.192,0.013,0.0,0.0,0.001,0.369,0.04,0.236,0.176,0.02,0.008,0.034,0.023,0.539,0.009,0.189,0.038,0.008,0.062,0.185,0.009,1.0,0.093,0.382,0.007,0.256,0.008,0.051,0.058,0.04,0.053,0.835,0.016,0.012,0.349,0.001,0.0,0.004,0.081,0.016,0.298,0.004,0.096,0.005,0.344,0.008,0.01,0.367,0.44,0.311,0.018,0.01,0.667,0.313,0.016,0.001,0.013,0.07,0.001,0.0,0.011,0.52,0.009,0.011,0.025,0.007,0.011,0.288,0.004,0.002,0.002,0.039,0.433,0.019,0.0,0.012,0.002,0.052
34,0.047,0.23,0.04,0.001,0.104,0.228,0.193,0.029,0.014,0.762,0.006,0.012,0.407,0.089,0.003,0.0,0.167,0.296,0.213,0.391,0.39,0.043,0.025,0.086,0.016,0.445,0.002,0.234,0.044,0.127,0.37,0.276,0.091,0.093,1.0,0.388,0.085,0.661,0.015,0.016,0.118,0.011,0.107,0.037,0.118,0.063,0.702,0.17,0.002,0.128,0.2,0.021,0.253,0.014,1.0,0.007,0.719,0.026,0.021,0.405,0.374,0.441,0.088,0.119,0.232,0.386,0.031,0.018,0.038,0.217,0.002,0.002,0.108,0.433,0.048,0.03,0.014,0.024,0.047,0.288,0.129,0.018,0.007,0.315,0.052,0.044,0.0,0.104,0.006,0.102
35,0.05,0.377,0.055,0.008,0.138,0.235,0.217,0.046,0.066,0.404,0.001,0.068,0.602,0.101,0.002,0.0,0.084,0.557,0.22,0.433,0.602,0.053,0.028,0.021,0.079,0.272,0.01,0.479,0.068,0.084,0.282,0.494,0.096,0.382,0.388,1.0,0.11,0.316,0.039,0.077,0.289,0.063,0.111,0.388,0.127,0.103,0.423,0.087,0.002,0.089,0.328,0.028,0.51,0.015,0.395,0.013,0.433,0.047,0.043,0.381,0.494,0.46,0.09,0.084,0.624,0.535,0.073,0.013,0.064,0.353,0.003,0.006,0.086,0.266,0.099,0.056,0.087,0.043,0.079,0.439,0.059,0.033,0.019,0.229,0.502,0.055,0.0,0.146,0.007,0.017
36,0.268,0.008,0.102,0.029,0.539,0.567,0.414,0.022,0.024,0.118,0.479,0.161,0.167,0.49,0.036,0.003,0.044,0.143,0.577,0.132,0.157,0.231,0.081,0.025,0.134,0.013,0.011,0.037,0.215,0.502,0.451,0.037,1.0,0.007,0.085,0.11,1.0,0.047,0.099,0.228,0.285,0.032,0.536,0.002,0.637,0.239,0.102,0.105,0.003,0.48,0.289,0.161,0.21,0.059,0.091,0.023,0.115,0.207,0.037,0.058,0.181,0.051,1.0,0.501,0.049,0.222,0.324,0.209,0.084,0.266,0.008,0.033,0.281,0.017,0.215,0.107,0.146,0.303,0.336,0.303,0.689,0.103,0.196,0.704,0.011,0.095,0.024,0.55,0.006,0.029
37,0.023,0.387,0.031,0.005,0.037,0.153,0.131,0.025,0.02,0.651,0.001,0.03,0.54,0.057,0.0,0.001,0.149,0.353,0.145,0.437,0.519,0.033,0.016,0.1,0.035,0.453,0.001,0.376,0.047,0.072,0.176,0.379,0.044,0.256,0.661,0.316,0.047,1.0,0.017,0.019,0.057,0.021,0.071,0.194,0.093,0.042,0.609,0.049,0.001,0.098,0.132,0.023,0.329,0.008,0.656,0.012,0.626,0.025,0.013,0.785,0.371,0.694,0.048,0.071,0.402,0.413,0.019,0.008,0.04,0.134,0.0,0.0,0.064,0.468,0.036,0.035,0.028,0.031,0.033,0.29,0.064,0.019,0.009,0.165,0.201,0.029,0.0,0.052,0.005,0.105
38,0.227,0.024,0.793,0.657,0.069,0.111,0.067,0.459,0.382,0.018,0.03,0.364,0.063,0.331,0.104,0.503,0.011,0.069,0.101,0.055,0.063,0.234,1.0,0.055,0.344,0.017,0.249,0.038,0.519,0.399,0.027,0.041,0.074,0.008,0.015,0.039,0.099,0.017,1.0,0.182,0.064,0.399,0.031,0.007,0.119,0.742,0.031,0.094,0.479,0.1,0.053,0.244,0.023,0.59,0.023,0.592,0.02,0.66,0.698,0.036,0.033,0.03,0.098,0.377,0.016,0.031,0.108,0.265,0.498,0.064,0.587,0.094,0.186,0.024,0.718,0.53,0.345,0.473,0.103,0.046,0.107,0.705,0.193,0.045,0.001,0.72,0.041,0.063,0.376,0.053
39,0.408,0.013,0.096,0.076,0.376,0.25,0.123,0.08,0.25,0.035,0.166,0.429,0.064,0.3,0.105,0.021,0.007,0.107,0.225,0.072,0.059,0.392,0.187,0.027,0.465,0.012,0.117,0.022,0.503,0.263,0.112,0.038,0.199,0.051,0.016,0.077,0.228,0.019,0.182,1.0,0.398,0.213,0.3,0.056,0.346,0.189,0.045,0.052,0.072,0.169,0.252,0.308,0.107,0.171,0.015,0.107,0.047,0.297,0.106,0.024,0.124,0.041,0.22,0.253,0.065,0.116,0.482,0.154,0.149,0.217,0.098,0.102,0.289,0.02,0.223,0.133,0.452,0.301,0.49,0.217,0.199,0.078,0.217,0.195,0.022,0.188,0.092,0.389,0.039,0.019
40,0.412,0.034,0.072,0.034,0.477,0.637,0.492,0.039,0.083,0.146,0.124,0.343,0.191,0.453,0.019,0.005,0.157,0.125,0.661,0.041,0.228,0.409,0.054,0.001,0.366,0.04,0.05,0.155,0.166,0.247,0.333,0.124,0.288,0.058,0.118,0.289,0.285,0.057,0.064,0.398,1.0,0.097,0.193,0.057,0.345,0.161,0.131,0.144,0.005,0.399,0.527,0.058,0.122,0.075,0.112,0.04,0.125,0.171,0.024,0.079,0.155,0.056,0.298,0.242,0.117,0.213,0.628,0.155,0.149,0.518,0.018,0.021,0.322,0.032,0.14,0.142,0.378,0.211,0.624,0.191,0.23,0.051,0.059,0.416,0.117,0.078,0.007,0.459,0.013,0.0
41,0.091,0.056,0.302,0.392,0.055,0.06,0.055,0.295,1.0,0.029,0.002,0.486,0.107,0.198,0.099,0.144,0.012,0.118,0.062,0.069,0.105,0.088,0.42,0.027,0.478,0.034,0.548,0.053,0.398,0.076,0.027,0.062,0.026,0.04,0.011,0.063,0.032,0.021,0.399,0.213,0.097,1.0,0.015,0.085,0.054,0.411,0.026,0.033,0.281,0.058,0.053,0.161,0.047,0.313,0.013,0.442,0.017,0.402,0.386,0.052,0.08,0.054,0.029,0.093,0.081,0.075,0.077,0.08,0.38,0.05,0.27,0.082,0.103,0.023,0.401,0.39,0.487,0.355,0.095,0.098,0.01,0.296,0.118,0.033,0.062,0.376,0.013,0.057,0.111,0.034
42,0.312,0.026,0.008,0.003,0.375,0.234,0.097,0.006,0.013,0.118,0.37,0.088,0.096,0.156,0.039,0.0,0.0,0.092,0.224,0.143,0.085,0.322,0.035,0.063,0.072,0.047,0.001,0.041,0.193,0.26,0.334,0.064,0.538,0.053,0.107,0.111,0.536,0.071,0.031,0.3,0.193,0.015,1.0,0.023,0.516,0.067,0.12,0.037,0.004,0.113,0.213,0.238,0.181,0.028,0.104,0.007,0.132,0.059,0.013,0.048,0.255,0.065,0.546,0.229,0.045,0.237,0.157,0.147,0.013,0.239,0.003,0.03,0.34,0.047,0.062,0.013,0.078,0.086,0.157,0.352,0.453,0.016,0.06,0.472,0.016,0.036,0.082,0.359,0.0,0.069
43,0.007,0.513,0.016,0.005,0.007,0.02,0.003,0.01,0.065,0.202,0.001,0.041,0.239,0.018,0.0,0.0,0.001,0.405,0.017,0.233,0.195,0.008,0.012,0.021,0.056,0.403,0.021,0.239,0.03,0.009,0.033,0.24,0.0,0.835,0.037,0.388,0.002,0.194,0.007,0.056,0.057,0.085,0.023,1.0,0.006,0.012,0.177,0.0,0.0,0.005,0.054,0.017,0.361,0.006,0.039,0.003,0.191,0.009,0.008,0.353,0.364,0.321,0.005,0.003,0.695,0.251,0.02,0.0,0.011,0.079,0.0,0.002,0.005,0.401,0.018,0.011,0.075,0.019,0.014,0.234,0.0,0.006,0.003,0.021,0.578,0.018,0.0,0.006,0.002,0.024
44,0.625,0.012,0.096,0.061,0.6,0.6,0.323,0.038,0.058,0.128,0.262,0.194,0.189,0.435,0.076,0.013,0.051,0.114,0.586,0.112,0.154,0.603,0.159,0.037,0.204,0.039,0.03,0.06,0.325,0.552,0.412,0.056,0.605,0.016,0.118,0.127,0.637,0.093,0.119,0.346,0.345,0.054,0.516,0.006,1.0,0.181,0.162,0.084,0.039,0.487,0.312,0.223,0.155,0.181,0.127,0.085,0.139,0.274,0.046,0.075,0.166,0.078,0.611,0.539,0.046,0.227,0.433,0.368,0.126,0.328,0.065,0.083,0.734,0.027,0.181,0.136,0.178,0.33,0.475,0.328,0.76,0.062,0.21,0.537,0.022,0.118,0.101,0.627,0.018,0.039
45,0.2,0.037,0.671,0.443,0.269,0.254,0.231,0.448,0.418,0.043,0.039,0.455,0.203,0.529,0.184,0.232,0.02,0.155,0.249,0.166,0.199,0.211,0.722,0.075,0.444,0.027,0.209,0.074,0.625,0.475,0.108,0.098,0.216,0.012,0.063,0.103,0.239,0.042,0.742,0.189,0.161,0.411,0.067,0.012,0.181,1.0,0.033,0.258,0.251,0.229,0.179,0.346,0.112,0.489,0.044,0.495,0.037,0.716,0.681,0.044,0.082,0.075,0.198,0.49,0.045,0.133,0.161,0.298,0.624,0.166,0.262,0.175,0.162,0.023,1.0,0.604,0.417,0.683,0.159,0.122,0.116,0.693,0.271,0.155,0.015,0.717,0.023,0.291,0.282,0.081
46,0.073,0.306,0.032,0.008,0.074,0.229,0.149,0.049,0.023,1.0,0.018,0.031,0.384,0.068,0.0,0.004,0.097,0.463,0.209,0.3,0.356,0.067,0.017,0.047,0.028,0.542,0.003,0.263,0.037,0.13,0.447,0.263,0.099,0.349,0.702,0.423,0.102,0.609,0.031,0.045,0.131,0.026,0.12,0.177,0.162,0.033,1.0,0.087,0.001,0.107,0.305,0.024,0.366,0.02,0.721,0.012,1.0,0.02,0.021,0.466,0.635,0.393,0.127,0.12,0.391,0.583,0.038,0.029,0.031,0.281,0.005,0.0,0.085,0.524,0.037,0.036,0.021,0.024,0.03,0.446,0.15,0.009,0.008,0.347,0.16,0.045,0.0,0.078,0.011,0.07
47,0.128,0.028,0.098,0.038,0.322,0.181,0.327,0.088,0.041,0.079,0.073,0.08,0.102,0.242,0.02,0.017,0.238,0.096,0.198,0.054,0.138,0.116,0.12,0.002,0.087,0.035,0.054,0.113,0.145,0.361,0.121,0.112,0.093,0.001,0.17,0.087,0.105,0.049,0.094,0.052,0.144,0.033,0.037,0.0,0.084,0.258,0.087,1.0,0.018,0.171,0.373,0.048,0.052,0.179,0.166,0.1,0.092,0.124,0.068,0.039,0.062,0.041,0.096,0.363,0.016,0.084,0.123,0.135,0.112,0.363,0.041,0.017,0.098,0.03,0.246,0.106,0.079,0.073,0.131,0.076,0.206,0.067,0.031,0.181,0.002,0.147,0.001,0.333,0.031,0.003
48,0.037,0.002,0.338,0.679,0.03,0.018,0.005,0.432,0.301,0.0,0.0,0.162,0.002,0.084,0.086,0.625,0.001,0.008,0.006,0.008,0.004,0.055,0.467,0.077,0.159,0.005,0.374,0.002,0.275,0.09,0.003,0.001,0.007,0.0,0.002,0.002,0.003,0.001,0.479,0.072,0.005,0.281,0.004,0.0,0.039,0.251,0.001,0.018,1.0,0.046,0.003,0.1,0.002,0.662,0.002,0.773,0.004,0.392,0.444,0.001,0.006,0.002,0.012,0.079,0.0,0.004,0.05,0.098,0.355,0.004,0.852,0.097,0.138,0.004,0.241,0.372,0.161,0.229,0.078,0.013,0.015,0.321,0.148,0.002,0.0,0.441,0.018,0.031,0.416,0.067
49,0.345,0.021,0.16,0.071,0.522,0.786,0.723,0.078,0.06,0.11,0.294,0.196,0.259,0.782,0.023,0.025,0.297,0.098,0.785,0.069,0.234,0.356,0.1,0.011,0.2,0.026,0.023,0.082,0.125,0.471,0.243,0.097,0.474,0.004,0.128,0.089,0.48,0.098,0.1,0.169,0.399,0.058,0.113,0.005,0.487,0.229,0.107,0.171,0.046,1.0,0.29,0.039,0.085,0.161,0.126,0.12,0.104,0.381,0.047,0.12,0.071,0.121,0.478,0.453,0.043,0.12,0.492,0.349,0.301,0.299,0.063,0.023,0.379,0.035,0.221,0.272,0.21,0.365,0.495,0.119,0.486,0.149,0.199,0.454,0.029,0.169,0.007,0.538,0.032,0.004
50,0.276,0.092,0.058,0.017,0.536,0.482,0.463,0.018,0.062,0.285,0.117,0.182,0.332,0.309,0.011,0.002,0.14,0.302,0.488,0.126,0.351,0.253,0.053,0.004,0.173,0.051,0.033,0.279,0.188,0.337,0.364,0.313,0.29,0.081,0.2,0.328,0.289,0.132,0.053,0.252,0.527,0.053,0.213,0.054,0.312,0.179,0.305,0.373,0.003,0.29,1.0,0.076,0.278,0.04,0.213,0.026,0.324,0.088,0.02,0.143,0.41,0.091,0.301,0.308,0.157,0.445,0.337,0.131,0.066,1.0,0.009,0.018,0.204,0.065,0.181,0.063,0.213,0.101,0.317,0.354,0.33,0.034,0.029,0.502,0.101,0.047,0.003,0.507,0.006,0.002
51,0.169,0.029,0.115,0.07,0.181,0.079,0.036,0.056,0.139,0.017,0.048,0.211,0.054,0.129,0.258,0.04,0.0,0.074,0.056,0.119,0.048,0.162,0.274,0.151,0.225,0.027,0.073,0.021,0.711,0.234,0.065,0.015,0.169,0.016,0.021,0.028,0.161,0.023,0.244,0.308,0.058,0.161,0.238,0.017,0.223,0.346,0.024,0.048,0.1,0.039,0.076,1.0,0.091,0.196,0.012,0.141,0.021,0.267,0.316,0.032,0.107,0.03,0.166,0.257,0.02,0.106,0.066,0.086,0.089,0.091,0.094,0.237,0.129,0.019,0.335,0.1,0.211,0.308,0.077,0.143,0.129,0.139,0.203,0.102,0.005,0.261,0.203,0.169,0.029,0.145
52,0.041,0.205,0.056,0.011,0.154,0.151,0.15,0.029,0.08,0.39,0.019,0.068,0.62,0.09,0.011,0.0,0.01,0.77,0.155,0.504,0.591,0.039,0.026,0.091,0.079,0.163,0.009,0.199,0.118,0.1,0.329,0.186,0.192,0.298,0.253,0.51,0.21,0.329,0.023,0.107,0.122,0.047,0.181,0.361,0.155,0.112,0.366,0.052,0.002,0.085,0.278,0.091,1.0,0.021,0.248,0.012,0.367,0.061,0.028,0.338,0.762,0.461,0.221,0.118,0.588,0.845,0.064,0.016,0.037,0.303,0.002,0.007,0.093,0.165,0.139,0.044,0.07,0.082,0.056,0.741,0.104,0.035,0.065,0.338,0.327,0.041,0.0,0.166,0.004,0.088
53,0.239,0.006,0.449,0.615,0.159,0.129,0.072,0.504,0.328,0.013,0.021,0.363,0.036,0.342,0.112,0.467,0.022,0.03,0.128,0.027,0.042,0.21,0.574,0.048,0.334,0.015,0.395,0.026,0.49,0.311,0.032,0.01,0.066,0.004,0.014,0.015,0.059,0.008,0.59,0.171,0.075,0.313,0.028,0.006,0.181,0.489,0.02,0.179,0.662,0.161,0.04,0.196,0.021,1.0,0.017,0.858,0.01,0.649,0.475,0.024,0.018,0.013,0.068,0.299,0.005,0.029,0.189,0.21,0.593,0.067,0.749,0.104,0.286,0.01,0.486,0.592,0.31,0.492,0.19,0.042,0.104,0.439,0.198,0.036,0.002,0.632,0.039,0.151,0.432,0.035
54,0.048,0.219,0.035,0.003,0.103,0.217,0.179,0.023,0.017,0.722,0.001,0.019,0.428,0.078,0.0,0.001,0.189,0.3,0.209,0.383,0.411,0.038,0.014,0.088,0.018,0.462,0.0,0.254,0.043,0.137,0.366,0.275,0.084,0.096,1.0,0.395,0.091,0.656,0.023,0.015,0.112,0.013,0.104,0.039,0.127,0.044,0.721,0.166,0.002,0.126,0.213,0.012,0.248,0.017,1.0,0.014,0.723,0.024,0.017,0.416,0.366,0.442,0.098,0.138,0.185,0.372,0.04,0.017,0.043,0.216,0.001,0.001,0.1,0.421,0.056,0.031,0.016,0.017,0.026,0.294,0.14,0.015,0.009,0.287,0.068,0.05,0.0,0.097,0.011,0.1
55,0.075,0.01,0.513,0.738,0.096,0.059,0.066,0.695,0.406,0.007,0.005,0.254,0.049,0.228,0.104,0.576,0.012,0.03,0.053,0.029,0.048,0.075,0.598,0.052,0.282,0.015,0.477,0.023,0.398,0.17,0.021,0.021,0.026,0.005,0.007,0.013,0.023,0.012,0.592,0.107,0.04,0.442,0.007,0.003,0.085,0.495,0.012,0.1,0.773,0.12,0.026,0.141,0.012,0.858,0.014,1.0,0.014,0.629,0.584,0.011,0.022,0.019,0.031,0.187,0.007,0.022,0.104,0.181,0.679,0.033,0.752,0.11,0.158,0.019,0.448,0.676,0.281,0.437,0.097,0.035,0.032,0.525,0.185,0.018,0.004,0.704,0.006,0.079,0.504,0.057
56,0.068,0.292,0.041,0.002,0.088,0.232,0.134,0.06,0.025,1.0,0.016,0.023,0.361,0.039,0.002,0.003,0.1,0.526,0.224,0.274,0.368,0.066,0.022,0.069,0.021,0.537,0.004,0.246,0.039,0.122,0.456,0.259,0.108,0.344,0.719,0.433,0.115,0.626,0.02,0.047,0.125,0.017,0.132,0.191,0.139,0.037,1.0,0.092,0.004,0.104,0.324,0.021,0.367,0.01,0.723,0.014,1.0,0.018,0.025,0.435,0.615,0.402,0.116,0.124,0.382,0.56,0.033,0.02,0.035,0.305,0.001,0.0,0.084,0.511,0.043,0.028,0.017,0.03,0.036,0.431,0.146,0.011,0.006,0.339,0.138,0.041,0.0,0.076,0.019,0.058
57,0.31,0.008,0.63,0.65,0.3,0.287,0.203,0.481,0.417,0.026,0.053,0.517,0.112,0.655,0.223,0.241,0.027,0.074,0.262,0.086,0.115,0.326,0.659,0.058,0.536,0.022,0.259,0.039,0.567,0.403,0.081,0.048,0.223,0.008,0.026,0.047,0.207,0.025,0.66,0.297,0.171,0.402,0.059,0.009,0.274,0.716,0.02,0.124,0.392,0.381,0.088,0.267,0.061,0.649,0.024,0.629,0.018,1.0,0.474,0.055,0.03,0.057,0.225,0.429,0.026,0.057,0.285,0.402,0.752,0.112,0.378,0.255,0.358,0.017,0.715,0.73,0.552,0.866,0.267,0.096,0.162,0.693,0.437,0.121,0.009,0.718,0.056,0.3,0.275,0.064
58,0.04,0.02,0.545,0.462,0.05,0.052,0.037,0.431,0.382,0.022,0.003,0.215,0.053,0.169,0.197,0.387,0.003,0.062,0.046,0.091,0.059,0.042,0.693,0.131,0.218,0.019,0.248,0.024,0.482,0.188,0.041,0.02,0.047,0.01,0.021,0.043,0.037,0.013,0.698,0.106,0.024,0.386,0.013,0.008,0.046,0.681,0.021,0.068,0.444,0.047,0.02,0.316,0.028,0.475,0.017,0.584,0.025,0.474,1.0,0.034,0.035,0.022,0.031,0.219,0.016,0.031,0.033,0.105,0.39,0.019,0.392,0.205,0.069,0.03,0.671,0.377,0.19,0.298,0.048,0.051,0.01,0.55,0.197,0.024,0.005,0.767,0.016,0.037,0.332,0.107
59,0.034,0.576,0.067,0.009,0.057,0.161,0.139,0.031,0.06,0.47,0.005,0.084,0.535,0.094,0.002,0.003,0.104,0.432,0.157,0.517,0.523,0.041,0.04,0.092,0.095,0.485,0.009,0.586,0.05,0.096,0.139,0.623,0.057,0.367,0.405,0.381,0.058,0.785,0.036,0.024,0.079,0.052,0.048,0.353,0.075,0.044,0.466,0.039,0.001,0.12,0.143,0.032,0.338,0.024,0.416,0.011,0.435,0.055,0.034,1.0,0.375,0.765,0.045,0.09,0.508,0.372,0.032,0.018,0.051,0.146,0.007,0.004,0.06,0.498,0.068,0.045,0.093,0.054,0.037,0.289,0.059,0.04,0.014,0.158,0.297,0.047,0.0,0.046,0.003,0.095
60,0.07,0.297,0.031,0.005,0.141,0.18,0.098,0.037,0.061,0.621,0.044,0.054,0.438,0.056,0.009,0.0,0.019,0.747,0.174,0.435,0.41,0.079,0.028,0.073,0.049,0.357,0.018,0.241,0.145,0.108,0.42,0.236,0.162,0.44,0.374,0.494,0.181,0.371,0.033,0.124,0.155,0.08,0.255,0.364,0.166,0.082,0.635,0.062,0.006,0.071,0.41,0.107,0.762,0.018,0.366,0.022,0.615,0.03,0.035,0.375,1.0,0.388,0.154,0.116,0.561,0.847,0.045,0.013,0.026,0.443,0.003,0.007,0.086,0.361,0.085,0.036,0.049,0.039,0.044,0.793,0.139,0.02,0.014,0.369,0.206,0.046,0.0,0.125,0.007,0.073
61,0.021,0.509,0.068,0.011,0.049,0.126,0.138,0.04,0.058,0.409,0.002,0.06,0.592,0.082,0.0,0.002,0.052,0.522,0.136,0.748,0.602,0.011,0.019,0.166,0.064,0.463,0.007,0.378,0.06,0.08,0.165,0.388,0.062,0.311,0.441,0.46,0.051,0.694,0.03,0.041,0.056,0.054,0.065,0.321,0.078,0.075,0.393,0.041,0.002,0.121,0.091,0.03,0.461,0.013,0.442,0.019,0.402,0.057,0.022,0.765,0.388,1.0,0.062,0.072,0.604,0.417,0.021,0.005,0.063,0.096,0.001,0.002,0.066,0.443,0.07,0.065,0.063,0.066,0.03,0.315,0.031,0.049,0.04,0.118,0.335,0.072,0.0,0.058,0.01,0.161
62,0.242,0.01,0.109,0.027,0.531,0.541,0.44,0.022,0.022,0.112,0.501,0.166,0.172,0.493,0.043,0.009,0.05,0.125,0.548,0.136,0.161,0.282,0.085,0.031,0.158,0.02,0.006,0.031,0.196,0.492,0.466,0.032,1.0,0.018,0.088,0.09,1.0,0.048,0.098,0.22,0.298,0.029,0.546,0.005,0.611,0.198,0.127,0.096,0.012,0.478,0.301,0.166,0.221,0.068,0.098,0.031,0.116,0.225,0.031,0.045,0.154,0.062,1.0,0.496,0.049,0.252,0.338,0.228,0.114,0.273,0.011,0.046,0.265,0.01,0.196,0.094,0.164,0.29,0.334,0.277,0.67,0.096,0.233,0.72,0.006,0.099,0.031,0.51,0.009,0.027
63,0.39,0.023,0.32,0.155,0.489,0.499,0.346,0.161,0.08,0.115,0.29,0.249,0.148,0.659,0.074,0.063,0.104,0.141,0.485,0.12,0.159,0.375,0.383,0.036,0.261,0.046,0.06,0.079,0.466,1.0,0.285,0.066,0.488,0.01,0.119,0.084,0.501,0.071,0.377,0.253,0.242,0.093,0.229,0.003,0.539,0.49,0.12,0.363,0.079,0.453,0.308,0.257,0.118,0.299,0.138,0.187,0.124,0.429,0.219,0.09,0.116,0.072,0.496,1.0,0.029,0.161,0.38,0.306,0.249,0.321,0.141,0.049,0.415,0.048,0.487,0.281,0.259,0.41,0.375,0.197,0.637,0.248,0.258,0.397,0.003,0.364,0.05,0.467,0.117,0.051
64,0.021,0.478,0.026,0.006,0.063,0.102,0.083,0.017,0.074,0.404,0.001,0.069,0.495,0.047,0.0,0.001,0.019,0.616,0.106,0.453,0.497,0.015,0.018,0.04,0.072,0.393,0.005,0.232,0.037,0.034,0.204,0.253,0.054,0.667,0.232,0.624,0.049,0.402,0.016,0.065,0.117,0.081,0.045,0.695,0.046,0.045,0.391,0.016,0.0,0.043,0.157,0.02,0.588,0.005,0.185,0.007,0.382,0.026,0.016,0.508,0.561,0.604,0.049,0.029,1.0,0.521,0.035,0.003,0.039,0.146,0.0,0.001,0.027,0.394,0.052,0.031,0.075,0.039,0.021,0.392,0.022,0.016,0.009,0.136,0.697,0.028,0.0,0.037,0.002,0.037
65,0.083,0.218,0.059,0.005,0.213,0.267,0.194,0.03,0.074,0.532,0.019,0.073,0.69,0.122,0.008,0.001,0.026,0.713,0.28,0.454,0.679,0.089,0.041,0.081,0.059,0.234,0.017,0.29,0.145,0.155,0.48,0.256,0.229,0.313,0.386,0.535,0.222,0.413,0.031,0.116,0.213,0.075,0.237,0.251,0.227,0.133,0.583,0.084,0.004,0.12,0.445,0.106,0.845,0.029,0.372,0.022,0.56,0.057,0.031,0.372,0.847,0.417,0.252,0.161,0.521,1.0,0.082,0.027,0.054,0.446,0.004,0.011,0.124,0.226,0.147,0.055,0.099,0.088,0.074,0.728,0.174,0.026,0.028,0.467,0.279,0.068,0.0,0.214,0.007,0.078
66,0.484,0.004,0.079,0.101,0.555,0.569,0.412,0.071,0.087,0.038,0.282,0.454,0.109,0.655,0.055,0.025,0.129,0.045,0.555,0.032,0.092,0.533,0.113,0.005,0.455,0.012,0.118,0.073,0.253,0.383,0.175,0.053,0.315,0.016,0.031,0.073,0.324,0.019,0.108,0.482,0.628,0.077,0.157,0.02,0.433,0.161,0.038,0.123,0.05,0.492,0.337,0.066,0.064,0.189,0.04,0.104,0.033,0.285,0.033,0.032,0.045,0.021,0.338,0.38,0.035,0.082,1.0,0.32,0.156,0.327,0.096,0.043,0.389,0.01,0.169,0.186,0.458,0.36,1.0,0.09,0.411,0.09,0.25,0.299,0.031,0.124,0.021,0.556,0.035,0.004
67,0.571,0.002,0.185,0.248,0.25,0.182,0.129,0.073,0.083,0.025,0.176,0.208,0.031,0.398,0.232,0.055,0.048,0.006,0.162,0.024,0.043,0.605,0.283,0.005,0.209,0.001,0.046,0.021,0.199,0.357,0.03,0.013,0.244,0.001,0.018,0.013,0.209,0.008,0.265,0.154,0.155,0.08,0.147,0.0,0.368,0.298,0.029,0.135,0.098,0.349,0.131,0.086,0.016,0.21,0.017,0.181,0.02,0.402,0.105,0.018,0.013,0.005,0.228,0.306,0.003,0.027,0.32,1.0,0.207,0.116,0.112,0.249,0.325,0.003,0.264,0.235,0.2,0.363,0.33,0.063,0.427,0.204,0.223,0.083,0.002,0.156,0.064,0.246,0.046,0.006
68,0.143,0.014,0.752,0.627,0.141,0.225,0.231,0.728,0.395,0.042,0.016,0.388,0.165,0.506,0.074,0.372,0.09,0.073,0.203,0.049,0.155,0.132,0.511,0.026,0.37,0.022,0.287,0.038,0.294,0.27,0.088,0.035,0.095,0.013,0.038,0.064,0.084,0.04,0.498,0.149,0.149,0.38,0.013,0.011,0.126,0.624,0.031,0.112,0.355,0.301,0.066,0.089,0.037,0.593,0.043,0.679,0.035,0.752,0.39,0.051,0.026,0.063,0.114,0.249,0.039,0.054,0.156,0.207,1.0,0.062,0.387,0.052,0.184,0.029,0.59,1.0,0.377,0.676,0.187,0.047,0.066,0.704,0.221,0.07,0.014,0.696,0.005,0.15,0.473,0.03
69,0.238,0.089,0.057,0.014,0.517,0.466,0.452,0.013,0.048,0.311,0.111,0.22,0.33,0.298,0.009,0.0,0.161,0.289,0.466,0.128,0.358,0.26,0.051,0.005,0.199,0.051,0.013,0.305,0.195,0.346,0.381,0.32,0.275,0.07,0.217,0.353,0.266,0.134,0.064,0.217,0.518,0.05,0.239,0.079,0.328,0.166,0.281,0.363,0.004,0.299,1.0,0.091,0.303,0.067,0.216,0.033,0.305,0.112,0.019,0.146,0.443,0.096,0.273,0.321,0.146,0.446,0.327,0.116,0.062,1.0,0.011,0.015,0.198,0.058,0.173,0.068,0.225,0.121,0.319,0.408,0.353,0.024,0.04,0.511,0.083,0.045,0.005,0.528,0.01,0.007
70,0.096,0.001,0.413,0.711,0.044,0.019,0.005,0.467,0.25,0.006,0.006,0.149,0.002,0.123,0.043,0.687,0.009,0.005,0.019,0.005,0.005,0.103,0.594,0.028,0.156,0.009,0.31,0.004,0.279,0.149,0.003,0.002,0.012,0.001,0.002,0.003,0.008,0.0,0.587,0.098,0.018,0.27,0.003,0.0,0.065,0.262,0.005,0.041,0.852,0.063,0.009,0.094,0.002,0.749,0.001,0.752,0.001,0.378,0.392,0.007,0.003,0.001,0.011,0.141,0.0,0.004,0.096,0.112,0.387,0.011,1.0,0.031,0.156,0.008,0.24,0.363,0.172,0.261,0.105,0.006,0.035,0.347,0.143,0.002,0.0,0.405,0.023,0.058,0.491,0.026
71,0.133,0.002,0.034,0.055,0.092,0.016,0.01,0.016,0.091,0.001,0.035,0.099,0.011,0.068,1.0,0.004,0.0,0.003,0.01,0.013,0.007,0.142,0.096,0.019,0.1,0.002,0.015,0.006,0.27,0.056,0.001,0.005,0.033,0.0,0.002,0.006,0.033,0.0,0.094,0.102,0.021,0.082,0.03,0.002,0.083,0.175,0.0,0.017,0.097,0.023,0.018,0.237,0.007,0.104,0.001,0.11,0.0,0.255,0.205,0.004,0.007,0.002,0.046,0.049,0.001,0.011,0.043,0.249,0.052,0.015,0.031,1.0,0.08,0.001,0.178,0.059,0.102,0.19,0.044,0.022,0.041,0.068,0.212,0.009,0.0,0.127,0.15,0.091,0.001,0.033
72,0.625,0.018,0.096,0.133,0.474,0.433,0.247,0.083,0.087,0.096,0.061,0.213,0.109,0.383,0.096,0.05,0.065,0.07,0.465,0.079,0.125,0.603,0.155,0.039,0.191,0.047,0.039,0.057,0.313,0.412,0.225,0.051,0.254,0.011,0.108,0.086,0.281,0.064,0.186,0.289,0.322,0.103,0.34,0.005,0.734,0.162,0.085,0.098,0.138,0.379,0.204,0.129,0.093,0.286,0.1,0.158,0.084,0.358,0.069,0.06,0.086,0.066,0.265,0.415,0.027,0.124,0.389,0.325,0.184,0.198,0.156,0.08,1.0,0.047,0.178,0.162,0.205,0.28,0.372,0.181,0.476,0.065,0.233,0.272,0.005,0.184,0.097,0.46,0.063,0.03
73,0.018,0.515,0.039,0.007,0.015,0.059,0.034,0.052,0.024,0.526,0.0,0.021,0.181,0.021,0.0,0.007,0.041,0.311,0.051,0.364,0.18,0.022,0.028,0.215,0.018,1.0,0.01,0.187,0.037,0.036,0.113,0.201,0.013,0.52,0.433,0.266,0.017,0.468,0.024,0.02,0.032,0.023,0.047,0.401,0.027,0.023,0.524,0.03,0.004,0.035,0.065,0.019,0.165,0.01,0.421,0.019,0.511,0.017,0.03,0.498,0.361,0.443,0.01,0.048,0.394,0.226,0.01,0.003,0.029,0.058,0.008,0.001,0.047,1.0,0.03,0.026,0.024,0.014,0.012,0.222,0.031,0.013,0.004,0.073,0.178,0.044,0.001,0.019,0.014,0.233
74,0.213,0.033,0.695,0.453,0.26,0.266,0.232,0.428,0.415,0.039,0.046,0.41,0.2,0.532,0.172,0.196,0.022,0.158,0.226,0.176,0.228,0.201,0.737,0.069,0.428,0.023,0.217,0.088,0.619,0.472,0.109,0.079,0.228,0.009,0.048,0.099,0.215,0.036,0.718,0.223,0.14,0.401,0.062,0.018,0.181,1.0,0.037,0.246,0.241,0.221,0.181,0.335,0.139,0.486,0.056,0.448,0.043,0.715,0.671,0.068,0.085,0.07,0.196,0.487,0.052,0.147,0.169,0.264,0.59,0.173,0.24,0.178,0.178,0.03,1.0,0.625,0.45,0.686,0.187,0.116,0.131,0.689,0.266,0.184,0.015,0.72,0.027,0.281,0.259,0.082
