,0,1,2,3,4,5,6,7,8,9,10,11,12,13,14,15,16,17,18,19,20,21,22,23,24,25,26,27,28,29,30,31,32,33,34,35,36,37,38,39,40,41,42,43,44,45,46,47,48,49,50,51,52,53,54,55,56,57,58,59,60,61,62,63,64,65,66,67,68,69,70,71,72,73,74,75,76,77,78,79,80,81,82,83,84,85,86,87,88,89,90,91,92,93,94,95,96,97,98,99,100,101,102,103,104,105,106,107,108,109,110,111,112,113,114,115,116,117,118,119,120,121,122,123,124,125,126,127,128,129,130,131,132,133,134,135,136,137,138,139,140,141,142,143,144,145,146,147,148,149,150,151,152,153,154,155,156,157,158,159,160,161,162,163,164,165,166,167,168,169,170,171,172,173,174,175,176,177,178,179,180,181,182,183,184,185,186,187,188,189,190,191,192,193,194,195,196,197,198,199
0,1.0,0.219,0.721,0.047,0.0,0.433,0.072,0.004,0.339,0.005,0.019,0.049,0.829,0.853,0.328,0.0,0.11,0.098,0.0,0.0,0.001,0.02,0.676,0.509,0.0,0.041,0.056,0.531,0.0,0.269,0.057,0.0,0.561,0.293,0.007,0.469,0.427,0.113,0.498,0.311,0.059,0.0,0.058,0.326,0.02,0.0,0.713,0.004,0.0,0.005,0.0,0.006,0.169,0.011,0.602,0.111,0.065,0.015,0.002,0.021,0.784,0.012,0.247,0.015,0.031,0.919,0.005,0.45,0.0,0.0,0.017,0.007,0.863,0.771,0.004,0.022,0.409,0.029,0.033,0.0,0.2,0.088,0.796,0.015,0.013,0.146,0.829,0.013,0.619,0.0,0.0,0.049,0.001,0.056,0.123,0.0,0.043,0.001,0.321,0.0,0.073,0.0,0.0,0.0,0.057,0.002,0.451,0.551,0.061,0.0,0.029,0.018,0.186,0.0,0.04,0.545,0.066,0.0,0.054,0.0,0.001,0.283,0.001,0.072,0.115,0.857,0.016,0.0,0.18,0.716,0.0,0.001,0.007,0.0,0.059,0.026,0.004,0.0,0.004,0.35,0.343,0.048,0.716,0.397,0.13,0.159,0.123,0.497,0.0,0.106,0.374,0.0,0.07,0.0,0.004,0.086,0.0,0.0,0.084,0.135,0.001,0.264,0.161,0.721,0.04,0.069,0.001,0.006,0.392,0.438,0.678,0.715,0.005,0.031,0.001,0.05,0.001,0.549,0.013,0.018,0.167,0.0,0.0,0.0,0.479,0.0,0.0,0.0,0.008,0.344,0.036,0.002,0.664,0.001,0.068,0.0,0.419,0.026,0.022,0.099
1,0.219,1.0,0.182,0.367,0.0,0.158,0.556,0.091,0.039,0.259,0.307,0.572,0.133,0.245,0.029,0.002,0.654,0.686,0.0,0.001,0.237,0.318,0.097,0.042,0.002,0.002,0.571,0.064,0.0,0.031,0.711,0.0,0.134,0.26,0.068,0.094,0.053,0.006,0.081,0.029,0.704,0.01,0.205,0.023,0.275,0.0,0.129,0.023,0.061,0.093,0.002,0.039,0.016,0.307,0.078,0.617,0.006,0.219,0.031,0.0,0.15,0.397,0.037,0.278,0.4,0.204,0.455,0.044,0.0,0.003,0.322,0.207,0.171,0.291,0.115,0.387,0.045,0.074,0.002,0.0,0.017,0.006,0.276,0.319,0.362,0.572,0.134,0.314,0.19,0.0,0.007,0.507,0.078,0.001,0.815,0.0,0.517,0.01,0.043,0.001,0.63,0.002,0.011,0.01,0.002,0.002,0.18,0.268,0.004,0.001,0.391,0.147,0.57,0.0,0.517,0.386,0.635,0.002,0.001,0.0,0.018,0.016,0.074,0.003,0.625,0.151,0.0,0.0,0.012,0.357,0.021,0.022,0.017,0.005,0.531,0.438,0.313,0.004,0.097,0.029,0.036,0.588,0.219,0.333,0.002,0.011,0.421,0.078,0.0,0.628,0.039,0.01,0.493,0.0,0.197,0.422,0.014,0.0,0.537,0.005,0.0,0.036,0.629,0.221,0.506,0.762,0.014,0.263,0.182,0.059,0.084,0.125,0.111,0.309,0.0,0.659,0.15,0.155,0.348,0.268,0.725,0.0,0.0,0.019,0.59,0.007,0.002,0.017,0.0,0.125,0.36,0.179,0.187,0.009,0.658,0.0,0.351,0.391,0.438,0.752
2,0.721,0.182,1.0,0.075,0.0,0.439,0.079,0.026,0.163,0.016,0.016,0.08,0.604,0.913,0.132,0.0,0.149,0.096,0.0,0.0,0.005,0.021,0.585,0.27,0.0,0.014,0.094,0.345,0.0,0.095,0.045,0.0,0.406,0.526,0.024,0.29,0.312,0.044,0.486,0.28,0.067,0.0,0.162,0.279,0.036,0.0,0.554,0.01,0.004,0.03,0.0,0.03,0.104,0.025,0.385,0.177,0.038,0.04,0.002,0.005,0.657,0.01,0.125,0.036,0.067,0.85,0.017,0.285,0.0,0.0,0.024,0.012,0.452,0.734,0.01,0.043,0.223,0.029,0.008,0.0,0.052,0.016,0.684,0.023,0.014,0.245,0.481,0.013,0.574,0.0,0.002,0.081,0.004,0.021,0.084,0.0,0.05,0.0,0.148,0.0,0.114,0.0,0.001,0.001,0.017,0.0,0.695,0.667,0.027,0.0,0.074,0.054,0.219,0.0,0.076,0.638,0.09,0.0,0.013,0.0,0.0,0.168,0.015,0.033,0.2,0.45,0.005,0.0,0.085,0.683,0.005,0.0,0.012,0.002,0.065,0.043,0.028,0.002,0.004,0.214,0.178,0.046,0.658,0.497,0.037,0.068,0.201,0.686,0.0,0.182,0.232,0.0,0.074,0.0,0.003,0.143,0.002,0.0,0.139,0.056,0.0,0.144,0.219,0.632,0.047,0.049,0.004,0.012,0.434,0.332,0.459,0.588,0.017,0.065,0.0,0.078,0.01,0.56,0.039,0.036,0.162,0.0,0.0,0.0,0.424,0.001,0.004,0.001,0.001,0.565,0.07,0.01,0.621,0.006,0.039,0.0,0.622,0.016,0.031,0.108
3,0.047,0.367,0.075,1.0,0.041,0.057,0.588,0.17,0.002,0.341,0.348,0.494,0.017,0.088,0.001,0.075,0.562,0.478,0.0,0.0,0.246,0.484,0.013,0.007,0.004,0.0,0.653,0.005,0.0,0.0,0.502,0.006,0.029,0.268,0.108,0.021,0.002,0.0,0.028,0.003,0.53,0.002,0.502,0.006,0.361,0.001,0.018,0.04,0.057,0.131,0.055,0.107,0.0,0.216,0.004,0.653,0.001,0.419,0.104,0.0,0.034,0.313,0.002,0.431,0.553,0.04,0.364,0.004,0.06,0.002,0.369,0.31,0.024,0.108,0.175,0.748,0.001,0.047,0.0,0.0,0.002,0.0,0.057,0.321,0.399,0.603,0.017,0.231,0.05,0.0,0.01,0.51,0.271,0.0,0.339,0.0,0.527,0.006,0.004,0.001,0.518,0.0,0.02,0.01,0.0,0.0,0.104,0.138,0.001,0.025,0.571,0.216,0.346,0.0,0.443,0.16,0.422,0.081,0.0,0.0,0.017,0.003,0.144,0.0,0.68,0.019,0.0,0.0,0.001,0.128,0.058,0.027,0.038,0.001,0.385,0.485,0.41,0.001,0.212,0.001,0.007,0.459,0.05,0.198,0.0,0.001,0.559,0.041,0.002,0.522,0.003,0.017,0.413,0.0,0.14,0.621,0.069,0.004,0.897,0.0,0.0,0.002,0.508,0.061,0.473,0.425,0.027,0.357,0.075,0.007,0.003,0.015,0.195,0.697,0.0,0.539,0.272,0.057,0.449,0.401,0.434,0.007,0.031,0.021,0.147,0.001,0.007,0.021,0.0,0.123,0.521,0.18,0.046,0.008,0.258,0.001,0.283,0.416,0.357,0.555
4,0.0,0.0,0.0,0.041,1.0,0.0,0.037,0.068,0.0,0.059,0.061,0.038,0.0,0.0,0.0,0.489,0.02,0.025,0.13,0.152,0.072,0.054,0.0,0.0,0.0,0.0,0.029,0.0,0.0,0.0,0.016,0.002,0.0,0.001,0.244,0.001,0.0,0.0,0.0,0.0,0.014,0.129,0.042,0.0,0.069,0.0,0.0,0.421,0.441,0.221,0.554,0.209,0.0,0.041,0.0,0.021,0.0,0.082,0.048,0.0,0.0,0.044,0.0,0.088,0.051,0.0,0.033,0.0,0.227,0.0,0.034,0.072,0.0,0.0,0.063,0.051,0.0,0.339,0.018,0.323,0.0,0.0,0.0,0.068,0.019,0.036,0.0,0.055,0.0,0.037,0.018,0.033,0.012,0.0,0.018,0.0,0.033,0.304,0.0,0.0,0.03,0.151,0.143,0.015,0.0,0.221,0.0,0.0,0.0,0.605,0.062,0.214,0.003,0.0,0.057,0.0,0.018,0.174,0.0,0.112,0.207,0.0,0.156,0.001,0.03,0.0,0.0,0.069,0.0,0.0,0.045,0.036,0.445,0.301,0.019,0.046,0.056,0.181,0.086,0.0,0.0,0.015,0.0,0.0,0.0,0.0,0.018,0.0,0.029,0.013,0.0,0.478,0.009,0.184,0.04,0.047,0.061,0.0,0.032,0.0,0.185,0.0,0.013,0.0,0.032,0.005,0.423,0.065,0.0,0.0,0.0,0.0,0.085,0.051,0.0,0.009,0.042,0.0,0.038,0.091,0.005,0.0,0.24,0.091,0.0,0.026,0.454,0.177,0.0,0.0,0.04,0.062,0.0,0.184,0.024,0.0,0.001,0.046,0.048,0.02
5,0.433,0.158,0.439,0.057,0.0,1.0,0.1,0.008,0.155,0.059,0.085,0.122,0.377,0.482,0.119,0.0,0.124,0.144,0.0,0.001,0.043,0.064,0.409,0.136,0.0,0.031,0.111,0.164,0.0,0.088,0.082,0.0,0.2,0.13,0.026,0.627,0.233,0.032,0.166,0.287,0.109,0.007,0.089,0.28,0.083,0.0,0.313,0.044,0.02,0.005,0.0,0.007,0.125,0.112,0.24,0.162,0.048,0.072,0.003,0.009,0.312,0.084,0.191,0.069,0.11,0.465,0.06,0.15,0.0,0.0,0.086,0.054,0.266,0.34,0.059,0.071,0.206,0.122,0.047,0.0,0.031,0.046,0.364,0.084,0.048,0.187,0.369,0.109,0.34,0.0,0.0,0.125,0.006,0.031,0.18,0.0,0.142,0.006,0.186,0.0,0.118,0.005,0.002,0.0,0.009,0.008,0.199,0.287,0.032,0.0,0.103,0.062,0.126,0.0,0.115,0.198,0.149,0.0,0.009,0.001,0.009,0.185,0.008,0.017,0.13,0.253,0.011,0.001,0.118,0.307,0.0,0.001,0.038,0.003,0.11,0.107,0.053,0.0,0.044,0.196,0.172,0.098,0.345,0.27,0.058,0.032,0.137,0.229,0.0,0.16,0.175,0.005,0.062,0.0,0.045,0.143,0.0,0.0,0.099,0.069,0.003,0.261,0.179,0.332,0.105,0.116,0.0,0.044,0.181,0.203,0.3,0.286,0.057,0.048,0.0,0.089,0.028,0.307,0.058,0.074,0.192,0.0,0.0,0.0,0.37,0.0,0.015,0.002,0.006,0.142,0.101,0.06,0.259,0.003,0.094,0.0,0.241,0.081,0.092,0.136
6,0.072,0.556,0.079,0.588,0.037,0.1,1.0,0.209,0.006,0.449,0.49,0.612,0.033,0.115,0.001,0.042,0.906,0.58,0.0,0.0,0.221,0.779,0.036,0.005,0.003,0.0,0.704,0.014,0.0,0.0,0.793,0.0,0.04,0.213,0.257,0.057,0.003,0.001,0.019,0.011,0.707,0.01,0.27,0.009,0.38,0.0,0.033,0.108,0.117,0.193,0.04,0.153,0.002,0.255,0.014,0.907,0.0,0.448,0.073,0.0,0.047,0.489,0.003,0.527,0.676,0.055,0.49,0.006,0.05,0.001,0.537,0.415,0.045,0.135,0.143,0.783,0.002,0.173,0.0,0.0,0.001,0.0,0.094,0.486,0.346,0.87,0.026,0.229,0.076,0.0,0.013,0.622,0.147,0.0,0.604,0.0,0.75,0.014,0.003,0.0,0.789,0.0,0.01,0.003,0.0,0.0,0.086,0.145,0.001,0.027,0.689,0.427,0.351,0.0,0.822,0.231,0.882,0.056,0.0,0.0,0.014,0.004,0.229,0.0,0.682,0.041,0.0,0.001,0.001,0.147,0.041,0.016,0.102,0.003,0.381,0.712,0.465,0.0,0.184,0.003,0.011,0.942,0.076,0.242,0.0,0.0,0.541,0.025,0.003,0.863,0.001,0.018,0.696,0.0,0.155,0.725,0.037,0.0,0.662,0.0,0.0,0.005,0.804,0.074,0.678,0.694,0.036,0.447,0.103,0.006,0.023,0.031,0.224,0.489,0.0,0.6,0.135,0.049,0.542,0.518,0.819,0.003,0.022,0.028,0.27,0.002,0.009,0.031,0.0,0.086,0.804,0.199,0.058,0.029,0.374,0.0,0.299,0.832,0.523,0.933
7,0.004,0.091,0.026,0.17,0.068,0.008,0.209,1.0,0.0,0.42,0.25,0.252,0.0,0.014,0.0,0.131,0.233,0.143,0.0,0.0,0.211,0.193,0.0,0.0,0.008,0.0,0.23,0.002,0.0,0.0,0.21,0.009,0.003,0.04,0.45,0.0,0.0,0.0,0.0,0.0,0.243,0.014,0.048,0.0,0.3,0.0,0.002,0.086,0.162,0.597,0.127,0.636,0.0,0.129,0.001,0.182,0.0,0.252,0.787,0.0,0.005,0.265,0.001,0.412,0.321,0.013,0.241,0.0,0.145,0.004,0.31,0.377,0.001,0.012,0.218,0.22,0.001,0.054,0.0,0.0,0.0,0.0,0.007,0.338,0.242,0.127,0.001,0.101,0.006,0.001,0.08,0.168,0.255,0.0,0.128,0.0,0.191,0.009,0.0,0.004,0.241,0.0,0.092,0.044,0.0,0.0,0.01,0.047,0.0,0.084,0.325,0.472,0.067,0.0,0.322,0.015,0.226,0.193,0.0,0.0,0.035,0.0,0.824,0.0,0.172,0.001,0.0,0.005,0.0,0.022,0.539,0.232,0.087,0.003,0.186,0.271,0.407,0.011,0.206,0.0,0.0,0.229,0.004,0.017,0.0,0.0,0.058,0.009,0.0,0.17,0.0,0.035,0.088,0.0,0.138,0.211,0.551,0.006,0.176,0.0,0.0,0.0,0.101,0.004,0.218,0.192,0.158,0.415,0.007,0.0,0.0,0.002,0.284,0.217,0.0,0.219,0.201,0.005,0.469,0.384,0.112,0.013,0.032,0.032,0.03,0.044,0.004,0.055,0.0,0.081,0.336,0.209,0.009,0.029,0.124,0.0,0.033,0.279,0.308,0.13
8,0.339,0.039,0.163,0.002,0.0,0.155,0.006,0.0,1.0,0.001,0.002,0.004,0.7,0.188,0.799,0.0,0.015,0.012,0.0,0.0,0.0,0.0,0.693,0.691,0.0,0.329,0.003,0.387,0.0,0.777,0.001,0.0,0.16,0.097,0.0,0.231,0.902,0.667,0.441,0.762,0.005,0.0,0.001,0.753,0.0,0.0,0.664,0.001,0.001,0.0,0.0,0.0,0.73,0.004,0.764,0.006,0.274,0.002,0.0,0.177,0.299,0.002,0.761,0.003,0.005,0.38,0.004,0.807,0.0,0.0,0.004,0.0,0.446,0.155,0.0,0.001,0.961,0.019,0.099,0.0,0.209,0.489,0.249,0.003,0.0,0.015,0.56,0.004,0.226,0.0,0.0,0.003,0.0,0.463,0.068,0.004,0.003,0.001,0.878,0.0,0.02,0.0,0.001,0.0,0.409,0.004,0.172,0.051,0.428,0.0,0.004,0.0,0.123,0.0,0.003,0.096,0.005,0.0,0.37,0.0,0.001,0.768,0.0,0.497,0.011,0.449,0.16,0.0,0.824,0.139,0.0,0.0,0.0,0.001,0.012,0.003,0.001,0.0,0.0,0.906,0.385,0.004,0.379,0.064,0.612,0.806,0.011,0.291,0.0,0.015,0.937,0.001,0.022,0.0,0.002,0.004,0.0,0.0,0.003,0.617,0.001,0.716,0.025,0.233,0.001,0.007,0.0,0.001,0.152,0.825,0.758,0.591,0.002,0.0,0.022,0.008,0.0,0.301,0.0,0.001,0.03,0.0,0.0,0.0,0.249,0.0,0.001,0.001,0.142,0.049,0.001,0.0,0.359,0.0,0.012,0.0,0.047,0.001,0.002,0.011
9,0.005,0.259,0.016,0.341,0.059,0.059,0.449,0.42,0.001,1.0,0.864,0.706,0.005,0.012,0.0,0.055,0.388,0.479,0.0,0.0,0.616,0.568,0.001,0.0,0.033,0.0,0.66,0.0,0.0,0.0,0.618,0.013,0.003,0.032,0.324,0.031,0.0,0.0,0.002,0.001,0.596,0.021,0.161,0.002,0.811,0.0,0.002,0.092,0.16,0.288,0.053,0.194,0.001,0.472,0.002,0.401,0.0,0.758,0.334,0.0,0.002,0.8,0.001,0.911,0.795,0.006,0.744,0.0,0.06,0.008,0.943,0.936,0.006,0.024,0.673,0.545,0.0,0.083,0.0,0.0,0.001,0.0,0.009,0.954,0.751,0.284,0.005,0.492,0.005,0.003,0.059,0.664,0.492,0.0,0.281,0.0,0.701,0.023,0.002,0.018,0.37,0.0,0.045,0.055,0.0,0.001,0.012,0.025,0.0,0.045,0.815,0.462,0.097,0.0,0.651,0.03,0.511,0.094,0.0,0.0,0.045,0.0,0.481,0.0,0.482,0.007,0.0,0.005,0.001,0.022,0.26,0.108,0.098,0.001,0.463,0.777,0.832,0.007,0.707,0.0,0.004,0.457,0.003,0.034,0.0,0.0,0.188,0.002,0.002,0.32,0.0,0.037,0.18,0.0,0.502,0.496,0.281,0.02,0.405,0.0,0.0,0.001,0.205,0.008,0.776,0.538,0.076,1.0,0.008,0.003,0.001,0.007,0.761,0.549,0.0,0.564,0.567,0.006,0.9,0.904,0.253,0.016,0.031,0.056,0.071,0.025,0.003,0.056,0.0,0.031,0.721,0.774,0.007,0.022,0.344,0.003,0.064,0.645,0.801,0.36
10,0.019,0.307,0.016,0.348,0.061,0.085,0.49,0.25,0.002,0.864,1.0,0.759,0.008,0.016,0.0,0.055,0.365,0.495,0.0,0.0,0.534,0.714,0.007,0.0,0.012,0.0,0.66,0.002,0.0,0.0,0.598,0.006,0.007,0.044,0.278,0.023,0.002,0.001,0.004,0.002,0.582,0.024,0.169,0.002,0.737,0.0,0.007,0.121,0.12,0.195,0.043,0.127,0.002,0.53,0.002,0.433,0.0,0.864,0.183,0.0,0.005,0.872,0.001,0.821,0.788,0.013,0.715,0.0,0.08,0.005,0.937,0.912,0.005,0.024,0.798,0.518,0.002,0.089,0.0,0.0,0.0,0.0,0.023,0.921,0.763,0.358,0.01,0.545,0.016,0.001,0.028,0.795,0.366,0.0,0.302,0.0,0.824,0.025,0.005,0.005,0.365,0.0,0.016,0.036,0.0,0.0,0.018,0.026,0.0,0.071,0.786,0.406,0.116,0.0,0.563,0.038,0.483,0.08,0.0,0.0,0.032,0.001,0.286,0.0,0.431,0.009,0.0,0.007,0.0,0.042,0.168,0.079,0.125,0.006,0.425,0.884,0.619,0.003,0.798,0.001,0.008,0.496,0.008,0.057,0.0,0.0,0.254,0.002,0.002,0.359,0.001,0.036,0.246,0.0,0.558,0.611,0.153,0.009,0.383,0.0,0.0,0.002,0.264,0.016,0.884,0.52,0.068,0.858,0.012,0.0,0.004,0.007,0.747,0.463,0.0,0.542,0.403,0.016,0.655,0.831,0.291,0.006,0.036,0.043,0.107,0.009,0.014,0.041,0.0,0.011,0.714,0.764,0.017,0.027,0.312,0.001,0.077,0.66,0.744,0.417
11,0.049,0.572,0.08,0.494,0.038,0.122,0.612,0.252,0.004,0.706,0.759,1.0,0.024,0.087,0.004,0.05,0.517,0.874,0.005,0.002,0.579,0.521,0.018,0.0,0.019,0.0,0.919,0.005,0.0,0.0,0.765,0.006,0.012,0.099,0.199,0.056,0.004,0.0,0.007,0.006,0.87,0.05,0.292,0.008,0.841,0.0,0.014,0.059,0.168,0.207,0.036,0.143,0.001,0.71,0.005,0.629,0.002,0.689,0.143,0.0,0.029,0.812,0.004,0.742,0.862,0.064,0.884,0.0,0.038,0.002,0.8,0.672,0.017,0.078,0.524,0.691,0.012,0.076,0.001,0.001,0.0,0.0,0.042,0.762,0.778,0.57,0.015,0.692,0.022,0.009,0.037,0.919,0.337,0.0,0.442,0.0,0.894,0.035,0.008,0.004,0.464,0.005,0.038,0.033,0.0,0.012,0.043,0.113,0.0,0.047,0.853,0.333,0.183,0.0,0.707,0.098,0.674,0.062,0.0,0.006,0.062,0.004,0.257,0.001,0.829,0.016,0.0,0.013,0.004,0.102,0.16,0.09,0.06,0.019,0.799,0.819,0.787,0.019,0.488,0.004,0.006,0.516,0.035,0.1,0.0,0.0,0.365,0.013,0.003,0.458,0.002,0.059,0.277,0.007,0.57,0.719,0.082,0.007,0.706,0.0,0.004,0.008,0.38,0.032,0.886,0.743,0.062,0.713,0.031,0.001,0.014,0.011,0.504,0.669,0.0,0.908,0.578,0.021,0.758,0.787,0.401,0.004,0.032,0.073,0.233,0.024,0.0,0.054,0.0,0.066,0.74,0.596,0.025,0.044,0.575,0.004,0.152,0.594,0.896,0.573
12,0.829,0.133,0.604,0.017,0.0,0.377,0.033,0.0,0.7,0.005,0.008,0.024,1.0,0.657,0.522,0.0,0.058,0.042,0.0,0.0,0.004,0.004,0.926,0.657,0.0,0.109,0.019,0.502,0.0,0.467,0.023,0.0,0.436,0.199,0.002,0.454,0.752,0.244,0.641,0.595,0.026,0.002,0.026,0.58,0.007,0.0,0.922,0.004,0.002,0.001,0.0,0.001,0.416,0.011,0.865,0.058,0.148,0.006,0.001,0.054,0.74,0.006,0.439,0.006,0.022,0.895,0.006,0.696,0.0,0.0,0.005,0.006,0.768,0.533,0.005,0.014,0.685,0.042,0.065,0.0,0.201,0.171,0.666,0.008,0.006,0.085,0.86,0.011,0.587,0.0,0.0,0.031,0.0,0.153,0.098,0.001,0.022,0.0,0.588,0.0,0.059,0.0,0.0,0.0,0.158,0.0,0.445,0.327,0.184,0.0,0.022,0.01,0.179,0.0,0.026,0.412,0.046,0.0,0.097,0.0,0.0,0.497,0.0,0.19,0.066,0.787,0.058,0.0,0.421,0.539,0.0,0.0,0.005,0.0,0.037,0.021,0.005,0.0,0.003,0.592,0.368,0.031,0.736,0.262,0.252,0.357,0.071,0.54,0.0,0.078,0.724,0.0,0.053,0.0,0.003,0.041,0.0,0.0,0.034,0.295,0.0,0.479,0.103,0.597,0.021,0.032,0.0,0.005,0.361,0.792,0.9,0.879,0.004,0.011,0.003,0.026,0.004,0.585,0.003,0.009,0.122,0.0,0.0,0.0,0.518,0.0,0.001,0.0,0.029,0.202,0.04,0.003,0.693,0.0,0.06,0.0,0.235,0.014,0.016,0.051
13,0.853,0.245,0.913,0.088,0.0,0.482,0.115,0.014,0.188,0.012,0.016,0.087,0.657,1.0,0.125,0.0,0.194,0.122,0.0,0.0,0.008,0.024,0.599,0.245,0.0,0.006,0.106,0.292,0.0,0.09,0.071,0.0,0.375,0.375,0.019,0.355,0.252,0.03,0.381,0.233,0.107,0.0,0.144,0.236,0.042,0.0,0.57,0.011,0.01,0.022,0.0,0.036,0.094,0.031,0.397,0.18,0.04,0.04,0.005,0.005,0.625,0.03,0.142,0.047,0.08,0.888,0.033,0.229,0.0,0.0,0.027,0.013,0.522,0.731,0.005,0.082,0.241,0.035,0.014,0.0,0.05,0.027,0.648,0.024,0.03,0.269,0.527,0.03,0.539,0.0,0.0,0.083,0.009,0.02,0.134,0.0,0.064,0.0,0.18,0.0,0.128,0.0,0.001,0.001,0.011,0.001,0.533,0.812,0.022,0.0,0.082,0.043,0.202,0.0,0.094,0.635,0.143,0.0,0.016,0.0,0.001,0.131,0.018,0.014,0.22,0.539,0.003,0.0,0.083,0.679,0.002,0.004,0.011,0.003,0.116,0.057,0.026,0.0,0.006,0.214,0.165,0.051,0.607,0.44,0.048,0.057,0.201,0.483,0.0,0.192,0.231,0.001,0.098,0.0,0.009,0.171,0.002,0.0,0.175,0.041,0.0,0.146,0.248,0.617,0.061,0.076,0.001,0.017,0.363,0.276,0.455,0.528,0.02,0.074,0.0,0.085,0.01,0.494,0.052,0.044,0.202,0.001,0.0,0.002,0.48,0.002,0.004,0.002,0.002,0.437,0.087,0.01,0.517,0.009,0.064,0.0,0.58,0.032,0.038,0.156
14,0.328,0.029,0.132,0.001,0.0,0.119,0.001,0.0,0.799,0.0,0.0,0.004,0.522,0.125,1.0,0.0,0.005,0.01,0.002,0.001,0.006,0.0,0.474,0.638,0.0,0.428,0.002,0.476,0.001,0.887,0.001,0.0,0.138,0.032,0.0,0.303,0.709,0.703,0.256,0.682,0.003,0.0,0.001,0.668,0.002,0.0,0.455,0.002,0.004,0.002,0.0,0.0,0.741,0.001,0.599,0.006,0.441,0.001,0.0,0.175,0.218,0.001,0.788,0.001,0.002,0.29,0.002,0.639,0.0,0.0,0.002,0.001,0.456,0.096,0.0,0.0,0.859,0.024,0.091,0.0,0.349,0.609,0.185,0.004,0.001,0.007,0.613,0.001,0.162,0.0,0.0,0.004,0.0,0.543,0.042,0.005,0.001,0.002,0.919,0.0,0.01,0.001,0.002,0.0,0.544,0.001,0.084,0.049,0.468,0.0,0.004,0.001,0.056,0.0,0.006,0.057,0.003,0.0,0.488,0.0,0.002,0.838,0.0,0.571,0.007,0.465,0.173,0.0,0.763,0.092,0.0,0.0,0.001,0.001,0.01,0.004,0.001,0.001,0.0,0.751,0.644,0.002,0.21,0.035,0.745,0.715,0.004,0.142,0.0,0.011,0.749,0.001,0.011,0.0,0.001,0.007,0.0,0.0,0.002,0.724,0.001,0.653,0.013,0.165,0.002,0.003,0.0,0.0,0.068,0.501,0.649,0.404,0.001,0.003,0.049,0.003,0.001,0.142,0.002,0.002,0.02,0.0,0.0,0.001,0.175,0.0,0.002,0.003,0.139,0.025,0.003,0.001,0.237,0.0,0.011,0.0,0.024,0.0,0.002,0.004
15,0.0,0.002,0.0,0.075,0.489,0.0,0.042,0.131,0.0,0.055,0.055,0.05,0.0,0.0,0.0,1.0,0.03,0.031,0.014,0.027,0.032,0.051,0.0,0.0,0.0,0.0,0.053,0.0,0.0,0.0,0.018,0.003,0.0,0.001,0.304,0.002,0.0,0.0,0.0,0.0,0.033,0.034,0.047,0.0,0.049,0.0,0.0,0.182,0.126,0.237,0.985,0.257,0.0,0.025,0.0,0.037,0.0,0.062,0.094,0.0,0.0,0.048,0.0,0.062,0.062,0.0,0.04,0.0,0.611,0.0,0.049,0.08,0.0,0.0,0.021,0.07,0.0,0.213,0.0,0.049,0.0,0.0,0.0,0.05,0.023,0.049,0.0,0.028,0.0,0.004,0.026,0.034,0.018,0.0,0.01,0.0,0.05,0.065,0.0,0.0,0.04,0.021,0.051,0.008,0.0,0.048,0.0,0.0,0.0,0.272,0.059,0.224,0.003,0.0,0.059,0.0,0.056,0.609,0.0,0.023,0.04,0.0,0.225,0.0,0.046,0.0,0.0,0.011,0.0,0.0,0.081,0.037,0.193,0.042,0.024,0.049,0.047,0.026,0.046,0.0,0.0,0.043,0.0,0.0,0.0,0.0,0.023,0.0,0.007,0.025,0.0,0.104,0.018,0.015,0.018,0.046,0.102,0.0,0.043,0.0,0.032,0.0,0.014,0.0,0.038,0.006,0.144,0.058,0.0,0.0,0.0,0.0,0.046,0.056,0.0,0.017,0.028,0.0,0.07,0.065,0.006,0.003,0.098,0.03,0.0,0.013,0.128,0.067,0.0,0.0,0.073,0.03,0.0,0.043,0.017,0.0,0.002,0.079,0.049,0.018
16,0.11,0.654,0.149,0.562,0.02,0.124,0.906,0.233,0.015,0.388,0.365,0.517,0.058,0.194,0.005,0.03,1.0,0.503,0.0,0.0,0.185,0.599,0.037,0.026,0.001,0.0,0.569,0.023,0.0,0.004,0.684,0.0,0.093,0.378,0.234,0.069,0.015,0.002,0.064,0.018,0.607,0.004,0.305,0.017,0.275,0.0,0.065,0.092,0.105,0.184,0.032,0.181,0.007,0.183,0.025,0.837,0.002,0.36,0.086,0.0,0.112,0.4,0.003,0.44,0.556,0.113,0.384,0.015,0.02,0.0,0.443,0.317,0.07,0.225,0.114,0.568,0.014,0.163,0.0,0.0,0.013,0.0,0.165,0.438,0.292,0.822,0.066,0.197,0.142,0.0,0.009,0.505,0.122,0.0,0.686,0.0,0.561,0.015,0.013,0.0,0.925,0.0,0.013,0.002,0.001,0.0,0.187,0.18,0.001,0.011,0.564,0.396,0.58,0.0,0.771,0.332,0.837,0.051,0.0,0.0,0.004,0.007,0.173,0.001,0.663,0.07,0.0,0.0,0.003,0.28,0.049,0.021,0.081,0.001,0.398,0.591,0.383,0.001,0.126,0.007,0.019,0.902,0.14,0.425,0.001,0.003,0.609,0.081,0.001,0.968,0.016,0.02,0.781,0.0,0.129,0.565,0.044,0.0,0.632,0.002,0.0,0.015,0.891,0.131,0.511,0.619,0.033,0.362,0.198,0.024,0.045,0.061,0.205,0.388,0.0,0.528,0.122,0.124,0.493,0.465,0.895,0.001,0.017,0.023,0.35,0.002,0.003,0.024,0.0,0.138,0.634,0.138,0.111,0.021,0.393,0.0,0.452,0.666,0.465,0.907
17,0.098,0.686,0.096,0.478,0.025,0.144,0.58,0.143,0.012,0.479,0.495,0.874,0.042,0.122,0.01,0.031,0.503,1.0,0.007,0.008,0.467,0.425,0.039,0.007,0.012,0.001,0.814,0.021,0.0,0.002,0.776,0.001,0.024,0.093,0.128,0.07,0.011,0.0,0.008,0.023,0.91,0.048,0.337,0.013,0.61,0.0,0.031,0.04,0.145,0.144,0.032,0.092,0.003,0.633,0.021,0.64,0.001,0.459,0.089,0.0,0.033,0.578,0.017,0.519,0.654,0.088,0.755,0.007,0.018,0.003,0.591,0.425,0.04,0.109,0.268,0.621,0.012,0.093,0.005,0.003,0.0,0.001,0.086,0.503,0.635,0.595,0.045,0.621,0.039,0.013,0.027,0.756,0.256,0.0,0.543,0.0,0.73,0.048,0.018,0.001,0.489,0.012,0.049,0.035,0.0,0.023,0.067,0.165,0.0,0.023,0.675,0.21,0.22,0.0,0.633,0.125,0.652,0.022,0.0,0.004,0.075,0.008,0.171,0.002,0.894,0.047,0.0,0.012,0.004,0.123,0.073,0.063,0.04,0.02,0.93,0.632,0.623,0.027,0.218,0.005,0.018,0.521,0.064,0.139,0.0,0.0,0.313,0.019,0.0,0.465,0.005,0.06,0.273,0.007,0.45,0.66,0.043,0.003,0.685,0.0,0.009,0.021,0.397,0.06,0.762,0.836,0.071,0.488,0.036,0.012,0.023,0.036,0.288,0.617,0.0,0.92,0.481,0.03,0.579,0.5,0.432,0.008,0.021,0.053,0.324,0.022,0.013,0.044,0.0,0.098,0.615,0.369,0.048,0.048,0.7,0.0,0.149,0.49,0.693,0.594
18,0.0,0.0,0.0,0.0,0.13,0.0,0.0,0.0,0.0,0.0,0.0,0.005,0.0,0.0,0.002,0.014,0.0,0.007,1.0,0.765,0.038,0.0,0.0,0.001,0.035,0.003,0.0,0.0,0.0,0.0,0.0,0.0,0.0,0.0,0.05,0.002,0.0,0.001,0.0,0.0,0.001,0.467,0.0,0.0,0.003,0.023,0.0,0.16,0.248,0.035,0.028,0.019,0.0,0.039,0.0,0.0,0.0,0.0,0.0,0.004,0.0,0.0,0.001,0.0,0.0,0.0,0.008,0.0,0.057,0.058,0.0,0.0,0.0,0.0,0.002,0.0,0.0,0.119,0.033,0.145,0.0,0.0,0.0,0.0,0.0,0.0,0.0,0.039,0.0,0.497,0.011,0.0,0.0,0.0,0.009,0.0,0.0,0.56,0.0,0.007,0.005,0.52,0.413,0.062,0.0,0.734,0.001,0.0,0.0,0.187,0.0,0.03,0.001,0.0,0.0,0.0,0.0,0.026,0.0,0.783,0.495,0.0,0.004,0.0,0.003,0.0,0.002,0.398,0.0,0.0,0.005,0.068,0.157,0.531,0.011,0.0,0.007,0.664,0.0,0.0,0.0,0.0,0.0,0.0,0.0,0.0,0.0,0.0,0.128,0.0,0.001,0.53,0.0,0.687,0.037,0.0,0.0,0.011,0.0,0.001,0.787,0.004,0.0,0.001,0.0,0.0,0.237,0.0,0.0,0.0,0.0,0.0,0.0,0.0,0.0,0.0,0.015,0.0,0.0,0.0,0.0,0.081,0.421,0.498,0.001,0.098,0.179,0.59,0.0,0.0,0.0,0.007,0.0,0.352,0.032,0.124,0.0,0.0,0.001,0.0
19,0.0,0.001,0.0,0.0,0.152,0.001,0.0,0.0,0.0,0.0,0.0,0.002,0.0,0.0,0.001,0.027,0.0,0.008,0.765,1.0,0.045,0.0,0.0,0.0,0.025,0.002,0.0,0.0,0.0,0.001,0.0,0.0,0.0,0.0,0.089,0.005,0.001,0.0,0.0,0.001,0.004,0.437,0.0,0.0,0.009,0.015,0.0,0.212,0.27,0.024,0.042,0.022,0.002,0.058,0.0,0.0,0.005,0.0,0.0,0.003,0.0,0.001,0.001,0.0,0.0,0.0,0.007,0.0,0.058,0.04,0.0,0.0,0.0,0.0,0.003,0.0,0.0,0.199,0.038,0.285,0.0,0.001,0.0,0.0,0.0,0.0,0.001,0.041,0.0,0.413,0.009,0.0,0.0,0.001,0.016,0.0,0.0,0.634,0.003,0.003,0.002,0.428,0.302,0.031,0.0,0.838,0.0,0.0,0.001,0.202,0.0,0.028,0.004,0.0,0.0,0.0,0.0,0.034,0.001,0.818,0.502,0.002,0.005,0.002,0.0,0.0,0.005,0.328,0.0,0.0,0.004,0.043,0.202,0.819,0.015,0.0,0.005,0.749,0.001,0.001,0.001,0.0,0.0,0.001,0.001,0.002,0.0,0.0,0.08,0.0,0.001,0.584,0.0,0.656,0.034,0.0,0.0,0.005,0.0,0.0,0.897,0.001,0.0,0.0,0.0,0.002,0.262,0.0,0.001,0.0,0.0,0.0,0.0,0.0,0.0,0.004,0.008,0.0,0.0,0.0,0.001,0.06,0.539,0.567,0.002,0.06,0.316,0.645,0.002,0.0,0.0,0.005,0.0,0.519,0.042,0.06,0.0,0.0,0.012,0.0
20,0.001,0.237,0.005,0.246,0.072,0.043,0.221,0.211,0.0,0.616,0.534,0.579,0.004,0.008,0.006,0.032,0.185,0.467,0.038,0.045,1.0,0.254,0.002,0.001,0.121,0.001,0.405,0.001,0.0,0.0,0.427,0.016,0.004,0.012,0.128,0.018,0.002,0.0,0.002,0.002,0.519,0.293,0.103,0.001,0.822,0.0,0.003,0.069,0.348,0.237,0.038,0.127,0.001,0.797,0.0,0.192,0.003,0.451,0.22,0.0,0.0,0.714,0.003,0.605,0.447,0.003,0.787,0.001,0.021,0.025,0.576,0.502,0.003,0.007,0.607,0.26,0.0,0.055,0.002,0.003,0.0,0.0,0.006,0.592,0.556,0.149,0.002,0.819,0.004,0.113,0.077,0.415,0.367,0.0,0.268,0.0,0.433,0.2,0.003,0.023,0.262,0.092,0.167,0.163,0.0,0.08,0.001,0.008,0.0,0.105,0.418,0.17,0.062,0.0,0.36,0.008,0.279,0.038,0.0,0.026,0.333,0.002,0.287,0.0,0.397,0.004,0.0,0.164,0.003,0.011,0.332,0.345,0.055,0.051,0.633,0.375,0.816,0.123,0.482,0.002,0.003,0.231,0.006,0.022,0.0,0.0,0.08,0.001,0.005,0.174,0.0,0.207,0.065,0.053,0.84,0.248,0.193,0.041,0.264,0.0,0.071,0.009,0.101,0.003,0.463,0.443,0.199,0.605,0.003,0.0,0.0,0.001,0.569,0.344,0.0,0.555,0.763,0.002,0.616,0.577,0.134,0.035,0.089,0.214,0.057,0.145,0.011,0.177,0.0,0.012,0.305,0.709,0.0,0.116,0.54,0.019,0.022,0.276,0.78,0.191
21,0.02,0.318,0.021,0.484,0.054,0.064,0.779,0.193,0.0,0.568,0.714,0.521,0.004,0.024,0.0,0.051,0.599,0.425,0.0,0.0,0.254,1.0,0.003,0.001,0.002,0.0,0.534,0.002,0.0,0.0,0.612,0.002,0.009,0.106,0.199,0.023,0.001,0.0,0.006,0.002,0.54,0.009,0.222,0.0,0.404,0.001,0.005,0.112,0.111,0.198,0.056,0.127,0.0,0.279,0.0,0.629,0.0,0.612,0.085,0.0,0.009,0.544,0.001,0.629,0.689,0.014,0.446,0.001,0.069,0.002,0.642,0.6,0.022,0.047,0.334,0.649,0.0,0.115,0.0,0.0,0.001,0.0,0.03,0.646,0.415,0.572,0.002,0.261,0.024,0.0,0.006,0.601,0.205,0.0,0.347,0.0,0.742,0.007,0.0,0.001,0.535,0.0,0.011,0.005,0.0,0.0,0.017,0.027,0.0,0.05,0.67,0.431,0.206,0.0,0.622,0.084,0.631,0.084,0.0,0.0,0.02,0.002,0.234,0.0,0.438,0.018,0.0,0.002,0.0,0.054,0.046,0.016,0.124,0.004,0.297,0.826,0.425,0.001,0.395,0.001,0.001,0.725,0.022,0.113,0.0,0.002,0.387,0.003,0.004,0.527,0.001,0.023,0.592,0.0,0.217,0.603,0.064,0.0,0.463,0.0,0.0,0.002,0.489,0.013,0.636,0.485,0.036,0.56,0.046,0.0,0.005,0.009,0.413,0.398,0.0,0.453,0.175,0.015,0.472,0.582,0.526,0.0,0.023,0.024,0.11,0.001,0.014,0.024,0.0,0.02,0.709,0.359,0.016,0.015,0.275,0.0,0.136,0.818,0.506,0.636
22,0.676,0.097,0.585,0.013,0.0,0.409,0.036,0.0,0.693,0.001,0.007,0.018,0.926,0.599,0.474,0.0,0.037,0.039,0.0,0.0,0.002,0.003,1.0,0.592,0.0,0.11,0.028,0.474,0.0,0.424,0.03,0.0,0.309,0.196,0.001,0.35,0.704,0.228,0.61,0.688,0.032,0.0,0.036,0.655,0.008,0.0,0.841,0.003,0.0,0.001,0.0,0.007,0.378,0.014,0.803,0.045,0.121,0.005,0.0,0.031,0.588,0.007,0.499,0.002,0.014,0.824,0.003,0.631,0.0,0.0,0.003,0.0,0.593,0.396,0.002,0.012,0.701,0.023,0.048,0.0,0.13,0.166,0.535,0.005,0.001,0.055,0.741,0.009,0.508,0.0,0.0,0.024,0.0,0.123,0.093,0.0,0.014,0.0,0.558,0.0,0.045,0.0,0.0,0.0,0.113,0.001,0.426,0.275,0.169,0.0,0.012,0.009,0.162,0.0,0.012,0.315,0.044,0.0,0.093,0.0,0.001,0.445,0.001,0.153,0.074,0.57,0.05,0.0,0.44,0.378,0.0,0.0,0.003,0.0,0.032,0.014,0.005,0.0,0.002,0.617,0.336,0.029,0.653,0.205,0.233,0.341,0.051,0.599,0.0,0.068,0.713,0.002,0.021,0.0,0.004,0.042,0.0,0.0,0.023,0.254,0.0,0.432,0.08,0.503,0.02,0.029,0.0,0.001,0.303,0.787,0.851,0.819,0.013,0.008,0.002,0.016,0.001,0.544,0.006,0.003,0.082,0.0,0.0,0.0,0.479,0.0,0.002,0.0,0.025,0.203,0.014,0.002,0.605,0.005,0.033,0.0,0.22,0.011,0.017,0.038
23,0.509,0.042,0.27,0.007,0.0,0.136,0.005,0.0,0.691,0.0,0.0,0.0,0.657,0.245,0.638,0.0,0.026,0.007,0.001,0.0,0.001,0.001,0.592,1.0,0.0,0.154,0.001,0.591,0.0,0.719,0.004,0.0,0.557,0.149,0.0,0.226,0.802,0.442,0.691,0.545,0.004,0.0,0.0,0.551,0.0,0.0,0.776,0.002,0.0,0.0,0.0,0.001,0.458,0.002,0.936,0.008,0.149,0.0,0.0,0.092,0.61,0.001,0.42,0.001,0.004,0.46,0.001,0.95,0.0,0.0,0.0,0.001,0.698,0.37,0.0,0.0,0.688,0.019,0.054,0.0,0.57,0.25,0.54,0.0,0.001,0.023,0.737,0.001,0.541,0.0,0.0,0.002,0.0,0.235,0.057,0.0,0.001,0.0,0.557,0.0,0.024,0.0,0.0,0.0,0.333,0.002,0.307,0.069,0.234,0.0,0.003,0.002,0.138,0.001,0.001,0.223,0.005,0.0,0.335,0.0,0.001,0.583,0.0,0.275,0.009,0.743,0.069,0.0,0.463,0.347,0.0,0.0,0.001,0.0,0.004,0.006,0.001,0.0,0.001,0.694,0.35,0.005,0.599,0.222,0.365,0.615,0.017,0.376,0.0,0.024,0.836,0.0,0.023,0.0,0.0,0.002,0.0,0.0,0.006,0.384,0.0,0.346,0.05,0.505,0.004,0.005,0.0,0.001,0.42,0.825,0.818,0.766,0.0,0.001,0.007,0.002,0.0,0.521,0.0,0.003,0.043,0.001,0.0,0.0,0.257,0.0,0.001,0.0,0.07,0.066,0.002,0.0,0.646,0.0,0.012,0.0,0.13,0.001,0.003,0.011
24,0.0,0.002,0.0,0.004,0.0,0.0,0.003,0.008,0.0,0.033,0.012,0.019,0.0,0.0,0.0,0.0,0.001,0.012,0.035,0.025,0.121,0.002,0.0,0.0,1.0,0.0,0.011,0.0,0.0,0.0,0.006,0.002,0.0,0.0,0.0,0.0,0.0,0.0,0.0,0.0,0.019,0.103,0.0,0.0,0.047,0.011,0.0,0.0,0.012,0.0,0.0,0.0,0.0,0.036,0.0,0.0,0.0,0.014,0.057,0.0,0.0,0.03,0.001,0.021,0.007,0.0,0.043,0.0,0.0,0.473,0.02,0.023,0.0,0.0,0.033,0.01,0.0,0.0,0.0,0.0,0.0,0.0,0.0,0.021,0.04,0.0,0.0,0.043,0.0,0.16,0.685,0.004,0.03,0.0,0.006,0.0,0.004,0.073,0.0,0.073,0.003,0.062,0.077,0.781,0.0,0.038,0.0,0.0,0.0,0.024,0.015,0.0,0.0,0.0,0.004,0.0,0.001,0.0,0.0,0.053,0.077,0.0,0.003,0.0,0.006,0.0,0.0,0.152,0.0,0.0,0.156,0.217,0.0,0.012,0.04,0.009,0.059,0.071,0.019,0.0,0.0,0.0,0.0,0.0,0.0,0.0,0.0,0.0,0.004,0.0,0.0,0.049,0.0,0.054,0.088,0.004,0.131,0.073,0.001,0.0,0.034,0.0,0.0,0.0,0.012,0.008,0.011,0.04,0.0,0.0,0.0,0.0,0.031,0.013,0.0,0.015,0.128,0.0,0.033,0.017,0.0,0.629,0.069,0.195,0.0,0.15,0.0,0.139,0.0,0.0,0.017,0.049,0.0,0.058,0.036,0.098,0.0,0.003,0.035,0.001
25,0.041,0.002,0.014,0.0,0.0,0.031,0.0,0.0,0.329,0.0,0.0,0.0,0.109,0.006,0.428,0.0,0.0,0.001,0.003,0.002,0.001,0.0,0.11,0.154,0.0,1.0,0.0,0.092,0.011,0.396,0.0,0.0,0.03,0.004,0.0,0.101,0.265,0.736,0.036,0.27,0.0,0.002,0.0,0.274,0.002,0.001,0.082,0.001,0.0,0.0,0.0,0.0,0.444,0.001,0.123,0.0,0.769,0.0,0.0,0.63,0.033,0.0,0.634,0.0,0.0,0.045,0.0,0.187,0.0,0.0,0.0,0.0,0.108,0.016,0.0,0.0,0.362,0.002,0.043,0.0,0.113,0.918,0.028,0.0,0.0,0.0,0.146,0.001,0.022,0.001,0.0,0.0,0.0,0.939,0.002,0.054,0.0,0.0,0.455,0.0,0.004,0.0,0.0,0.0,0.681,0.002,0.009,0.002,0.722,0.0,0.0,0.0,0.004,0.007,0.0,0.001,0.0,0.0,0.613,0.001,0.004,0.433,0.0,0.879,0.001,0.094,0.643,0.0,0.562,0.005,0.0,0.0,0.0,0.001,0.0,0.0,0.0,0.001,0.0,0.35,0.217,0.001,0.035,0.002,0.765,0.446,0.0,0.027,0.001,0.0,0.278,0.0,0.0,0.0,0.0,0.0,0.0,0.0,0.0,0.749,0.002,0.538,0.001,0.012,0.0,0.0,0.001,0.0,0.006,0.156,0.154,0.062,0.0,0.0,0.356,0.0,0.0,0.014,0.0,0.0,0.0,0.0,0.0,0.0,0.017,0.0,0.0,0.0,0.428,0.006,0.0,0.0,0.038,0.0,0.002,0.001,0.002,0.0,0.001,0.0
26,0.056,0.571,0.094,0.653,0.029,0.111,0.704,0.23,0.003,0.66,0.66,0.919,0.019,0.106,0.002,0.053,0.569,0.814,0.0,0.0,0.405,0.534,0.028,0.001,0.011,0.0,1.0,0.004,0.0,0.0,0.766,0.003,0.033,0.091,0.223,0.061,0.003,0.0,0.013,0.009,0.85,0.015,0.455,0.006,0.675,0.0,0.021,0.061,0.09,0.178,0.033,0.106,0.001,0.456,0.008,0.779,0.0,0.692,0.108,0.0,0.039,0.65,0.0,0.688,0.908,0.069,0.727,0.007,0.043,0.001,0.746,0.609,0.024,0.095,0.367,0.832,0.005,0.075,0.0,0.0,0.0,0.0,0.083,0.65,0.72,0.698,0.024,0.479,0.04,0.0,0.024,0.928,0.321,0.0,0.435,0.0,0.908,0.012,0.004,0.002,0.478,0.0,0.026,0.02,0.0,0.0,0.046,0.162,0.0,0.028,0.88,0.311,0.16,0.0,0.742,0.127,0.718,0.055,0.0,0.0,0.019,0.0,0.222,0.0,0.889,0.023,0.0,0.003,0.003,0.105,0.096,0.052,0.062,0.004,0.662,0.832,0.666,0.002,0.387,0.003,0.008,0.57,0.051,0.12,0.0,0.001,0.433,0.017,0.003,0.571,0.001,0.017,0.271,0.0,0.396,0.876,0.071,0.004,0.844,0.0,0.0,0.007,0.479,0.048,0.889,0.745,0.041,0.638,0.038,0.006,0.018,0.02,0.415,0.842,0.0,0.862,0.424,0.031,0.709,0.697,0.462,0.006,0.019,0.027,0.213,0.003,0.003,0.028,0.0,0.09,0.822,0.419,0.031,0.02,0.465,0.002,0.201,0.623,0.724,0.614
27,0.531,0.064,0.345,0.005,0.0,0.164,0.014,0.002,0.387,0.0,0.002,0.005,0.502,0.292,0.476,0.0,0.023,0.021,0.0,0.0,0.001,0.002,0.474,0.591,0.0,0.092,0.004,1.0,0.0,0.478,0.009,0.0,0.322,0.125,0.0,0.279,0.431,0.215,0.382,0.499,0.007,0.002,0.015,0.468,0.002,0.0,0.5,0.002,0.0,0.0,0.0,0.004,0.347,0.003,0.577,0.018,0.135,0.001,0.0,0.028,0.374,0.004,0.337,0.004,0.003,0.4,0.0,0.554,0.0,0.0,0.001,0.0,0.618,0.348,0.001,0.005,0.486,0.015,0.023,0.0,0.413,0.156,0.384,0.003,0.001,0.03,0.659,0.004,0.299,0.0,0.001,0.009,0.0,0.123,0.051,0.0,0.004,0.0,0.431,0.0,0.019,0.0,0.0,0.0,0.178,0.0,0.278,0.139,0.123,0.0,0.003,0.001,0.111,0.0,0.003,0.203,0.012,0.0,0.168,0.0,0.0,0.34,0.0,0.147,0.017,0.593,0.032,0.0,0.283,0.284,0.0,0.0,0.0,0.0,0.012,0.003,0.001,0.0,0.0,0.347,0.617,0.011,0.351,0.157,0.197,0.324,0.028,0.317,0.0,0.032,0.411,0.0,0.029,0.0,0.0,0.013,0.0,0.0,0.017,0.284,0.001,0.206,0.054,0.301,0.01,0.008,0.0,0.001,0.207,0.437,0.607,0.542,0.003,0.002,0.002,0.008,0.001,0.324,0.001,0.006,0.049,0.0,0.0,0.0,0.223,0.0,0.0,0.0,0.016,0.25,0.004,0.002,0.493,0.001,0.015,0.0,0.118,0.006,0.002,0.021
28,0.0,0.0,0.0,0.0,0.0,0.0,0.0,0.0,0.0,0.0,0.0,0.0,0.0,0.0,0.001,0.0,0.0,0.0,0.0,0.0,0.0,0.0,0.0,0.0,0.0,0.011,0.0,0.0,1.0,0.0,0.0,0.0,0.001,0.0,0.0,0.0,0.0,0.003,0.0,0.0,0.0,0.0,0.0,0.0,0.0,0.003,0.0,0.0,0.0,0.0,0.0,0.0,0.003,0.0,0.0,0.0,0.036,0.0,0.0,0.017,0.0,0.0,0.002,0.0,0.0,0.0,0.0,0.0,0.0,0.0,0.0,0.0,0.0,0.0,0.0,0.0,0.0,0.0,0.0,0.0,0.0,0.014,0.0,0.0,0.0,0.0,0.0,0.0,0.0,0.0,0.0,0.0,0.0,0.005,0.0,0.41,0.0,0.0,0.001,0.0,0.0,0.0,0.0,0.0,0.023,0.0,0.0,0.0,0.019,0.0,0.0,0.0,0.0,0.767,0.0,0.0,0.0,0.0,0.023,0.0,0.0,0.0,0.0,0.006,0.0,0.0,0.009,0.0,0.001,0.0,0.0,0.0,0.0,0.0,0.0,0.0,0.0,0.0,0.0,0.0,0.001,0.0,0.0,0.0,0.002,0.0,0.0,0.0,0.0,0.0,0.0,0.0,0.0,0.0,0.0,0.0,0.0,0.0,0.0,0.006,0.0,0.0,0.0,0.0,0.0,0.0,0.0,0.0,0.0,0.0,0.0,0.0,0.0,0.0,0.25,0.0,0.0,0.0,0.0,0.0,0.0,0.0,0.0,0.0,0.0,0.0,0.0,0.0,0.02,0.0,0.0,0.0,0.0,0.0,0.0,0.007,0.0,0.0,0.0,0.0
29,0.269,0.031,0.095,0.0,0.0,0.088,0.0,0.0,0.777,0.0,0.0,0.0,0.467,0.09,0.887,0.0,0.004,0.002,0.0,0.001,0.0,0.0,0.424,0.719,0.0,0.396,0.0,0.478,0.0,1.0,0.002,0.0,0.191,0.04,0.001,0.176,0.691,0.726,0.326,0.583,0.001,0.001,0.001,0.586,0.0,0.0,0.469,0.0,0.0,0.0,0.0,0.0,0.568,0.001,0.682,0.0,0.358,0.002,0.0,0.142,0.256,0.001,0.708,0.0,0.0,0.237,0.0,0.766,0.0,0.0,0.0,0.0,0.404,0.107,0.001,0.0,0.825,0.022,0.107,0.0,0.571,0.569,0.209,0.001,0.0,0.006,0.54,0.001,0.19,0.0,0.0,0.001,0.0,0.506,0.046,0.002,0.003,0.001,0.826,0.0,0.006,0.0,0.0,0.0,0.622,0.002,0.089,0.036,0.428,0.0,0.0,0.0,0.052,0.0,0.0,0.075,0.0,0.0,0.616,0.0,0.0,0.74,0.0,0.574,0.004,0.437,0.138,0.0,0.637,0.118,0.0,0.0,0.0,0.0,0.003,0.0,0.0,0.0,0.0,0.732,0.444,0.003,0.296,0.043,0.62,0.883,0.001,0.14,0.0,0.003,0.756,0.0,0.007,0.0,0.001,0.0,0.0,0.0,0.0,0.669,0.0,0.53,0.011,0.204,0.0,0.003,0.0,0.001,0.11,0.661,0.628,0.435,0.0,0.0,0.038,0.002,0.0,0.224,0.0,0.0,0.013,0.0,0.0,0.0,0.137,0.0,0.0,0.0,0.145,0.024,0.0,0.0,0.313,0.0,0.013,0.0,0.015,0.001,0.001,0.004
30,0.057,0.711,0.045,0.502,0.016,0.082,0.793,0.21,0.001,0.618,0.598,0.765,0.023,0.071,0.001,0.018,0.684,0.776,0.0,0.0,0.427,0.612,0.03,0.004,0.006,0.0,0.766,0.009,0.0,0.002,1.0,0.002,0.031,0.104,0.221,0.052,0.007,0.0,0.011,0.003,0.952,0.012,0.232,0.005,0.524,0.0,0.021,0.06,0.083,0.185,0.017,0.124,0.001,0.444,0.011,0.741,0.0,0.437,0.11,0.0,0.032,0.692,0.004,0.591,0.671,0.04,0.773,0.002,0.025,0.006,0.684,0.523,0.028,0.088,0.247,0.706,0.006,0.101,0.0,0.0,0.001,0.0,0.064,0.63,0.672,0.614,0.026,0.435,0.058,0.0,0.008,0.726,0.279,0.0,0.609,0.0,0.776,0.008,0.009,0.003,0.666,0.0,0.023,0.014,0.0,0.0,0.047,0.09,0.0,0.021,0.686,0.327,0.277,0.0,0.795,0.147,0.826,0.031,0.0,0.0,0.018,0.0,0.266,0.0,0.72,0.043,0.0,0.003,0.001,0.118,0.093,0.04,0.061,0.0,0.67,0.731,0.64,0.004,0.231,0.001,0.004,0.805,0.038,0.144,0.0,0.0,0.381,0.012,0.0,0.657,0.008,0.019,0.482,0.0,0.346,0.612,0.06,0.001,0.625,0.0,0.0,0.006,0.533,0.043,0.838,0.931,0.024,0.63,0.031,0.002,0.006,0.017,0.278,0.518,0.0,0.86,0.326,0.026,0.673,0.588,0.618,0.003,0.01,0.039,0.253,0.006,0.008,0.032,0.0,0.034,0.7,0.352,0.042,0.017,0.589,0.001,0.164,0.769,0.74,0.791
31,0.0,0.0,0.0,0.006,0.002,0.0,0.0,0.009,0.0,0.013,0.006,0.006,0.0,0.0,0.0,0.003,0.0,0.001,0.0,0.0,0.016,0.002,0.0,0.0,0.002,0.0,0.003,0.0,0.0,0.0,0.002,1.0,0.0,0.0,0.001,0.0,0.0,0.0,0.0,0.0,0.002,0.004,0.0,0.0,0.01,0.039,0.0,0.0,0.005,0.007,0.003,0.001,0.0,0.007,0.0,0.001,0.0,0.005,0.034,0.0,0.0,0.007,0.0,0.006,0.005,0.0,0.011,0.0,0.002,0.096,0.005,0.007,0.0,0.0,0.008,0.0,0.0,0.0,0.0,0.0,0.0,0.0,0.0,0.009,0.016,0.001,0.0,0.002,0.0,0.0,0.052,0.003,0.04,0.0,0.0,0.0,0.001,0.0,0.0,0.616,0.0,0.0,0.002,0.001,0.0,0.0,0.0,0.0,0.0,0.005,0.003,0.0,0.0,0.0,0.003,0.0,0.001,0.003,0.0,0.0,0.002,0.0,0.014,0.0,0.0,0.0,0.0,0.003,0.0,0.0,0.1,0.028,0.001,0.0,0.002,0.006,0.01,0.0,0.015,0.0,0.0,0.002,0.0,0.0,0.0,0.0,0.0,0.0,0.0,0.0,0.0,0.001,0.0,0.0,0.01,0.002,0.1,0.58,0.001,0.0,0.0,0.0,0.0,0.0,0.004,0.0,0.001,0.007,0.0,0.0,0.0,0.0,0.006,0.01,0.0,0.0,0.016,0.0,0.01,0.005,0.0,0.086,0.0,0.001,0.0,0.01,0.0,0.002,0.0,0.0,0.001,0.01,0.0,0.0,0.002,0.046,0.0,0.004,0.004,0.001
32,0.561,0.134,0.406,0.029,0.0,0.2,0.04,0.003,0.16,0.003,0.007,0.012,0.436,0.375,0.138,0.0,0.093,0.024,0.0,0.0,0.004,0.009,0.309,0.557,0.0,0.03,0.033,0.322,0.001,0.191,0.031,0.0,1.0,0.317,0.005,0.169,0.358,0.061,0.677,0.161,0.03,0.0,0.023,0.176,0.01,0.0,0.578,0.008,0.0,0.001,0.0,0.004,0.069,0.005,0.53,0.068,0.02,0.014,0.0,0.017,0.861,0.012,0.095,0.007,0.016,0.504,0.009,0.447,0.0,0.0,0.003,0.006,0.599,0.755,0.004,0.022,0.171,0.046,0.044,0.0,0.335,0.046,0.88,0.006,0.003,0.101,0.494,0.002,0.857,0.0,0.0,0.023,0.001,0.035,0.095,0.0,0.025,0.0,0.136,0.0,0.081,0.0,0.0,0.0,0.063,0.0,0.581,0.187,0.045,0.0,0.017,0.009,0.239,0.0,0.019,0.602,0.044,0.0,0.059,0.0,0.0,0.18,0.001,0.044,0.055,0.622,0.017,0.0,0.096,0.772,0.0,0.0,0.004,0.0,0.011,0.02,0.007,0.0,0.004,0.233,0.094,0.04,0.763,0.621,0.06,0.117,0.113,0.505,0.0,0.107,0.323,0.0,0.096,0.0,0.002,0.04,0.0,0.0,0.046,0.067,0.0,0.072,0.174,0.911,0.024,0.032,0.0,0.004,0.762,0.408,0.464,0.647,0.002,0.008,0.001,0.021,0.001,0.785,0.007,0.008,0.167,0.0,0.0,0.0,0.312,0.0,0.0,0.0,0.025,0.171,0.017,0.004,0.778,0.001,0.026,0.0,0.425,0.012,0.011,0.089
33,0.293,0.26,0.526,0.268,0.001,0.13,0.213,0.04,0.097,0.032,0.044,0.099,0.199,0.375,0.032,0.001,0.378,0.093,0.0,0.0,0.012,0.106,0.196,0.149,0.0,0.004,0.091,0.125,0.0,0.04,0.104,0.0,0.317,1.0,0.029,0.066,0.113,0.015,0.446,0.133,0.106,0.0,0.172,0.131,0.043,0.0,0.333,0.007,0.006,0.022,0.001,0.035,0.053,0.029,0.182,0.25,0.008,0.065,0.008,0.0,0.383,0.051,0.044,0.074,0.109,0.322,0.053,0.128,0.001,0.0,0.045,0.031,0.195,0.523,0.017,0.112,0.094,0.05,0.002,0.0,0.027,0.006,0.475,0.063,0.024,0.363,0.192,0.03,0.467,0.0,0.001,0.105,0.014,0.008,0.288,0.0,0.097,0.001,0.053,0.0,0.352,0.0,0.003,0.001,0.01,0.0,0.818,0.299,0.013,0.001,0.09,0.05,0.615,0.0,0.136,0.629,0.159,0.0,0.009,0.0,0.001,0.047,0.014,0.011,0.208,0.192,0.0,0.0,0.048,0.608,0.004,0.003,0.01,0.002,0.087,0.077,0.048,0.0,0.012,0.096,0.066,0.194,0.519,0.704,0.01,0.038,0.487,0.614,0.0,0.392,0.117,0.003,0.388,0.0,0.006,0.162,0.002,0.0,0.265,0.021,0.0,0.034,0.526,0.42,0.084,0.077,0.003,0.042,0.616,0.202,0.221,0.342,0.027,0.081,0.0,0.098,0.011,0.49,0.064,0.067,0.424,0.0,0.0,0.003,0.369,0.0,0.001,0.001,0.0,0.431,0.095,0.014,0.499,0.004,0.115,0.0,0.776,0.067,0.063,0.298
34,0.007,0.068,0.024,0.108,0.244,0.026,0.257,0.45,0.0,0.324,0.278,0.199,0.002,0.019,0.0,0.304,0.234,0.128,0.05,0.089,0.128,0.199,0.001,0.0,0.0,0.0,0.223,0.0,0.0,0.001,0.221,0.001,0.005,0.029,1.0,0.019,0.001,0.0,0.002,0.001,0.192,0.078,0.022,0.002,0.189,0.0,0.006,0.616,0.212,0.571,0.327,0.473,0.002,0.08,0.001,0.191,0.001,0.236,0.278,0.0,0.007,0.212,0.002,0.339,0.316,0.013,0.181,0.0,0.359,0.0,0.299,0.294,0.0,0.02,0.123,0.187,0.0,0.433,0.001,0.077,0.0,0.001,0.015,0.339,0.157,0.18,0.003,0.098,0.008,0.008,0.022,0.188,0.101,0.0,0.105,0.0,0.199,0.133,0.001,0.0,0.231,0.116,0.119,0.007,0.0,0.109,0.021,0.022,0.0,0.119,0.288,0.853,0.072,0.0,0.378,0.021,0.291,0.347,0.0,0.036,0.12,0.001,0.474,0.0,0.153,0.002,0.0,0.039,0.0,0.019,0.198,0.073,0.599,0.13,0.111,0.25,0.29,0.124,0.16,0.004,0.003,0.238,0.015,0.046,0.0,0.001,0.051,0.007,0.004,0.227,0.002,0.119,0.106,0.083,0.051,0.195,0.206,0.0,0.108,0.001,0.149,0.002,0.136,0.012,0.203,0.162,0.18,0.302,0.009,0.001,0.001,0.001,0.214,0.179,0.0,0.156,0.092,0.017,0.398,0.366,0.129,0.003,0.057,0.046,0.026,0.027,0.248,0.048,0.0,0.031,0.327,0.126,0.013,0.074,0.096,0.0,0.045,0.354,0.26,0.161
35,0.469,0.094,0.29,0.021,0.001,0.627,0.057,0.0,0.231,0.031,0.023,0.056,0.454,0.355,0.303,0.002,0.069,0.07,0.002,0.005,0.018,0.023,0.35,0.226,0.0,0.101,0.061,0.279,0.0,0.176,0.052,0.0,0.169,0.066,0.019,1.0,0.339,0.106,0.151,0.376,0.057,0.006,0.018,0.386,0.038,0.0,0.285,0.026,0.027,0.01,0.0,0.0,0.264,0.039,0.274,0.068,0.199,0.029,0.0,0.066,0.277,0.041,0.304,0.039,0.047,0.377,0.033,0.229,0.0,0.0,0.046,0.015,0.444,0.223,0.011,0.03,0.291,0.107,0.043,0.0,0.074,0.133,0.244,0.057,0.021,0.074,0.552,0.046,0.194,0.0,0.0,0.049,0.0,0.114,0.109,0.0,0.052,0.007,0.317,0.0,0.077,0.001,0.004,0.0,0.062,0.006,0.126,0.222,0.138,0.0,0.053,0.026,0.069,0.0,0.049,0.128,0.073,0.001,0.053,0.0,0.011,0.371,0.005,0.111,0.064,0.433,0.062,0.001,0.208,0.193,0.0,0.0,0.025,0.008,0.06,0.05,0.024,0.004,0.008,0.348,0.402,0.058,0.221,0.115,0.212,0.083,0.048,0.16,0.0,0.076,0.247,0.007,0.023,0.001,0.012,0.073,0.0,0.0,0.057,0.198,0.008,0.403,0.071,0.229,0.049,0.063,0.001,0.023,0.083,0.204,0.392,0.23,0.02,0.03,0.003,0.049,0.007,0.173,0.032,0.023,0.094,0.0,0.0,0.003,0.181,0.0,0.006,0.001,0.036,0.093,0.057,0.022,0.182,0.0,0.052,0.0,0.133,0.056,0.042,0.054
