,0,1,2,3,4,5,6,7,8,9,10,11,12,13,14,15,16,17,18,19,20,21,22,23,24,25,26,27,28,29,30,31,32,33,34,35,36,37,38,39,40,41,42,43,44,45,46,47,48,49,50,51,52,53,54,55,56,57,58,59,60,61,62,63,64,65,66,67,68,69,70,71,72,73,74,75,76,77,78,79,80,81,82,83,84,85,86,87,88,89,90,91,92,93,94,95,96,97,98,99,100,101,102,103,104,105,106,107,108,109,110,111,112,113,114,115,116,117,118,119,120,121,122,123,124,125,126,127,128,129,130,131,132,133,134,135,136,137,138,139,140,141,142,143,144,145,146,147,148,149,150,151,152,153,154,155,156,157,158,159,160,161,162,163,164,165,166,167,168,169,170,171,172,173,174,175,176,177,178,179,180,181,182,183,184,185,186,187,188,189,190,191,192,193,194,195,196,197,198,199
0,1.0,0.447,0.29,0.136,0.124,0.097,0.208,0.134,0.078,0.17,0.463,0.039,0.201,0.33,0.008,0.297,0.744,0.175,0.115,0.205,0.186,0.176,0.062,0.337,0.1,0.143,0.071,0.618,0.372,0.455,0.258,0.418,0.128,0.314,0.421,0.101,0.249,0.375,0.16,0.123,0.361,0.387,0.289,0.429,0.156,0.023,0.072,0.519,0.356,0.162,0.049,0.558,0.539,0.152,0.451,0.093,0.216,0.208,0.007,0.004,0.211,0.249,0.132,0.64,0.247,0.028,0.32,0.1,0.42,0.473,0.277,0.177,0.064,0.229,0.223,0.466,0.305,0.394,0.367,0.285,0.05,0.195,0.131,0.097,0.045,0.325,0.099,0.373,0.022,0.133,0.157,0.507,0.355,0.349,0.82,0.197,0.437,0.453,0.575,0.697,0.297,0.123,0.15,0.429,0.276,0.283,0.49,0.331,0.087,0.379,0.019,0.06,0.351,0.043,0.231,0.076,0.44,0.231,0.329,0.348,0.111,0.209,0.653,0.187,0.23,0.096,0.199,0.165,0.478,0.484,0.034,0.037,0.042,0.17,0.159,0.132,0.382,0.267,0.075,0.447,0.129,0.039,0.094,0.261,0.269,0.667,0.515,0.143,0.055,0.176,0.185,0.433,0.046,0.458,0.431,0.764,0.068,0.648,0.456,0.657,0.162,0.041,0.251,0.144,0.359,0.173,0.328,0.097,0.347,0.096,0.138,0.48,0.219,0.618,0.31,0.503,0.236,0.163,0.566,0.138,0.086,0.122,0.513,0.098,0.101,0.037,0.166,0.51,0.678,0.365,0.285,0.509,0.511,0.091,0.511,0.028,0.171,0.327,0.044,0.672
1,0.447,1.0,0.256,0.034,0.618,0.08,0.056,0.415,0.074,0.312,0.281,0.339,0.033,0.123,0.084,0.592,0.524,0.077,0.336,0.043,0.197,0.135,0.349,0.297,0.474,0.414,0.027,0.467,0.119,0.135,0.054,0.233,0.142,0.306,0.534,0.392,0.268,0.115,0.599,0.011,0.554,0.13,0.273,0.132,0.014,0.291,0.248,0.37,0.105,0.023,0.047,0.148,0.18,0.491,0.528,0.241,0.131,0.016,0.138,0.08,0.173,0.237,0.118,0.449,0.23,0.254,0.162,0.014,0.055,0.146,0.259,0.159,0.262,0.177,0.286,0.375,0.103,0.592,0.467,0.593,0.03,0.328,0.463,0.262,0.046,0.091,0.018,0.545,0.064,0.06,0.334,0.224,0.185,0.181,0.548,0.349,0.211,0.606,0.136,0.58,0.291,0.125,0.641,0.26,0.308,0.252,0.206,0.145,0.241,0.5,0.313,0.296,0.115,0.035,0.12,0.324,0.513,0.201,0.212,0.161,0.089,0.262,0.445,0.118,0.57,0.212,0.248,0.118,0.13,0.291,0.291,0.304,0.189,0.3,0.352,0.127,0.164,0.121,0.362,0.119,0.441,0.03,0.39,0.545,0.547,0.484,0.172,0.257,0.031,0.545,0.291,0.163,0.141,0.152,0.137,0.51,0.18,0.344,0.495,0.356,0.261,0.021,0.233,0.658,0.194,0.025,0.138,0.222,0.0,0.117,0.3,0.14,0.234,0.47,0.136,0.29,0.224,0.105,0.41,0.173,0.135,0.319,0.391,0.054,0.086,0.343,0.104,0.203,0.473,0.11,0.259,0.3,0.412,0.074,0.425,0.269,0.106,0.206,0.029,0.583
2,0.29,0.256,1.0,0.119,0.141,0.398,0.065,0.107,0.0,0.054,0.554,0.108,0.45,0.196,0.278,0.051,0.24,0.778,0.572,0.422,0.59,0.006,0.138,0.728,0.413,0.408,0.194,0.032,0.128,0.765,0.486,0.091,0.582,0.724,0.555,0.087,0.02,0.034,0.119,0.082,0.002,0.213,0.613,0.592,0.364,0.497,0.344,0.714,0.038,0.414,0.133,0.521,0.334,0.241,0.295,0.323,0.004,0.463,0.368,0.049,0.668,0.137,0.382,0.705,0.829,0.543,0.874,0.098,0.427,0.449,0.378,0.276,0.492,0.078,0.013,0.609,0.367,0.006,0.137,0.034,0.208,0.427,0.254,0.335,0.157,0.381,0.721,0.002,0.182,0.413,0.066,0.496,0.219,0.858,0.231,0.417,0.096,0.007,0.507,0.046,0.589,0.399,0.138,0.117,0.047,0.717,0.199,0.16,0.318,0.067,0.486,0.155,0.193,0.144,0.138,0.123,0.319,0.14,0.083,0.164,0.134,0.02,0.663,0.859,0.06,0.094,0.06,0.232,0.745,0.15,0.518,0.512,0.733,0.006,0.071,0.394,0.218,0.147,0.694,0.472,0.444,0.165,0.069,0.057,0.063,0.673,0.329,0.214,0.21,0.106,0.012,0.632,0.267,0.613,0.566,0.223,0.372,0.687,0.315,0.674,0.206,0.179,0.832,0.154,0.206,0.409,0.138,0.279,0.378,0.442,0.01,0.627,0.131,0.045,0.144,0.702,0.718,0.184,0.708,0.079,0.363,0.602,0.788,0.083,0.353,0.102,0.206,0.22,0.076,0.03,0.37,0.146,0.368,0.379,0.343,0.499,0.221,0.1,0.201,0.041
3,0.136,0.034,0.119,1.0,0.218,0.458,0.016,0.1,0.084,0.021,0.003,0.556,0.391,0.03,0.031,0.435,0.0,0.101,0.374,0.008,0.305,0.371,0.032,0.15,0.56,0.342,0.244,0.451,0.568,0.02,0.342,0.267,0.464,0.191,0.107,0.323,0.13,0.329,0.781,0.073,0.259,0.174,0.153,0.062,0.0,0.192,0.096,0.049,0.296,0.104,0.653,0.022,0.1,0.23,0.516,0.168,0.383,0.261,0.035,0.033,0.299,0.135,0.217,0.054,0.237,0.05,0.201,0.06,0.065,0.019,0.239,0.089,0.016,0.038,0.115,0.01,0.327,0.17,0.143,0.428,0.26,0.332,0.234,0.165,0.658,0.343,0.063,0.258,0.368,0.362,0.191,0.107,0.048,0.192,0.005,0.356,0.265,0.163,0.027,0.44,0.168,0.197,0.227,0.594,0.104,0.022,0.544,0.239,0.214,0.025,0.186,0.031,0.154,0.668,0.126,0.036,0.499,0.123,0.73,0.681,0.366,0.108,0.081,0.038,0.432,0.801,0.183,0.339,0.023,0.027,0.192,0.202,0.422,0.113,0.197,0.22,0.047,0.104,0.222,0.024,0.531,0.433,0.282,0.48,0.766,0.08,0.122,0.121,0.269,0.769,0.1,0.003,0.003,0.001,0.051,0.001,0.484,0.042,0.52,0.03,0.118,0.411,0.225,0.229,0.047,0.078,0.213,0.208,0.178,0.573,0.141,0.004,0.133,0.438,0.225,0.102,0.027,0.313,0.101,0.409,0.21,0.404,0.038,0.293,0.436,0.557,0.338,0.532,0.142,0.317,0.234,0.036,0.189,0.438,0.161,0.206,0.355,0.703,0.227,0.386
4,0.124,0.618,0.141,0.218,1.0,0.104,0.532,0.711,0.675,0.061,0.196,0.225,0.065,0.617,0.768,0.552,0.092,0.229,0.089,0.01,0.096,0.166,0.895,0.026,0.121,0.03,0.219,0.023,0.161,0.094,0.034,0.009,0.043,0.044,0.12,0.837,0.637,0.093,0.417,0.015,0.718,0.433,0.271,0.137,0.018,0.798,0.761,0.054,0.085,0.235,0.118,0.058,0.076,0.609,0.051,0.477,0.171,0.089,0.475,0.158,0.106,0.024,0.629,0.037,0.067,0.717,0.073,0.015,0.052,0.132,0.01,0.254,0.468,0.205,0.629,0.223,0.652,0.144,0.038,0.568,0.227,0.042,0.635,0.511,0.124,0.639,0.258,0.694,0.082,0.092,0.037,0.199,0.416,0.077,0.111,0.051,0.013,0.157,0.041,0.021,0.306,0.626,0.707,0.033,0.574,0.278,0.108,0.532,0.138,0.105,0.789,0.873,0.289,0.115,0.282,0.884,0.058,0.025,0.002,0.059,0.383,0.616,0.047,0.382,0.595,0.292,0.301,0.405,0.127,0.344,0.793,0.806,0.222,0.715,0.034,0.611,0.431,0.286,0.292,0.143,0.099,0.126,0.853,0.566,0.372,0.045,0.061,0.354,0.252,0.369,0.699,0.104,0.287,0.072,0.132,0.101,0.114,0.027,0.054,0.037,0.366,0.148,0.079,0.724,0.465,0.211,0.521,0.115,0.276,0.02,0.707,0.076,0.025,0.009,0.507,0.046,0.276,0.355,0.035,0.292,0.673,0.068,0.117,0.283,0.069,0.209,0.373,0.115,0.066,0.108,0.013,0.258,0.169,0.105,0.166,0.801,0.388,0.0,0.24,0.031
5,0.097,0.08,0.398,0.458,0.104,1.0,0.241,0.194,0.277,0.737,0.026,0.506,0.414,0.123,0.036,0.16,0.443,0.279,0.537,0.519,0.695,0.362,0.21,0.268,0.306,0.261,0.133,0.185,0.391,0.293,0.539,0.66,0.47,0.269,0.199,0.202,0.449,0.425,0.087,0.206,0.186,0.227,0.44,0.32,0.434,0.055,0.026,0.121,0.394,0.339,0.704,0.148,0.506,0.033,0.154,0.014,0.37,0.072,0.252,0.735,0.643,0.549,0.138,0.15,0.437,0.007,0.44,0.185,0.076,0.103,0.394,0.014,0.159,0.177,0.417,0.028,0.025,0.369,0.246,0.169,0.14,0.389,0.031,0.014,0.673,0.025,0.401,0.189,0.392,0.132,0.165,0.207,0.323,0.478,0.321,0.402,0.654,0.411,0.141,0.168,0.435,0.156,0.202,0.269,0.243,0.059,0.14,0.06,0.542,0.635,0.043,0.203,0.324,0.699,0.073,0.205,0.141,0.525,0.176,0.342,0.361,0.453,0.055,0.092,0.202,0.18,0.016,0.405,0.297,0.308,0.062,0.061,0.348,0.422,0.162,0.157,0.31,0.067,0.119,0.115,0.307,0.857,0.228,0.152,0.069,0.05,0.53,0.575,0.139,0.107,0.39,0.097,0.323,0.119,0.34,0.436,0.123,0.032,0.15,0.048,0.541,0.859,0.469,0.202,0.322,0.374,0.059,0.513,0.085,0.435,0.154,0.121,0.54,0.17,0.057,0.195,0.059,0.155,0.082,0.353,0.028,0.51,0.04,0.773,0.091,0.52,0.169,0.116,0.436,0.408,0.396,0.47,0.025,0.085,0.02,0.041,0.396,0.174,0.13,0.15
6,0.208,0.056,0.065,0.016,0.532,0.241,1.0,0.25,0.433,0.005,0.215,0.092,0.047,0.68,0.409,0.119,0.077,0.44,0.056,0.122,0.011,0.325,0.343,0.454,0.12,0.116,0.369,0.307,0.176,0.589,0.142,0.067,0.152,0.466,0.291,0.337,0.354,0.033,0.232,0.095,0.316,0.77,0.089,0.636,0.208,0.309,0.214,0.433,0.034,0.616,0.124,0.539,0.082,0.161,0.588,0.012,0.32,0.277,0.306,0.221,0.017,0.019,0.233,0.535,0.142,0.478,0.161,0.096,0.245,0.532,0.291,0.002,0.486,0.026,0.38,0.263,0.439,0.046,0.302,0.119,0.407,0.219,0.151,0.018,0.135,0.419,0.389,0.302,0.039,0.246,0.195,0.731,0.424,0.161,0.109,0.21,0.073,0.045,0.566,0.238,0.082,0.24,0.089,0.064,0.234,0.338,0.03,0.867,0.016,0.013,0.305,0.379,0.596,0.139,0.08,0.349,0.589,0.028,0.047,0.047,0.206,0.341,0.612,0.614,0.123,0.179,0.032,0.169,0.618,0.161,0.291,0.3,0.04,0.316,0.214,0.247,0.402,0.079,0.232,0.477,0.145,0.125,0.34,0.116,0.29,0.602,0.073,0.185,0.371,0.205,0.307,0.344,0.208,0.323,0.681,0.076,0.093,0.611,0.602,0.582,0.189,0.105,0.15,0.086,0.415,0.648,0.87,0.008,0.354,0.031,0.225,0.325,0.02,0.304,0.875,0.629,0.339,0.727,0.525,0.576,0.328,0.053,0.443,0.18,0.198,0.119,0.748,0.031,0.036,0.041,0.297,0.097,0.522,0.188,0.58,0.314,0.183,0.046,0.385,0.249
7,0.134,0.415,0.107,0.1,0.711,0.194,0.25,1.0,0.739,0.054,0.302,0.036,0.374,0.425,0.538,0.244,0.244,0.083,0.003,0.073,0.064,0.705,0.637,0.034,0.08,0.017,0.687,0.306,0.051,0.002,0.3,0.367,0.171,0.024,0.264,0.329,0.459,0.572,0.04,0.174,0.275,0.113,0.254,0.022,0.02,0.35,0.517,0.071,0.572,0.119,0.147,0.015,0.305,0.64,0.053,0.282,0.693,0.341,0.136,0.116,0.084,0.122,0.096,0.039,0.014,0.481,0.008,0.184,0.124,0.031,0.016,0.194,0.286,0.254,0.451,0.345,0.096,0.073,0.327,0.213,0.688,0.008,0.625,0.271,0.141,0.102,0.072,0.259,0.174,0.461,0.172,0.073,0.35,0.023,0.221,0.01,0.391,0.08,0.012,0.21,0.222,0.104,0.305,0.288,0.506,0.149,0.355,0.265,0.108,0.129,0.313,0.622,0.041,0.137,0.453,0.625,0.071,0.128,0.476,0.234,0.344,0.476,0.115,0.169,0.217,0.028,0.607,0.369,0.009,0.387,0.338,0.333,0.007,0.536,0.2,0.119,0.364,0.397,0.077,0.026,0.09,0.212,0.326,0.237,0.014,0.096,0.3,0.3,0.681,0.045,0.532,0.096,0.132,0.1,0.016,0.261,0.291,0.054,0.048,0.055,0.27,0.215,0.011,0.359,0.344,0.108,0.268,0.111,0.136,0.117,0.526,0.107,0.124,0.3,0.274,0.029,0.136,0.294,0.048,0.137,0.373,0.002,0.119,0.47,0.482,0.036,0.336,0.363,0.505,0.571,0.01,0.455,0.451,0.476,0.487,0.332,0.345,0.485,0.72,0.208
8,0.078,0.074,0.0,0.084,0.675,0.277,0.433,0.739,1.0,0.001,0.157,0.092,0.048,0.388,0.794,0.427,0.007,0.614,0.392,0.036,0.213,0.085,0.588,0.225,0.397,0.316,0.434,0.025,0.187,0.217,0.171,0.015,0.13,0.217,0.385,0.487,0.265,0.128,0.122,0.102,0.198,0.191,0.274,0.126,0.023,0.623,0.441,0.161,0.16,0.161,0.094,0.056,0.123,0.836,0.063,0.15,0.084,0.397,0.336,0.032,0.232,0.011,0.56,0.204,0.389,0.813,0.381,0.085,0.019,0.377,0.069,0.019,0.48,0.153,0.235,0.234,0.716,0.055,0.16,0.419,0.399,0.147,0.816,0.15,0.089,0.704,0.43,0.219,0.437,0.499,0.117,0.188,0.335,0.349,0.009,0.149,0.021,0.039,0.068,0.018,0.286,0.588,0.417,0.095,0.107,0.312,0.397,0.216,0.28,0.007,0.63,0.596,0.113,0.076,0.036,0.568,0.059,0.007,0.191,0.15,0.045,0.222,0.188,0.637,0.504,0.189,0.494,0.088,0.23,0.099,0.603,0.595,0.377,0.289,0.104,0.584,0.338,0.037,0.488,0.392,0.385,0.045,0.502,0.481,0.116,0.183,0.099,0.219,0.418,0.096,0.236,0.117,0.172,0.105,0.157,0.007,0.045,0.129,0.075,0.131,0.237,0.041,0.412,0.393,0.348,0.164,0.2,0.292,0.62,0.284,0.172,0.104,0.002,0.021,0.212,0.177,0.324,0.164,0.164,0.021,0.905,0.358,0.263,0.011,0.534,0.086,0.135,0.397,0.054,0.152,0.091,0.114,0.258,0.526,0.223,0.61,0.089,0.16,0.422,0.012
9,0.17,0.312,0.054,0.021,0.061,0.737,0.005,0.054,0.001,1.0,0.254,0.545,0.434,0.028,0.042,0.102,0.545,0.15,0.508,0.003,0.601,0.396,0.231,0.007,0.032,0.531,0.043,0.177,0.359,0.041,0.528,0.601,0.28,0.013,0.194,0.281,0.168,0.638,0.145,0.141,0.154,0.037,0.694,0.001,0.031,0.418,0.319,0.083,0.632,0.108,0.665,0.105,0.659,0.018,0.01,0.236,0.343,0.143,0.148,0.432,0.624,0.094,0.027,0.207,0.451,0.108,0.435,0.144,0.187,0.465,0.03,0.314,0.242,0.301,0.154,0.22,0.178,0.2,0.165,0.095,0.054,0.016,0.019,0.226,0.652,0.165,0.006,0.143,0.336,0.121,0.081,0.03,0.007,0.428,0.522,0.016,0.598,0.196,0.068,0.111,0.688,0.033,0.419,0.204,0.353,0.179,0.259,0.028,0.143,0.426,0.39,0.262,0.121,0.696,0.581,0.219,0.011,0.092,0.235,0.33,0.871,0.158,0.14,0.069,0.14,0.5,0.032,0.901,0.038,0.475,0.408,0.377,0.176,0.215,0.09,0.037,0.004,0.546,0.084,0.479,0.035,0.703,0.256,0.125,0.111,0.122,0.666,0.833,0.045,0.151,0.197,0.146,0.309,0.117,0.0,0.584,0.236,0.174,0.01,0.195,0.84,0.729,0.433,0.414,0.007,0.111,0.033,0.136,0.338,0.656,0.326,0.131,0.091,0.189,0.036,0.022,0.204,0.109,0.094,0.259,0.047,0.508,0.196,0.714,0.147,0.549,0.105,0.245,0.508,0.649,0.022,0.557,0.259,0.151,0.22,0.411,0.915,0.267,0.05,0.138
10,0.463,0.281,0.554,0.003,0.196,0.026,0.215,0.302,0.157,0.254,1.0,0.321,0.436,0.301,0.526,0.453,0.171,0.105,0.278,0.206,0.397,0.253,0.58,0.149,0.249,0.135,0.13,0.019,0.209,0.036,0.23,0.073,0.38,0.144,0.24,0.696,0.556,0.114,0.587,0.076,0.596,0.147,0.556,0.005,0.113,0.796,0.855,0.209,0.118,0.024,0.267,0.044,0.171,0.344,0.107,0.832,0.236,0.041,0.332,0.021,0.421,0.047,0.432,0.054,0.331,0.449,0.289,0.091,0.184,0.015,0.159,0.58,0.279,0.267,0.554,0.444,0.31,0.076,0.057,0.491,0.152,0.274,0.342,0.771,0.316,0.292,0.116,0.603,0.025,0.03,0.047,0.012,0.114,0.303,0.175,0.26,0.079,0.055,0.039,0.001,0.579,0.446,0.714,0.081,0.634,0.413,0.003,0.268,0.264,0.074,0.798,0.594,0.06,0.254,0.485,0.565,0.083,0.054,0.068,0.155,0.5,0.574,0.09,0.208,0.436,0.3,0.263,0.585,0.04,0.333,0.783,0.772,0.521,0.622,0.049,0.422,0.111,0.5,0.344,0.015,0.27,0.324,0.688,0.43,0.476,0.093,0.143,0.397,0.151,0.599,0.613,0.242,0.255,0.274,0.004,0.178,0.505,0.126,0.105,0.129,0.423,0.353,0.299,0.694,0.118,0.039,0.265,0.276,0.052,0.196,0.76,0.235,0.055,0.019,0.301,0.082,0.389,0.152,0.178,0.155,0.327,0.282,0.286,0.464,0.02,0.345,0.162,0.002,0.125,0.108,0.172,0.227,0.144,0.025,0.16,0.802,0.641,0.072,0.146,0.004
11,0.039,0.339,0.108,0.556,0.225,0.506,0.092,0.036,0.092,0.545,0.321,1.0,0.004,0.021,0.186,0.424,0.216,0.092,0.397,0.28,0.312,0.162,0.213,0.01,0.002,0.666,0.247,0.146,0.069,0.009,0.046,0.205,0.001,0.005,0.332,0.381,0.289,0.041,0.089,0.63,0.168,0.133,0.3,0.051,0.31,0.214,0.041,0.0,0.041,0.126,0.208,0.135,0.103,0.142,0.022,0.045,0.159,0.329,0.247,0.576,0.187,0.463,0.006,0.131,0.2,0.106,0.106,0.639,0.175,0.459,0.087,0.189,0.261,0.18,0.303,0.001,0.097,0.497,0.512,0.373,0.22,0.039,0.151,0.044,0.229,0.122,0.053,0.169,0.372,0.233,0.615,0.049,0.303,0.102,0.151,0.033,0.218,0.486,0.133,0.186,0.311,0.003,0.44,0.096,0.041,0.053,0.068,0.035,0.432,0.629,0.213,0.188,0.332,0.219,0.136,0.206,0.037,0.466,0.076,0.007,0.312,0.284,0.043,0.028,0.448,0.35,0.284,0.239,0.007,0.075,0.243,0.205,0.0,0.274,0.645,0.003,0.298,0.135,0.106,0.435,0.001,0.312,0.341,0.426,0.052,0.049,0.109,0.636,0.221,0.078,0.261,0.046,0.332,0.049,0.051,0.238,0.111,0.023,0.022,0.012,0.617,0.304,0.185,0.425,0.268,0.128,0.033,0.45,0.296,0.265,0.053,0.042,0.466,0.141,0.032,0.003,0.039,0.027,0.006,0.203,0.162,0.391,0.029,0.231,0.264,0.536,0.03,0.07,0.189,0.049,0.086,0.083,0.081,0.242,0.084,0.19,0.259,0.078,0.227,0.195
12,0.201,0.033,0.45,0.391,0.065,0.414,0.047,0.374,0.048,0.434,0.436,0.004,1.0,0.316,0.39,0.078,0.091,0.003,0.044,0.273,0.174,0.819,0.27,0.028,0.057,0.038,0.714,0.387,0.256,0.017,0.376,0.397,0.487,0.033,0.144,0.199,0.456,0.337,0.336,0.298,0.158,0.099,0.282,0.01,0.154,0.23,0.421,0.019,0.323,0.012,0.332,0.056,0.221,0.168,0.134,0.442,0.816,0.392,0.016,0.069,0.256,0.345,0.113,0.009,0.09,0.142,0.131,0.34,0.177,0.045,0.047,0.366,0.022,0.11,0.429,0.179,0.044,0.065,0.386,0.065,0.719,0.11,0.156,0.439,0.309,0.02,0.017,0.16,0.023,0.479,0.357,0.058,0.199,0.155,0.116,0.088,0.388,0.075,0.053,0.271,0.288,0.114,0.118,0.452,0.444,0.079,0.241,0.391,0.129,0.073,0.237,0.284,0.054,0.332,0.352,0.277,0.11,0.34,0.552,0.395,0.351,0.432,0.021,0.018,0.067,0.164,0.326,0.405,0.016,0.27,0.235,0.243,0.283,0.477,0.374,0.116,0.227,0.351,0.03,0.046,0.069,0.38,0.233,0.063,0.276,0.029,0.211,0.236,0.717,0.32,0.507,0.125,0.024,0.116,0.013,0.099,0.663,0.013,0.123,0.008,0.251,0.391,0.082,0.131,0.208,0.02,0.384,0.146,0.053,0.187,0.464,0.116,0.349,0.38,0.376,0.002,0.067,0.325,0.009,0.146,0.088,0.043,0.044,0.632,0.456,0.079,0.303,0.212,0.299,0.334,0.06,0.222,0.28,0.457,0.289,0.234,0.415,0.539,0.714,0.257
13,0.33,0.123,0.196,0.03,0.617,0.123,0.68,0.425,0.388,0.028,0.301,0.021,0.316,1.0,0.083,0.13,0.776,0.324,0.526,0.035,0.473,0.157,0.122,0.125,0.021,0.784,0.066,0.389,0.186,0.168,0.278,0.483,0.128,0.146,0.558,0.087,0.064,0.247,0.172,0.214,0.236,0.022,0.553,0.117,0.022,0.187,0.104,0.222,0.24,0.0,0.164,0.092,0.572,0.053,0.208,0.122,0.156,0.11,0.069,0.281,0.39,0.38,0.068,0.608,0.477,0.069,0.399,0.22,0.042,0.668,0.007,0.227,0.154,0.195,0.07,0.189,0.074,0.641,0.673,0.122,0.068,0.02,0.048,0.13,0.128,0.083,0.016,0.279,0.219,0.064,0.593,0.367,0.027,0.428,0.732,0.018,0.457,0.678,0.088,0.492,0.566,0.069,0.412,0.134,0.29,0.129,0.068,0.145,0.18,0.782,0.164,0.111,0.001,0.159,0.222,0.118,0.208,0.359,0.023,0.091,0.311,0.081,0.389,0.115,0.121,0.08,0.024,0.371,0.189,0.491,0.153,0.171,0.042,0.082,0.62,0.071,0.03,0.242,0.133,0.688,0.024,0.255,0.092,0.097,0.123,0.411,0.558,0.619,0.071,0.157,0.059,0.073,0.176,0.068,0.12,0.774,0.185,0.301,0.221,0.291,0.627,0.256,0.491,0.395,0.024,0.0,0.147,0.195,0.349,0.363,0.179,0.086,0.35,0.396,0.171,0.207,0.128,0.088,0.303,0.08,0.054,0.506,0.306,0.234,0.097,0.398,0.075,0.062,0.518,0.231,0.013,0.499,0.325,0.107,0.316,0.165,0.352,0.017,0.07,0.466
14,0.008,0.084,0.278,0.031,0.768,0.036,0.409,0.538,0.794,0.042,0.526,0.186,0.39,0.083,1.0,0.014,0.274,0.61,0.349,0.536,0.452,0.334,0.109,0.346,0.095,0.173,0.032,0.485,0.419,0.538,0.155,0.347,0.133,0.318,0.659,0.062,0.014,0.026,0.043,0.102,0.03,0.152,0.554,0.427,0.433,0.396,0.444,0.465,0.021,0.338,0.093,0.26,0.194,0.097,0.157,0.316,0.316,0.024,0.35,0.081,0.533,0.639,0.612,0.602,0.531,0.426,0.575,0.12,0.401,0.311,0.171,0.19,0.185,0.125,0.017,0.561,0.369,0.327,0.64,0.013,0.025,0.182,0.09,0.352,0.105,0.405,0.523,0.042,0.21,0.019,0.474,0.531,0.1,0.608,0.247,0.164,0.354,0.323,0.268,0.485,0.547,0.588,0.027,0.445,0.007,0.458,0.144,0.263,0.428,0.34,0.411,0.098,0.111,0.079,0.173,0.095,0.162,0.658,0.244,0.34,0.121,0.022,0.551,0.558,0.006,0.053,0.185,0.217,0.545,0.039,0.426,0.41,0.472,0.038,0.478,0.578,0.097,0.166,0.242,0.325,0.096,0.164,0.066,0.005,0.072,0.566,0.184,0.193,0.042,0.061,0.037,0.535,0.197,0.52,0.432,0.247,0.103,0.444,0.138,0.434,0.2,0.201,0.562,0.022,0.09,0.319,0.271,0.414,0.187,0.094,0.095,0.535,0.624,0.492,0.259,0.433,0.469,0.357,0.366,0.191,0.282,0.35,0.496,0.229,0.003,0.025,0.347,0.154,0.313,0.027,0.177,0.076,0.449,0.002,0.478,0.409,0.211,0.256,0.034,0.451
15,0.297,0.592,0.051,0.435,0.552,0.16,0.119,0.244,0.427,0.102,0.453,0.424,0.078,0.13,0.014,1.0,0.523,0.498,0.178,0.201,0.234,0.279,0.079,0.156,0.014,0.17,0.02,0.698,0.583,0.49,0.184,0.461,0.034,0.166,0.436,0.137,0.061,0.115,0.207,0.003,0.293,0.423,0.301,0.425,0.13,0.172,0.121,0.284,0.151,0.212,0.084,0.314,0.383,0.041,0.319,0.063,0.275,0.053,0.23,0.036,0.276,0.543,0.588,0.667,0.364,0.206,0.397,0.005,0.214,0.559,0.034,0.005,0.054,0.03,0.067,0.244,0.609,0.54,0.555,0.108,0.017,0.0,0.022,0.054,0.091,0.585,0.313,0.297,0.073,0.04,0.481,0.672,0.28,0.398,0.52,0.005,0.441,0.557,0.329,0.731,0.323,0.583,0.032,0.554,0.145,0.171,0.385,0.556,0.076,0.435,0.181,0.069,0.231,0.088,0.021,0.076,0.307,0.556,0.277,0.456,0.042,0.051,0.542,0.4,0.084,0.169,0.0,0.132,0.469,0.261,0.209,0.185,0.174,0.053,0.456,0.534,0.261,0.009,0.04,0.521,0.021,0.095,0.127,0.085,0.339,0.527,0.366,0.128,0.018,0.202,0.047,0.239,0.044,0.266,0.428,0.465,0.003,0.388,0.311,0.392,0.156,0.102,0.352,0.043,0.278,0.239,0.558,0.083,0.419,0.077,0.1,0.256,0.529,0.674,0.594,0.362,0.159,0.386,0.321,0.27,0.266,0.179,0.322,0.098,0.041,0.029,0.373,0.364,0.489,0.133,0.024,0.303,0.403,0.025,0.416,0.181,0.115,0.305,0.017,0.725
16,0.744,0.524,0.24,0.0,0.092,0.443,0.077,0.244,0.007,0.545,0.171,0.216,0.091,0.776,0.274,0.523,1.0,0.291,0.435,0.11,0.628,0.443,0.076,0.067,0.049,0.303,0.107,0.452,0.581,0.2,0.611,0.744,0.409,0.06,0.27,0.11,0.072,0.628,0.083,0.043,0.023,0.033,0.743,0.084,0.035,0.326,0.289,0.184,0.64,0.023,0.624,0.167,0.739,0.015,0.009,0.198,0.488,0.231,0.008,0.136,0.71,0.243,0.194,0.344,0.585,0.077,0.611,0.049,0.265,0.477,0.0,0.225,0.084,0.136,0.085,0.285,0.306,0.166,0.249,0.005,0.112,0.009,0.011,0.182,0.593,0.328,0.121,0.022,0.183,0.205,0.057,0.103,0.063,0.614,0.593,0.011,0.722,0.177,0.18,0.361,0.737,0.184,0.139,0.546,0.238,0.205,0.489,0.059,0.119,0.333,0.31,0.058,0.022,0.566,0.421,0.088,0.007,0.247,0.515,0.641,0.637,0.073,0.261,0.165,0.02,0.378,0.045,0.778,0.218,0.404,0.315,0.33,0.338,0.102,0.058,0.19,0.071,0.441,0.06,0.444,0.072,0.593,0.091,0.024,0.08,0.3,0.705,0.632,0.102,0.091,0.112,0.261,0.05,0.247,0.087,0.595,0.294,0.303,0.007,0.294,0.63,0.617,0.57,0.154,0.072,0.017,0.064,0.097,0.444,0.596,0.169,0.276,0.259,0.449,0.053,0.134,0.195,0.037,0.193,0.05,0.094,0.421,0.327,0.646,0.223,0.255,0.046,0.512,0.688,0.624,0.002,0.534,0.336,0.222,0.323,0.338,0.756,0.494,0.098,0.389
17,0.175,0.077,0.778,0.101,0.229,0.279,0.44,0.083,0.614,0.15,0.105,0.092,0.003,0.324,0.61,0.498,0.291,1.0,0.392,0.233,0.327,0.212,0.025,0.004,0.023,0.632,0.148,0.412,0.36,0.095,0.117,0.446,0.007,0.009,0.449,0.014,0.02,0.14,0.126,0.438,0.146,0.012,0.323,0.071,0.199,0.018,0.002,0.025,0.147,0.056,0.135,0.005,0.35,0.001,0.121,0.112,0.219,0.105,0.172,0.424,0.283,0.626,0.252,0.407,0.296,0.041,0.239,0.449,0.037,0.621,0.034,0.22,0.062,0.307,0.015,0.023,0.122,0.73,0.745,0.039,0.154,0.025,0.002,0.113,0.131,0.132,0.108,0.146,0.375,0.063,0.857,0.331,0.013,0.251,0.442,0.025,0.441,0.732,0.008,0.47,0.341,0.267,0.187,0.24,0.148,0.0,0.016,0.229,0.352,0.791,0.022,0.023,0.031,0.131,0.111,0.035,0.113,0.674,0.074,0.146,0.111,0.016,0.216,0.063,0.06,0.043,0.163,0.111,0.09,0.324,0.015,0.022,0.033,0.018,0.863,0.263,0.023,0.115,0.029,0.625,0.017,0.242,0.012,0.055,0.102,0.23,0.341,0.437,0.153,0.105,0.026,0.011,0.257,0.007,0.079,0.538,0.14,0.067,0.119,0.08,0.432,0.258,0.306,0.182,0.026,0.045,0.227,0.309,0.36,0.241,0.128,0.005,0.646,0.426,0.249,0.056,0.002,0.128,0.074,0.117,0.164,0.399,0.085,0.206,0.112,0.311,0.139,0.021,0.37,0.133,0.049,0.33,0.184,0.102,0.18,0.025,0.117,0.055,0.144,0.509
18,0.115,0.336,0.572,0.374,0.089,0.537,0.056,0.003,0.392,0.508,0.278,0.397,0.044,0.526,0.349,0.178,0.435,0.392,1.0,0.202,0.72,0.069,0.001,0.496,0.623,0.699,0.313,0.033,0.214,0.42,0.692,0.145,0.699,0.489,0.448,0.128,0.093,0.32,0.393,0.025,0.089,0.078,0.486,0.321,0.119,0.181,0.072,0.309,0.321,0.228,0.636,0.071,0.483,0.255,0.484,0.081,0.096,0.333,0.048,0.145,0.681,0.035,0.219,0.402,0.755,0.255,0.671,0.025,0.012,0.287,0.373,0.031,0.108,0.072,0.095,0.15,0.219,0.033,0.12,0.244,0.291,0.456,0.253,0.084,0.624,0.217,0.386,0.086,0.65,0.429,0.174,0.397,0.026,0.708,0.144,0.495,0.176,0.036,0.091,0.015,0.467,0.187,0.121,0.146,0.192,0.21,0.291,0.07,0.521,0.141,0.174,0.005,0.065,0.64,0.042,0.004,0.473,0.044,0.293,0.333,0.27,0.091,0.271,0.405,0.256,0.46,0.228,0.297,0.403,0.263,0.179,0.185,0.55,0.087,0.188,0.195,0.032,0.05,0.383,0.272,0.627,0.533,0.143,0.247,0.349,0.309,0.423,0.233,0.317,0.408,0.079,0.127,0.022,0.161,0.323,0.199,0.411,0.216,0.439,0.204,0.246,0.54,0.747,0.148,0.032,0.221,0.073,0.503,0.349,0.891,0.094,0.125,0.027,0.035,0.075,0.375,0.203,0.314,0.343,0.327,0.368,0.856,0.276,0.279,0.528,0.601,0.281,0.322,0.046,0.304,0.32,0.242,0.109,0.512,0.117,0.177,0.29,0.276,0.306,0.021
19,0.205,0.043,0.422,0.008,0.01,0.519,0.122,0.073,0.036,0.003,0.206,0.28,0.273,0.035,0.536,0.201,0.11,0.233,0.202,1.0,0.251,0.045,0.361,0.277,0.163,0.207,0.006,0.17,0.185,0.456,0.192,0.264,0.117,0.304,0.163,0.149,0.195,0.154,0.086,0.33,0.339,0.375,0.07,0.52,0.661,0.149,0.172,0.238,0.16,0.639,0.116,0.27,0.293,0.128,0.113,0.256,0.038,0.082,0.775,0.746,0.203,0.73,0.524,0.207,0.199,0.202,0.248,0.303,0.352,0.042,0.295,0.273,0.416,0.403,0.184,0.148,0.2,0.702,0.259,0.12,0.014,0.209,0.146,0.235,0.135,0.188,0.663,0.345,0.329,0.093,0.375,0.48,0.399,0.231,0.264,0.225,0.264,0.722,0.27,0.275,0.061,0.5,0.287,0.255,0.236,0.318,0.12,0.14,0.322,0.693,0.122,0.37,0.407,0.117,0.213,0.361,0.102,0.763,0.076,0.177,0.186,0.181,0.144,0.357,0.126,0.136,0.058,0.057,0.461,0.327,0.123,0.153,0.286,0.115,0.401,0.458,0.407,0.206,0.316,0.055,0.177,0.245,0.171,0.116,0.076,0.152,0.297,0.142,0.012,0.109,0.14,0.33,0.665,0.341,0.534,0.339,0.045,0.146,0.098,0.149,0.15,0.211,0.201,0.294,0.389,0.613,0.12,0.335,0.036,0.118,0.295,0.334,0.75,0.17,0.128,0.283,0.327,0.378,0.148,0.483,0.146,0.201,0.138,0.137,0.023,0.352,0.42,0.1,0.262,0.162,0.272,0.363,0.029,0.022,0.032,0.138,0.065,0.069,0.008,0.304
20,0.186,0.197,0.59,0.305,0.096,0.695,0.011,0.064,0.213,0.601,0.397,0.312,0.174,0.473,0.452,0.234,0.628,0.327,0.72,0.251,1.0,0.079,0.077,0.56,0.575,0.531,0.4,0.006,0.212,0.555,0.766,0.18,0.65,0.557,0.364,0.029,0.033,0.292,0.207,0.021,0.014,0.135,0.396,0.436,0.198,0.215,0.089,0.397,0.345,0.29,0.432,0.187,0.512,0.362,0.338,0.073,0.072,0.478,0.187,0.112,0.668,0.102,0.379,0.499,0.802,0.435,0.779,0.026,0.076,0.38,0.324,0.052,0.265,0.079,0.04,0.2,0.39,0.019,0.085,0.081,0.421,0.453,0.318,0.073,0.46,0.364,0.651,0.015,0.557,0.593,0.114,0.475,0.199,0.785,0.223,0.428,0.169,0.024,0.191,0.0,0.442,0.379,0.034,0.176,0.154,0.326,0.363,0.105,0.362,0.106,0.236,0.084,0.063,0.44,0.015,0.094,0.333,0.113,0.222,0.348,0.098,0.044,0.357,0.611,0.125,0.225,0.2,0.158,0.564,0.288,0.213,0.207,0.647,0.023,0.11,0.38,0.191,0.017,0.492,0.373,0.554,0.369,0.041,0.102,0.146,0.375,0.507,0.117,0.438,0.203,0.015,0.229,0.09,0.219,0.475,0.205,0.379,0.328,0.357,0.32,0.139,0.372,0.802,0.033,0.19,0.314,0.113,0.364,0.485,0.775,0.041,0.246,0.104,0.003,0.131,0.479,0.315,0.278,0.4,0.21,0.473,0.752,0.396,0.208,0.645,0.319,0.283,0.367,0.102,0.303,0.298,0.33,0.132,0.615,0.127,0.198,0.134,0.267,0.388,0.003
21,0.176,0.135,0.006,0.371,0.166,0.362,0.325,0.705,0.085,0.396,0.253,0.162,0.819,0.157,0.334,0.279,0.443,0.212,0.069,0.045,0.079,1.0,0.001,0.156,0.428,0.407,0.316,0.491,0.34,0.052,0.304,0.219,0.305,0.176,0.214,0.199,0.068,0.437,0.611,0.152,0.204,0.186,0.067,0.125,0.065,0.061,0.008,0.069,0.395,0.186,0.537,0.081,0.105,0.243,0.546,0.063,0.4,0.251,0.031,0.077,0.165,0.109,0.073,0.092,0.175,0.032,0.102,0.139,0.168,0.025,0.264,0.081,0.001,0.117,0.062,0.069,0.196,0.14,0.262,0.381,0.303,0.298,0.247,0.052,0.584,0.197,0.019,0.187,0.479,0.375,0.288,0.201,0.056,0.092,0.005,0.255,0.215,0.17,0.074,0.433,0.066,0.068,0.155,0.533,0.099,0.007,0.551,0.195,0.269,0.04,0.054,0.004,0.243,0.589,0.206,0.002,0.548,0.108,0.745,0.556,0.375,0.048,0.147,0.029,0.421,0.814,0.38,0.28,0.051,0.052,0.064,0.064,0.191,0.045,0.287,0.073,0.06,0.189,0.097,0.034,0.442,0.357,0.211,0.416,0.621,0.17,0.107,0.087,0.291,0.571,0.049,0.074,0.032,0.068,0.122,0.004,0.417,0.073,0.529,0.086,0.087,0.292,0.156,0.133,0.052,0.189,0.198,0.259,0.178,0.561,0.114,0.071,0.116,0.473,0.16,0.172,0.009,0.447,0.131,0.504,0.153,0.353,0.046,0.223,0.519,0.579,0.477,0.533,0.135,0.39,0.258,0.05,0.287,0.464,0.287,0.074,0.275,0.74,0.29,0.439
22,0.062,0.349,0.138,0.032,0.895,0.21,0.343,0.637,0.588,0.231,0.58,0.213,0.27,0.122,0.109,0.079,0.076,0.025,0.001,0.361,0.077,0.001,1.0,0.028,0.035,0.088,0.538,0.221,0.042,0.002,0.4,0.276,0.24,0.027,0.132,0.233,0.302,0.675,0.193,0.207,0.298,0.078,0.233,0.019,0.099,0.359,0.631,0.117,0.688,0.205,0.272,0.053,0.373,0.425,0.048,0.514,0.571,0.274,0.249,0.13,0.128,0.034,0.15,0.002,0.036,0.38,0.05,0.222,0.339,0.014,0.049,0.579,0.233,0.51,0.305,0.398,0.027,0.024,0.155,0.08,0.545,0.013,0.397,0.556,0.252,0.029,0.053,0.289,0.259,0.302,0.144,0.09,0.128,0.05,0.29,0.021,0.252,0.029,0.047,0.087,0.215,0.122,0.318,0.184,0.655,0.287,0.271,0.254,0.071,0.054,0.367,0.527,0.006,0.24,0.805,0.541,0.06,0.044,0.444,0.205,0.627,0.311,0.077,0.115,0.061,0.193,0.557,0.553,0.004,0.551,0.361,0.389,0.071,0.384,0.154,0.134,0.132,0.785,0.074,0.017,0.031,0.253,0.225,0.057,0.093,0.078,0.421,0.227,0.543,0.185,0.389,0.233,0.293,0.252,0.027,0.231,0.49,0.096,0.066,0.098,0.24,0.223,0.029,0.324,0.128,0.209,0.23,0.064,0.097,0.259,0.749,0.225,0.034,0.209,0.273,0.038,0.25,0.462,0.068,0.32,0.239,0.03,0.151,0.476,0.357,0.209,0.431,0.256,0.357,0.674,0.047,0.503,0.387,0.386,0.385,0.349,0.561,0.449,0.548,0.094
23,0.337,0.297,0.728,0.15,0.026,0.268,0.454,0.034,0.225,0.007,0.149,0.01,0.028,0.125,0.346,0.156,0.067,0.004,0.496,0.277,0.56,0.156,0.028,1.0,0.616,0.183,0.245,0.016,0.22,0.744,0.524,0.204,0.577,0.725,0.334,0.041,0.071,0.156,0.092,0.106,0.043,0.286,0.306,0.672,0.561,0.298,0.216,0.585,0.164,0.591,0.274,0.405,0.305,0.354,0.28,0.234,0.054,0.384,0.57,0.342,0.54,0.347,0.551,0.435,0.683,0.537,0.736,0.096,0.345,0.173,0.497,0.153,0.54,0.208,0.069,0.415,0.383,0.123,0.037,0.004,0.256,0.548,0.319,0.238,0.241,0.349,0.932,0.037,0.353,0.462,0.012,0.475,0.345,0.742,0.115,0.581,0.181,0.13,0.404,0.028,0.302,0.566,0.047,0.234,0.053,0.594,0.305,0.112,0.368,0.142,0.246,0.198,0.229,0.225,0.053,0.213,0.307,0.355,0.16,0.336,0.002,0.076,0.416,0.794,0.017,0.028,0.088,0.037,0.792,0.172,0.272,0.287,0.781,0.045,0.015,0.553,0.335,0.048,0.711,0.16,0.63,0.3,0.027,0.016,0.044,0.44,0.322,0.014,0.26,0.094,0.048,0.515,0.423,0.526,0.656,0.14,0.242,0.447,0.266,0.454,0.013,0.265,0.653,0.05,0.331,0.57,0.106,0.372,0.255,0.384,0.014,0.512,0.303,0.017,0.114,0.607,0.621,0.276,0.544,0.24,0.421,0.468,0.547,0.153,0.374,0.089,0.304,0.275,0.114,0.168,0.496,0.231,0.171,0.379,0.16,0.282,0.036,0.155,0.247,0.034
24,0.1,0.474,0.413,0.56,0.121,0.306,0.12,0.08,0.397,0.032,0.249,0.002,0.057,0.021,0.095,0.014,0.049,0.023,0.623,0.163,0.575,0.428,0.035,0.616,1.0,0.115,0.038,0.502,0.528,0.018,0.021,0.281,0.095,0.066,0.086,0.508,0.244,0.191,0.64,0.007,0.623,0.202,0.023,0.045,0.02,0.31,0.273,0.042,0.162,0.011,0.152,0.037,0.127,0.542,0.279,0.274,0.137,0.101,0.347,0.085,0.048,0.354,0.601,0.073,0.025,0.241,0.039,0.009,0.009,0.042,0.153,0.128,0.268,0.202,0.253,0.05,0.543,0.616,0.2,0.609,0.041,0.211,0.557,0.288,0.161,0.543,0.222,0.6,0.101,0.158,0.204,0.119,0.293,0.033,0.319,0.257,0.271,0.601,0.034,0.622,0.022,0.597,0.55,0.573,0.243,0.102,0.536,0.226,0.077,0.351,0.301,0.386,0.137,0.169,0.044,0.364,0.317,0.352,0.467,0.58,0.035,0.259,0.078,0.129,0.572,0.448,0.198,0.042,0.021,0.218,0.343,0.317,0.299,0.259,0.211,0.589,0.307,0.036,0.377,0.038,0.469,0.051,0.499,0.601,0.709,0.078,0.113,0.033,0.042,0.62,0.241,0.002,0.183,0.002,0.037,0.292,0.145,0.037,0.285,0.038,0.019,0.055,0.039,0.525,0.3,0.012,0.226,0.068,0.179,0.073,0.315,0.005,0.348,0.494,0.227,0.032,0.105,0.075,0.063,0.154,0.399,0.059,0.038,0.007,0.164,0.191,0.085,0.532,0.391,0.17,0.133,0.204,0.109,0.191,0.101,0.32,0.04,0.436,0.042,0.61
25,0.143,0.414,0.408,0.342,0.03,0.261,0.116,0.017,0.316,0.531,0.135,0.666,0.038,0.784,0.173,0.17,0.303,0.632,0.699,0.207,0.531,0.407,0.088,0.183,0.115,1.0,0.023,0.253,0.404,0.18,0.455,0.731,0.271,0.094,0.308,0.149,0.224,0.458,0.016,0.222,0.177,0.121,0.474,0.202,0.312,0.049,0.016,0.042,0.481,0.224,0.516,0.031,0.597,0.041,0.036,0.018,0.258,0.002,0.283,0.761,0.562,0.6,0.191,0.248,0.452,0.002,0.426,0.206,0.025,0.305,0.168,0.089,0.134,0.308,0.219,0.012,0.069,0.61,0.417,0.09,0.019,0.159,0.039,0.013,0.568,0.075,0.307,0.199,0.452,0.037,0.356,0.231,0.209,0.382,0.535,0.2,0.73,0.616,0.027,0.31,0.483,0.214,0.312,0.262,0.233,0.012,0.137,0.0,0.451,0.847,0.046,0.179,0.157,0.506,0.147,0.176,0.029,0.585,0.102,0.305,0.352,0.232,0.066,0.047,0.126,0.149,0.027,0.364,0.194,0.457,0.053,0.049,0.156,0.237,0.355,0.2,0.225,0.136,0.056,0.271,0.141,0.711,0.129,0.099,0.001,0.073,0.641,0.664,0.017,0.015,0.199,0.043,0.35,0.037,0.208,0.634,0.015,0.007,0.035,0.009,0.678,0.719,0.451,0.272,0.188,0.229,0.0,0.461,0.204,0.439,0.164,0.04,0.613,0.238,0.001,0.054,0.007,0.109,0.012,0.272,0.075,0.541,0.03,0.604,0.03,0.503,0.106,0.15,0.565,0.464,0.195,0.537,0.066,0.022,0.052,0.061,0.382,0.108,0.029,0.295
26,0.071,0.027,0.194,0.244,0.219,0.133,0.369,0.687,0.434,0.043,0.13,0.247,0.714,0.066,0.032,0.02,0.107,0.148,0.313,0.006,0.4,0.316,0.538,0.245,0.038,0.023,1.0,0.041,0.011,0.567,0.605,0.189,0.629,0.432,0.17,0.347,0.811,0.198,0.249,0.323,0.517,0.612,0.23,0.582,0.392,0.036,0.103,0.371,0.185,0.289,0.197,0.57,0.487,0.127,0.332,0.176,0.222,0.548,0.098,0.282,0.38,0.227,0.016,0.301,0.282,0.035,0.387,0.288,0.304,0.104,0.371,0.19,0.087,0.032,0.79,0.193,0.101,0.172,0.04,0.385,0.531,0.357,0.112,0.179,0.193,0.132,0.323,0.54,0.007,0.501,0.007,0.413,0.815,0.372,0.472,0.378,0.189,0.148,0.574,0.072,0.216,0.022,0.236,0.111,0.636,0.147,0.245,0.371,0.293,0.271,0.03,0.302,0.577,0.205,0.091,0.287,0.367,0.206,0.173,0.113,0.117,0.811,0.234,0.154,0.332,0.044,0.162,0.15,0.616,0.553,0.04,0.038,0.263,0.758,0.007,0.015,0.784,0.102,0.122,0.118,0.12,0.369,0.378,0.343,0.222,0.27,0.484,0.149,0.561,0.247,0.75,0.29,0.043,0.327,0.563,0.377,0.438,0.35,0.329,0.345,0.133,0.349,0.28,0.23,0.793,0.325,0.374,0.313,0.173,0.198,0.375,0.32,0.232,0.039,0.381,0.406,0.123,0.245,0.394,0.29,0.137,0.244,0.255,0.437,0.387,0.245,0.223,0.279,0.285,0.174,0.366,0.574,0.011,0.388,0.01,0.029,0.155,0.15,0.53,0.076
27,0.618,0.467,0.032,0.451,0.023,0.185,0.307,0.306,0.025,0.177,0.019,0.146,0.387,0.389,0.485,0.698,0.452,0.412,0.033,0.17,0.006,0.491,0.221,0.016,0.502,0.253,0.041,1.0,0.109,0.165,0.027,0.107,0.105,0.272,0.616,0.334,0.232,0.078,0.506,0.117,0.377,0.206,0.18,0.224,0.132,0.105,0.059,0.291,0.076,0.15,0.166,0.164,0.049,0.367,0.601,0.023,0.183,0.094,0.021,0.074,0.122,0.302,0.023,0.361,0.202,0.15,0.134,0.153,0.135,0.059,0.255,0.002,0.051,0.03,0.24,0.278,0.112,0.483,0.603,0.655,0.144,0.264,0.386,0.025,0.156,0.108,0.012,0.374,0.308,0.154,0.494,0.326,0.206,0.122,0.266,0.274,0.11,0.502,0.124,0.616,0.169,0.021,0.419,0.376,0.085,0.081,0.29,0.131,0.459,0.417,0.104,0.133,0.234,0.151,0.008,0.131,0.589,0.312,0.429,0.249,0.049,0.259,0.44,0.075,0.648,0.48,0.411,0.027,0.176,0.077,0.111,0.1,0.066,0.219,0.487,0.027,0.21,0.013,0.141,0.057,0.373,0.048,0.33,0.659,0.569,0.436,0.033,0.13,0.16,0.476,0.213,0.143,0.009,0.131,0.24,0.274,0.114,0.276,0.586,0.251,0.158,0.062,0.191,0.372,0.213,0.137,0.121,0.448,0.042,0.243,0.067,0.147,0.321,0.552,0.138,0.335,0.071,0.297,0.29,0.41,0.161,0.437,0.222,0.004,0.233,0.515,0.31,0.319,0.292,0.071,0.264,0.057,0.412,0.225,0.424,0.105,0.027,0.448,0.139,0.623
28,0.372,0.119,0.128,0.568,0.161,0.391,0.176,0.051,0.187,0.359,0.209,0.069,0.256,0.186,0.419,0.583,0.581,0.36,0.214,0.185,0.212,0.34,0.042,0.22,0.528,0.404,0.011,0.109,1.0,0.026,0.141,0.691,0.164,0.055,0.062,0.197,0.056,0.386,0.435,0.059,0.189,0.165,0.209,0.019,0.025,0.108,0.044,0.023,0.379,0.014,0.472,0.08,0.265,0.148,0.296,0.105,0.54,0.028,0.085,0.156,0.277,0.477,0.558,0.163,0.134,0.026,0.171,0.051,0.024,0.345,0.2,0.032,0.01,0.202,0.058,0.024,0.557,0.462,0.371,0.217,0.041,0.28,0.161,0.116,0.51,0.526,0.129,0.202,0.178,0.053,0.308,0.135,0.045,0.167,0.336,0.266,0.73,0.481,0.087,0.731,0.183,0.552,0.035,0.764,0.037,0.001,0.522,0.377,0.095,0.336,0.125,0.025,0.114,0.467,0.02,0.027,0.278,0.464,0.54,0.837,0.153,0.061,0.132,0.035,0.195,0.382,0.063,0.222,0.027,0.105,0.112,0.111,0.302,0.069,0.297,0.547,0.059,0.021,0.126,0.363,0.411,0.409,0.183,0.196,0.565,0.147,0.274,0.215,0.03,0.451,0.054,0.001,0.061,0.003,0.026,0.319,0.126,0.082,0.296,0.11,0.206,0.398,0.14,0.063,0.057,0.009,0.401,0.106,0.342,0.183,0.036,0.004,0.467,0.734,0.402,0.051,0.003,0.11,0.068,0.095,0.255,0.086,0.029,0.377,0.071,0.058,0.12,0.54,0.521,0.365,0.193,0.2,0.237,0.072,0.265,0.117,0.232,0.524,0.032,0.728
29,0.455,0.135,0.765,0.02,0.094,0.293,0.589,0.002,0.217,0.041,0.036,0.009,0.017,0.168,0.538,0.49,0.2,0.095,0.42,0.456,0.555,0.052,0.002,0.744,0.018,0.18,0.567,0.165,0.026,1.0,0.68,0.235,0.668,0.611,0.425,0.01,0.237,0.184,0.072,0.228,0.159,0.4,0.505,0.677,0.431,0.173,0.156,0.676,0.19,0.372,0.134,0.697,0.55,0.017,0.322,0.249,0.077,0.586,0.185,0.089,0.631,0.243,0.161,0.711,0.701,0.187,0.806,0.237,0.53,0.417,0.35,0.284,0.223,0.05,0.238,0.52,0.262,0.102,0.114,0.057,0.291,0.305,0.009,0.263,0.139,0.277,0.558,0.146,0.047,0.494,0.022,0.553,0.474,0.823,0.562,0.353,0.235,0.127,0.705,0.181,0.5,0.167,0.024,0.199,0.269,0.508,0.381,0.197,0.237,0.219,0.186,0.009,0.345,0.127,0.19,0.009,0.32,0.27,0.206,0.218,0.102,0.244,0.651,0.561,0.036,0.029,0.02,0.233,0.84,0.441,0.162,0.185,0.542,0.219,0.021,0.192,0.516,0.242,0.376,0.395,0.198,0.217,0.011,0.031,0.033,0.629,0.592,0.106,0.304,0.085,0.211,0.628,0.133,0.632,0.713,0.512,0.43,0.714,0.33,0.706,0.124,0.195,0.705,0.042,0.483,0.333,0.206,0.229,0.387,0.384,0.083,0.634,0.242,0.163,0.199,0.667,0.493,0.142,0.684,0.144,0.142,0.43,0.709,0.191,0.394,0.074,0.152,0.365,0.325,0.182,0.341,0.452,0.235,0.399,0.224,0.17,0.204,0.202,0.289,0.179
30,0.258,0.054,0.486,0.342,0.034,0.539,0.142,0.3,0.171,0.528,0.23,0.046,0.376,0.278,0.155,0.184,0.611,0.117,0.692,0.192,0.766,0.304,0.4,0.524,0.021,0.455,0.605,0.027,0.141,0.68,1.0,0.691,0.558,0.087,0.004,0.074,0.062,0.681,0.385,0.022,0.022,0.02,0.293,0.024,0.019,0.101,0.057,0.001,0.688,0.076,0.772,0.007,0.444,0.203,0.262,0.108,0.687,0.331,0.005,0.18,0.48,0.237,0.219,0.007,0.294,0.014,0.321,0.024,0.068,0.091,0.155,0.073,0.026,0.115,0.052,0.018,0.244,0.118,0.174,0.087,0.393,0.234,0.162,0.102,0.76,0.252,0.15,0.017,0.309,0.438,0.083,0.005,0.077,0.311,0.188,0.235,0.703,0.115,0.003,0.412,0.294,0.197,0.014,0.78,0.17,0.002,0.69,0.114,0.098,0.095,0.099,0.024,0.04,0.773,0.226,0.014,0.272,0.255,0.854,0.91,0.458,0.077,0.017,0.03,0.115,0.56,0.166,0.53,0.048,0.18,0.094,0.086,0.425,0.107,0.068,0.208,0.079,0.229,0.132,0.078,0.455,0.67,0.087,0.101,0.416,0.015,0.435,0.27,0.397,0.407,0.072,0.016,0.017,0.017,0.014,0.209,0.471,0.008,0.247,0.012,0.257,0.675,0.322,0.024,0.064,0.067,0.133,0.096,0.206,0.602,0.099,0.025,0.244,0.536,0.114,0.027,0.004,0.214,0.005,0.219,0.164,0.292,0.002,0.636,0.513,0.289,0.215,0.687,0.481,0.681,0.146,0.295,0.247,0.512,0.244,0.081,0.537,0.834,0.367,0.444
31,0.418,0.233,0.091,0.267,0.009,0.66,0.067,0.367,0.015,0.601,0.073,0.205,0.397,0.483,0.347,0.461,0.744,0.446,0.145,0.264,0.18,0.219,0.276,0.204,0.281,0.731,0.189,0.107,0.691,0.235,0.691,1.0,0.209,0.067,0.104,0.011,0.013,0.766,0.229,0.002,0.021,0.048,0.215,0.013,0.005,0.017,0.039,0.075,0.75,0.109,0.545,0.083,0.456,0.306,0.274,0.0,0.741,0.132,0.031,0.218,0.266,0.351,0.176,0.124,0.121,0.048,0.147,0.002,0.103,0.179,0.196,0.023,0.122,0.279,0.016,0.15,0.25,0.346,0.349,0.064,0.212,0.217,0.306,0.001,0.55,0.247,0.08,0.025,0.236,0.252,0.143,0.038,0.087,0.146,0.421,0.184,0.87,0.33,0.099,0.697,0.227,0.181,0.042,0.849,0.071,0.039,0.678,0.141,0.027,0.344,0.022,0.09,0.051,0.57,0.25,0.083,0.253,0.34,0.797,0.858,0.369,0.013,0.181,0.0,0.092,0.331,0.194,0.393,0.007,0.218,0.031,0.023,0.168,0.022,0.163,0.181,0.072,0.255,0.083,0.183,0.388,0.483,0.014,0.066,0.328,0.176,0.462,0.309,0.203,0.198,0.025,0.068,0.106,0.061,0.009,0.437,0.142,0.143,0.245,0.147,0.309,0.472,0.103,0.037,0.093,0.116,0.134,0.024,0.22,0.308,0.045,0.064,0.335,0.764,0.137,0.069,0.049,0.152,0.101,0.113,0.119,0.077,0.094,0.534,0.306,0.068,0.143,0.663,0.772,0.746,0.189,0.343,0.489,0.282,0.489,0.02,0.372,0.806,0.196,0.712
32,0.128,0.142,0.582,0.464,0.043,0.47,0.152,0.171,0.13,0.28,0.38,0.001,0.487,0.128,0.133,0.034,0.409,0.007,0.699,0.117,0.65,0.305,0.24,0.577,0.095,0.271,0.629,0.105,0.164,0.668,0.558,0.209,1.0,0.234,0.013,0.164,0.102,0.405,0.585,0.062,0.089,0.045,0.318,0.071,0.115,0.225,0.138,0.101,0.343,0.046,0.72,0.022,0.302,0.142,0.315,0.288,0.537,0.368,0.085,0.088,0.563,0.266,0.313,0.024,0.369,0.063,0.433,0.075,0.051,0.028,0.266,0.173,0.072,0.023,0.105,0.032,0.25,0.106,0.093,0.15,0.377,0.425,0.132,0.291,0.713,0.269,0.263,0.09,0.216,0.472,0.126,0.031,0.038,0.452,0.046,0.4,0.496,0.091,0.036,0.297,0.314,0.315,0.103,0.688,0.146,0.117,0.534,0.161,0.182,0.024,0.187,0.002,0.033,0.743,0.107,0.002,0.317,0.302,0.688,0.812,0.316,0.128,0.02,0.136,0.157,0.553,0.044,0.403,0.117,0.095,0.192,0.192,0.697,0.133,0.127,0.296,0.039,0.108,0.378,0.025,0.659,0.61,0.16,0.164,0.558,0.017,0.287,0.178,0.398,0.65,0.118,0.059,0.037,0.074,0.079,0.053,0.642,0.024,0.324,0.029,0.168,0.642,0.423,0.103,0.053,0.045,0.155,0.158,0.133,0.625,0.16,0.075,0.266,0.409,0.166,0.079,0.138,0.181,0.098,0.179,0.128,0.388,0.109,0.557,0.505,0.316,0.154,0.495,0.241,0.381,0.262,0.134,0.078,0.503,0.071,0.196,0.435,0.719,0.378,0.299
