,0,1,2,3,4,5,6,7,8,9,10,11,12,13,14,15,16,17,18,19,20,21,22,23,24,25,26,27,28,29,30,31,32,33,34,35,36,37,38,39,40,41,42,43,44,45,46,47,48,49,50,51,52,53,54,55,56,57,58,59,60,61,62,63,64,65,66,67,68,69,70,71,72,73,74,75,76,77,78,79,80,81,82,83,84,85,86,87,88,89,90,91,92,93,94,95,96,97,98,99,100,101,102,103,104,105,106,107,108,109,110,111,112,113,114,115,116,117,118,119,120,121,122,123,124,125,126,127,128,129,130,131,132,133,134,135,136,137,138,139,140,141,142,143,144,145,146,147,148,149,150,151,152,153,154,155,156,157,158,159,160,161,162,163,164,165,166,167,168,169,170,171,172,173,174,175,176,177,178,179,180,181,182,183,184,185,186,187,188,189,190,191,192,193,194,195,196,197,198,199
0,1.0,0.341,0.007,0.008,0.417,0.0,0.706,0.808,0.0,0.026,0.095,0.158,0.001,0.283,0.004,0.0,0.002,0.001,0.035,0.003,0.008,0.001,0.19,0.034,0.081,0.648,0.06,0.019,0.004,0.001,0.07,0.009,0.851,0.001,0.048,0.544,0.643,0.001,0.909,0.804,0.001,0.001,0.003,0.001,0.018,0.0,0.013,0.043,0.002,0.554,0.062,0.01,0.604,0.057,0.709,0.005,0.032,0.058,0.516,0.024,0.049,0.006,0.355,0.01,0.008,0.0,0.021,0.348,0.03,0.028,0.863,0.767,0.001,0.005,0.005,0.013,0.014,0.0,0.086,0.636,0.004,0.0,0.002,0.001,0.031,0.004,0.067,0.386,0.002,0.005,0.52,0.044,0.01,0.01,0.02,0.509,0.541,0.001,0.009,0.536,0.0,0.008,0.111,0.394,0.033,0.052,0.017,0.0,0.001,0.001,0.003,0.009,0.003,0.545,0.439,0.003,0.024,0.005,0.005,0.006,0.224,0.004,0.016,0.695,0.033,0.335,0.003,0.148,0.002,0.005,0.003,0.004,0.441,0.0,0.016,0.001,0.101,0.002,0.432,0.037,0.045,0.024,0.007,0.582,0.002,0.007,0.062,0.004,0.343,0.102,0.498,0.0,0.033,0.068,0.019,0.098,0.219,0.347,0.005,0.113,0.011,0.005,0.014,0.577,0.032,0.006,0.004,0.001,0.001,0.006,0.024,0.416,0.004,0.055,0.001,0.634,0.052,0.051,0.701,0.025,0.025,0.004,0.825,0.05,0.0,0.156,0.029,0.002,0.008,0.032,0.003,0.187,0.025,0.049,0.518,0.068,0.707,0.001,0.335,0.049
1,0.341,1.0,0.005,0.023,0.031,0.002,0.572,0.31,0.002,0.031,0.634,0.714,0.015,0.021,0.001,0.002,0.035,0.004,0.296,0.004,0.078,0.003,0.632,0.034,0.469,0.747,0.341,0.0,0.031,0.046,0.003,0.005,0.522,0.03,0.325,0.654,0.78,0.0,0.326,0.641,0.0,0.01,0.0,0.001,0.157,0.001,0.089,0.324,0.002,0.074,0.46,0.107,0.723,0.412,0.289,0.012,0.421,0.452,0.094,0.223,0.32,0.095,0.818,0.004,0.006,0.034,0.195,0.024,0.048,0.259,0.512,0.42,0.001,0.069,0.002,0.149,0.098,0.004,0.004,0.082,0.002,0.017,0.049,0.038,0.167,0.003,0.21,0.941,0.003,0.105,0.846,0.346,0.079,0.134,0.134,0.893,0.184,0.028,0.107,0.073,0.0,0.082,0.376,0.942,0.278,0.332,0.016,0.001,0.018,0.006,0.024,0.01,0.074,0.079,0.058,0.023,0.164,0.09,0.125,0.009,0.767,0.001,0.142,0.349,0.248,0.026,0.006,0.006,0.006,0.089,0.001,0.001,0.275,0.002,0.235,0.004,0.463,0.038,0.036,0.365,0.31,0.18,0.034,0.332,0.001,0.013,0.186,0.009,0.936,0.41,0.084,0.0,0.161,0.509,0.138,0.421,0.044,0.875,0.063,0.419,0.014,0.058,0.007,0.12,0.018,0.085,0.005,0.006,0.002,0.111,0.21,0.032,0.055,0.321,0.006,0.197,0.326,0.386,0.114,0.225,0.184,0.004,0.179,0.338,0.003,0.007,0.002,0.004,0.012,0.218,0.005,0.636,0.023,0.35,0.926,0.33,0.317,0.001,0.877,0.333
2,0.007,0.005,1.0,0.006,0.005,0.268,0.001,0.004,0.052,0.019,0.0,0.002,0.003,0.011,0.003,0.002,0.003,0.004,0.004,0.027,0.001,0.335,0.0,0.01,0.01,0.004,0.005,0.004,0.008,0.003,0.006,0.013,0.009,0.005,0.007,0.003,0.006,0.255,0.008,0.007,0.573,0.005,0.485,0.395,0.003,0.185,0.008,0.004,0.186,0.006,0.003,0.0,0.0,0.0,0.002,0.023,0.0,0.007,0.008,0.011,0.015,0.004,0.002,0.013,0.01,0.002,0.002,0.009,0.019,0.001,0.005,0.003,0.06,0.001,0.446,0.001,0.005,0.039,0.004,0.003,0.009,0.006,0.006,0.004,0.004,0.053,0.006,0.005,0.023,0.0,0.004,0.016,0.001,0.007,0.001,0.004,0.004,0.004,0.003,0.007,0.036,0.003,0.006,0.006,0.001,0.01,0.051,0.019,0.004,0.187,0.001,0.012,0.002,0.009,0.004,0.002,0.005,0.002,0.001,0.137,0.001,0.019,0.002,0.004,0.005,0.006,0.017,0.014,0.006,0.001,0.016,0.032,0.004,0.021,0.001,0.004,0.002,0.004,0.003,0.001,0.001,0.008,0.006,0.001,0.158,0.089,0.008,0.011,0.002,0.003,0.006,0.086,0.001,0.009,0.001,0.005,0.031,0.003,0.004,0.007,0.018,0.002,0.941,0.004,0.042,0.0,0.01,0.003,0.276,0.002,0.008,0.008,0.006,0.005,0.003,0.003,0.006,0.001,0.009,0.001,0.004,0.006,0.006,0.004,0.014,0.003,0.012,0.011,0.046,0.009,0.023,0.007,0.025,0.02,0.011,0.013,0.003,0.032,0.002,0.007
3,0.008,0.023,0.006,1.0,0.0,0.035,0.006,0.008,0.01,0.395,0.059,0.064,0.089,0.0,0.323,0.105,0.185,0.394,0.174,0.17,0.164,0.022,0.046,0.2,0.146,0.004,0.148,0.0,0.187,0.107,0.0,0.5,0.009,0.19,0.172,0.009,0.017,0.031,0.002,0.007,0.009,0.129,0.007,0.016,0.218,0.044,0.74,0.158,0.061,0.001,0.125,0.147,0.023,0.051,0.001,0.491,0.072,0.097,0.004,0.14,0.092,0.188,0.034,0.306,0.377,0.168,0.126,0.001,0.49,0.173,0.002,0.01,0.098,0.167,0.007,0.172,0.154,0.224,0.0,0.0,0.253,0.095,0.723,0.12,0.176,0.181,0.135,0.032,0.327,0.243,0.025,0.08,0.161,0.218,0.224,0.019,0.021,0.098,0.185,0.005,0.047,0.177,0.19,0.013,0.082,0.187,0.119,0.168,0.076,0.101,0.107,0.524,0.181,0.0,0.003,0.067,0.155,0.158,0.178,0.118,0.036,0.392,0.156,0.008,0.146,0.001,0.467,0.0,0.468,0.259,0.121,0.226,0.023,0.33,0.165,0.13,0.008,0.197,0.0,0.055,0.1,0.218,0.877,0.017,0.066,0.076,0.125,0.306,0.02,0.102,0.004,0.045,0.194,0.108,0.204,0.083,0.003,0.03,0.145,0.117,0.261,0.207,0.008,0.005,0.338,0.2,0.368,0.925,0.019,0.163,0.209,0.001,0.182,0.133,0.621,0.007,0.082,0.065,0.005,0.117,0.175,0.381,0.004,0.106,0.174,0.002,0.0,0.524,0.176,0.231,0.173,0.089,0.358,0.095,0.019,0.105,0.005,0.065,0.03,0.168
4,0.417,0.031,0.005,0.0,1.0,0.001,0.257,0.442,0.0,0.005,0.001,0.008,0.0,0.754,0.0,0.0,0.001,0.001,0.003,0.001,0.0,0.0,0.013,0.005,0.008,0.158,0.006,0.09,0.0,0.0,0.114,0.001,0.29,0.0,0.004,0.14,0.154,0.001,0.348,0.22,0.003,0.0,0.002,0.0,0.0,0.0,0.001,0.002,0.0,0.882,0.006,0.0,0.148,0.003,0.537,0.002,0.001,0.003,0.634,0.001,0.005,0.0,0.031,0.0,0.001,0.0,0.0,0.944,0.01,0.0,0.339,0.313,0.001,0.001,0.003,0.001,0.001,0.0,0.56,0.8,0.001,0.001,0.0,0.001,0.004,0.002,0.01,0.057,0.005,0.0,0.091,0.006,0.0,0.0,0.001,0.091,0.263,0.001,0.002,0.73,0.0,0.0,0.012,0.055,0.002,0.007,0.002,0.0,0.0,0.002,0.0,0.002,0.0,0.843,0.807,0.001,0.002,0.001,0.0,0.005,0.024,0.001,0.002,0.332,0.004,0.865,0.001,0.663,0.001,0.001,0.004,0.0,0.234,0.001,0.0,0.0,0.01,0.0,1.0,0.007,0.004,0.004,0.005,0.232,0.0,0.0,0.015,0.001,0.042,0.01,0.744,0.001,0.002,0.006,0.001,0.013,0.399,0.044,0.002,0.013,0.003,0.001,0.007,0.609,0.006,0.0,0.005,0.0,0.001,0.003,0.003,0.747,0.0,0.002,0.0,0.555,0.004,0.002,0.747,0.002,0.001,0.001,0.706,0.004,0.001,0.588,0.084,0.003,0.003,0.004,0.004,0.029,0.006,0.005,0.089,0.002,0.404,0.0,0.03,0.004
5,0.0,0.002,0.268,0.035,0.001,1.0,0.0,0.002,0.27,0.058,0.0,0.0,0.002,0.002,0.162,0.008,0.007,0.146,0.014,0.102,0.008,0.33,0.001,0.006,0.013,0.0,0.011,0.0,0.005,0.002,0.002,0.068,0.0,0.005,0.016,0.0,0.001,0.777,0.001,0.0,0.402,0.002,0.289,0.206,0.009,0.73,0.019,0.004,0.864,0.0,0.005,0.003,0.0,0.002,0.001,0.036,0.001,0.007,0.001,0.01,0.034,0.01,0.002,0.083,0.071,0.008,0.007,0.001,0.016,0.002,0.0,0.0,0.257,0.004,0.313,0.005,0.01,0.31,0.004,0.0,0.094,0.001,0.048,0.01,0.01,0.142,0.037,0.0,0.108,0.007,0.003,0.028,0.002,0.014,0.019,0.001,0.0,0.001,0.013,0.003,0.18,0.008,0.003,0.0,0.0,0.021,0.018,0.187,0.006,0.619,0.015,0.109,0.008,0.001,0.006,0.006,0.009,0.008,0.01,0.167,0.001,0.058,0.014,0.0,0.01,0.0,0.041,0.007,0.031,0.006,0.089,0.093,0.0,0.098,0.006,0.01,0.002,0.009,0.0,0.001,0.007,0.012,0.018,0.0,0.287,0.239,0.028,0.096,0.0,0.004,0.001,0.626,0.003,0.011,0.013,0.008,0.005,0.001,0.015,0.005,0.069,0.005,0.329,0.002,0.066,0.007,0.045,0.032,0.845,0.011,0.043,0.0,0.035,0.008,0.111,0.001,0.005,0.001,0.001,0.006,0.007,0.037,0.001,0.007,0.117,0.002,0.001,0.041,0.056,0.01,0.033,0.004,0.087,0.021,0.0,0.025,0.0,0.12,0.001,0.012
6,0.706,0.572,0.001,0.006,0.257,0.0,1.0,0.85,0.0,0.03,0.175,0.257,0.003,0.092,0.002,0.001,0.004,0.0,0.08,0.005,0.016,0.001,0.399,0.034,0.155,0.73,0.149,0.002,0.002,0.005,0.007,0.009,0.747,0.005,0.108,0.877,0.867,0.0,0.566,0.905,0.0,0.0,0.0,0.0,0.026,0.001,0.032,0.1,0.0,0.41,0.168,0.018,0.746,0.081,0.782,0.01,0.09,0.135,0.474,0.038,0.06,0.023,0.434,0.016,0.007,0.003,0.05,0.191,0.031,0.044,0.879,0.946,0.005,0.014,0.002,0.039,0.022,0.002,0.038,0.369,0.011,0.003,0.004,0.004,0.064,0.005,0.08,0.533,0.013,0.019,0.778,0.085,0.02,0.015,0.031,0.748,0.612,0.003,0.025,0.386,0.0,0.019,0.231,0.537,0.083,0.108,0.01,0.0,0.003,0.0,0.005,0.015,0.01,0.444,0.338,0.001,0.044,0.013,0.022,0.006,0.27,0.0,0.048,0.93,0.063,0.25,0.01,0.085,0.005,0.007,0.004,0.002,0.623,0.0,0.037,0.0,0.173,0.002,0.238,0.102,0.085,0.043,0.015,0.735,0.002,0.005,0.1,0.01,0.449,0.222,0.463,0.0,0.057,0.177,0.046,0.169,0.186,0.49,0.01,0.2,0.015,0.007,0.006,0.582,0.025,0.018,0.004,0.01,0.0,0.03,0.061,0.208,0.011,0.098,0.001,0.64,0.081,0.093,0.538,0.05,0.048,0.003,0.626,0.1,0.002,0.072,0.0,0.006,0.016,0.07,0.009,0.351,0.046,0.1,0.696,0.107,0.793,0.0,0.489,0.132
7,0.808,0.31,0.004,0.008,0.442,0.002,0.85,1.0,0.0,0.033,0.077,0.109,0.002,0.227,0.001,0.0,0.003,0.0,0.026,0.004,0.006,0.003,0.22,0.034,0.09,0.539,0.07,0.006,0.001,0.0,0.008,0.008,0.718,0.0,0.049,0.689,0.661,0.001,0.626,0.748,0.0,0.001,0.006,0.003,0.012,0.001,0.013,0.048,0.001,0.662,0.065,0.005,0.581,0.035,0.918,0.007,0.047,0.072,0.631,0.023,0.04,0.007,0.275,0.009,0.011,0.002,0.023,0.359,0.023,0.021,0.858,0.934,0.006,0.004,0.003,0.014,0.002,0.001,0.103,0.62,0.011,0.001,0.006,0.001,0.026,0.002,0.065,0.316,0.004,0.007,0.573,0.053,0.006,0.015,0.014,0.481,0.705,0.0,0.01,0.612,0.0,0.006,0.174,0.342,0.023,0.062,0.016,0.0,0.001,0.001,0.0,0.019,0.001,0.697,0.558,0.002,0.015,0.006,0.011,0.006,0.134,0.004,0.017,0.958,0.02,0.426,0.005,0.188,0.004,0.004,0.009,0.002,0.698,0.004,0.021,0.001,0.083,0.002,0.481,0.027,0.036,0.012,0.011,0.755,0.001,0.009,0.059,0.017,0.254,0.137,0.696,0.001,0.026,0.083,0.019,0.109,0.281,0.292,0.002,0.091,0.02,0.005,0.01,0.765,0.035,0.006,0.004,0.002,0.002,0.007,0.043,0.388,0.008,0.036,0.003,0.831,0.048,0.036,0.807,0.023,0.022,0.002,0.835,0.034,0.002,0.148,0.004,0.006,0.017,0.027,0.012,0.155,0.038,0.058,0.453,0.051,0.914,0.0,0.276,0.093
8,0.0,0.002,0.052,0.01,0.0,0.27,0.0,0.0,1.0,0.002,0.0,0.0,0.015,0.001,0.026,0.06,0.019,0.019,0.003,0.004,0.01,0.416,0.0,0.0,0.003,0.0,0.001,0.0,0.018,0.015,0.001,0.011,0.001,0.016,0.004,0.0,0.0,0.352,0.0,0.0,0.354,0.024,0.079,0.366,0.008,0.213,0.012,0.003,0.321,0.0,0.003,0.008,0.0,0.002,0.0,0.003,0.001,0.001,0.0,0.009,0.015,0.013,0.0,0.005,0.009,0.021,0.006,0.0,0.001,0.004,0.0,0.0,0.003,0.015,0.285,0.006,0.011,0.427,0.0,0.0,0.005,0.026,0.039,0.02,0.005,0.002,0.009,0.0,0.014,0.006,0.001,0.011,0.003,0.01,0.01,0.0,0.0,0.008,0.008,0.0,0.787,0.01,0.0,0.0,0.004,0.008,0.0,0.591,0.02,0.344,0.038,0.003,0.01,0.0,0.001,0.011,0.011,0.012,0.015,0.004,0.001,0.003,0.012,0.0,0.005,0.0,0.01,0.0,0.008,0.012,0.003,0.003,0.0,0.003,0.005,0.05,0.003,0.028,0.0,0.003,0.001,0.008,0.011,0.0,0.117,0.124,0.009,0.006,0.0,0.0,0.0,0.178,0.004,0.002,0.011,0.003,0.0,0.0,0.009,0.002,0.0,0.008,0.084,0.0,0.0,0.005,0.003,0.009,0.29,0.015,0.008,0.0,0.027,0.011,0.017,0.0,0.002,0.001,0.0,0.003,0.006,0.011,0.0,0.003,0.013,0.0,0.002,0.003,0.0,0.002,0.009,0.001,0.0,0.016,0.0,0.009,0.0,0.699,0.0,0.001
9,0.026,0.031,0.019,0.395,0.005,0.058,0.03,0.033,0.002,1.0,0.022,0.055,0.079,0.004,0.258,0.079,0.127,0.382,0.158,0.516,0.149,0.004,0.034,0.356,0.157,0.02,0.225,0.0,0.155,0.083,0.0,0.769,0.026,0.125,0.161,0.06,0.031,0.045,0.012,0.034,0.008,0.079,0.007,0.008,0.142,0.091,0.251,0.123,0.087,0.014,0.095,0.125,0.037,0.032,0.025,0.337,0.053,0.08,0.028,0.099,0.064,0.133,0.02,0.82,0.808,0.128,0.097,0.009,0.303,0.132,0.019,0.037,0.41,0.114,0.003,0.135,0.117,0.059,0.003,0.009,0.776,0.105,0.168,0.145,0.216,0.692,0.313,0.035,0.45,0.156,0.055,0.064,0.115,0.136,0.196,0.036,0.042,0.086,0.249,0.02,0.006,0.129,0.123,0.043,0.053,0.228,0.318,0.043,0.12,0.071,0.101,0.723,0.152,0.014,0.019,0.113,0.175,0.132,0.142,0.395,0.027,0.517,0.219,0.043,0.126,0.011,0.152,0.005,0.135,0.135,0.661,0.441,0.113,0.566,0.099,0.075,0.005,0.113,0.002,0.051,0.093,0.133,0.343,0.043,0.118,0.065,0.313,0.794,0.031,0.172,0.03,0.087,0.209,0.137,0.207,0.136,0.038,0.034,0.121,0.146,0.88,0.138,0.029,0.028,0.852,0.159,0.397,0.362,0.055,0.166,0.297,0.006,0.222,0.105,0.455,0.025,0.083,0.042,0.017,0.095,0.134,0.133,0.013,0.092,0.491,0.003,0.0,0.31,0.721,0.166,0.339,0.144,0.897,0.057,0.034,0.113,0.042,0.007,0.025,0.231
10,0.095,0.634,0.0,0.059,0.001,0.0,0.175,0.077,0.0,0.022,1.0,0.815,0.071,0.001,0.006,0.019,0.176,0.017,0.581,0.002,0.224,0.001,0.618,0.03,0.64,0.307,0.423,0.0,0.131,0.186,0.0,0.013,0.117,0.144,0.531,0.274,0.304,0.0,0.078,0.251,0.0,0.078,0.0,0.0,0.399,0.002,0.135,0.555,0.002,0.016,0.634,0.29,0.354,0.677,0.068,0.01,0.861,0.77,0.01,0.33,0.407,0.315,0.514,0.01,0.016,0.133,0.47,0.003,0.046,0.572,0.13,0.122,0.0,0.295,0.0,0.329,0.316,0.008,0.0,0.008,0.006,0.069,0.109,0.101,0.405,0.005,0.255,0.607,0.003,0.332,0.436,0.42,0.306,0.378,0.328,0.463,0.063,0.128,0.232,0.015,0.0,0.251,0.452,0.556,0.627,0.549,0.011,0.007,0.072,0.007,0.102,0.024,0.222,0.011,0.011,0.086,0.39,0.258,0.333,0.002,0.657,0.004,0.268,0.086,0.517,0.001,0.008,0.001,0.007,0.288,0.004,0.003,0.121,0.011,0.582,0.066,0.364,0.173,0.003,0.623,0.441,0.417,0.102,0.13,0.002,0.005,0.257,0.01,0.655,0.528,0.017,0.0,0.343,0.561,0.338,0.468,0.004,0.652,0.245,0.491,0.018,0.255,0.002,0.025,0.009,0.239,0.006,0.014,0.0,0.343,0.394,0.001,0.186,0.458,0.015,0.036,0.442,0.642,0.014,0.432,0.435,0.002,0.036,0.543,0.007,0.0,0.003,0.004,0.019,0.41,0.009,0.588,0.012,0.402,0.499,0.41,0.091,0.003,0.727,0.492
11,0.158,0.714,0.002,0.064,0.008,0.0,0.257,0.109,0.0,0.055,0.815,1.0,0.064,0.009,0.008,0.015,0.224,0.012,0.597,0.008,0.293,0.003,0.713,0.055,0.721,0.477,0.644,0.0,0.157,0.246,0.001,0.024,0.234,0.175,0.639,0.383,0.428,0.005,0.159,0.337,0.001,0.082,0.001,0.001,0.468,0.001,0.168,0.738,0.001,0.023,0.81,0.391,0.537,0.77,0.102,0.02,0.795,0.805,0.031,0.435,0.407,0.365,0.782,0.013,0.023,0.182,0.585,0.005,0.097,0.653,0.18,0.208,0.002,0.327,0.0,0.498,0.393,0.007,0.0,0.029,0.007,0.078,0.101,0.132,0.444,0.004,0.359,0.791,0.01,0.372,0.641,0.439,0.408,0.409,0.382,0.599,0.101,0.163,0.37,0.026,0.0,0.35,0.495,0.755,0.686,0.604,0.018,0.011,0.099,0.01,0.092,0.024,0.271,0.026,0.017,0.059,0.475,0.348,0.397,0.009,0.876,0.007,0.396,0.149,0.627,0.016,0.022,0.001,0.012,0.284,0.003,0.003,0.159,0.007,0.61,0.041,0.199,0.158,0.009,0.659,0.608,0.514,0.085,0.173,0.002,0.011,0.369,0.018,0.815,0.728,0.028,0.0,0.436,0.675,0.388,0.687,0.016,0.839,0.286,0.701,0.018,0.284,0.001,0.05,0.032,0.349,0.009,0.025,0.0,0.399,0.39,0.013,0.187,0.639,0.013,0.054,0.599,0.773,0.042,0.556,0.584,0.01,0.054,0.688,0.007,0.002,0.001,0.021,0.009,0.521,0.008,0.791,0.043,0.433,0.608,0.509,0.109,0.002,0.761,0.64
12,0.001,0.015,0.003,0.089,0.0,0.002,0.003,0.002,0.015,0.079,0.071,0.064,1.0,0.0,0.076,0.713,0.436,0.084,0.171,0.044,0.239,0.002,0.032,0.042,0.157,0.007,0.154,0.0,0.678,0.437,0.0,0.128,0.004,0.554,0.164,0.009,0.01,0.028,0.001,0.004,0.0,0.9,0.023,0.024,0.282,0.022,0.134,0.142,0.014,0.0,0.127,0.223,0.011,0.138,0.0,0.052,0.109,0.099,0.0,0.17,0.072,0.212,0.023,0.079,0.086,0.453,0.139,0.0,0.042,0.199,0.0,0.001,0.027,0.414,0.018,0.172,0.39,0.068,0.0,0.0,0.045,0.887,0.105,0.729,0.319,0.026,0.137,0.029,0.032,0.22,0.017,0.093,0.37,0.227,0.189,0.014,0.001,0.736,0.207,0.001,0.029,0.205,0.043,0.035,0.12,0.154,0.011,0.039,0.716,0.013,0.545,0.044,0.283,0.001,0.0,1.0,0.191,0.346,0.22,0.035,0.031,0.064,0.206,0.001,0.157,0.0,0.024,0.0,0.035,0.243,0.038,0.045,0.012,0.067,0.177,0.547,0.004,0.401,0.001,0.196,0.142,0.191,0.068,0.005,0.039,0.01,0.127,0.062,0.03,0.085,0.0,0.018,0.158,0.116,0.2,0.096,0.002,0.027,0.581,0.081,0.087,0.415,0.003,0.001,0.042,0.243,0.039,0.085,0.019,0.348,0.162,0.0,0.261,0.141,0.129,0.0,0.144,0.127,0.001,0.167,0.216,0.016,0.002,0.144,0.07,0.0,0.0,0.025,0.064,0.198,0.04,0.078,0.056,0.099,0.015,0.159,0.003,0.066,0.014,0.165
13,0.283,0.021,0.011,0.0,0.754,0.002,0.092,0.227,0.001,0.004,0.001,0.009,0.0,1.0,0.001,0.0,0.0,0.0,0.002,0.0,0.001,0.0,0.0,0.008,0.002,0.065,0.01,0.218,0.0,0.0,0.338,0.0,0.145,0.0,0.004,0.044,0.06,0.002,0.217,0.097,0.001,0.0,0.007,0.003,0.002,0.007,0.0,0.0,0.005,0.62,0.001,0.0,0.065,0.001,0.22,0.004,0.0,0.002,0.386,0.001,0.0,0.0,0.03,0.001,0.003,0.001,0.001,0.873,0.0,0.0,0.174,0.141,0.005,0.0,0.014,0.0,0.001,0.002,0.734,0.643,0.002,0.001,0.0,0.002,0.0,0.002,0.006,0.025,0.003,0.0,0.037,0.002,0.0,0.001,0.0,0.041,0.135,0.002,0.002,0.584,0.0,0.001,0.002,0.019,0.0,0.002,0.002,0.0,0.0,0.0,0.0,0.003,0.0,0.571,0.62,0.0,0.0,0.001,0.0,0.006,0.012,0.003,0.0,0.131,0.003,0.675,0.005,0.84,0.0,0.0,0.004,0.0,0.095,0.0,0.001,0.0,0.004,0.0,0.727,0.004,0.003,0.0,0.0,0.117,0.003,0.0,0.011,0.001,0.015,0.002,0.467,0.004,0.0,0.001,0.0,0.005,0.34,0.019,0.001,0.008,0.003,0.0,0.02,0.335,0.01,0.001,0.005,0.0,0.001,0.003,0.002,0.777,0.0,0.005,0.0,0.245,0.001,0.002,0.463,0.001,0.002,0.002,0.403,0.001,0.001,0.713,0.212,0.004,0.006,0.0,0.003,0.013,0.004,0.002,0.035,0.001,0.134,0.0,0.014,0.003
14,0.004,0.001,0.003,0.323,0.0,0.162,0.002,0.001,0.026,0.258,0.006,0.008,0.076,0.001,1.0,0.096,0.022,0.686,0.038,0.414,0.019,0.01,0.006,0.063,0.027,0.0,0.034,0.001,0.051,0.02,0.0,0.481,0.0,0.03,0.033,0.002,0.002,0.087,0.002,0.002,0.047,0.069,0.012,0.035,0.031,0.242,0.155,0.019,0.149,0.003,0.011,0.022,0.002,0.005,0.001,0.212,0.01,0.011,0.001,0.015,0.02,0.038,0.004,0.425,0.364,0.067,0.019,0.002,0.139,0.028,0.0,0.003,0.239,0.028,0.029,0.037,0.03,0.255,0.002,0.0,0.322,0.061,0.236,0.052,0.078,0.247,0.066,0.003,0.128,0.025,0.007,0.027,0.034,0.038,0.041,0.004,0.007,0.033,0.031,0.002,0.04,0.018,0.039,0.0,0.011,0.046,0.043,0.137,0.036,0.194,0.061,0.452,0.032,0.002,0.001,0.076,0.034,0.023,0.04,0.051,0.004,0.322,0.066,0.003,0.01,0.0,0.112,0.0,0.159,0.028,0.334,0.099,0.023,0.221,0.021,0.075,0.004,0.028,0.0,0.005,0.007,0.023,0.26,0.003,0.089,0.085,0.061,0.389,0.003,0.009,0.002,0.256,0.032,0.025,0.055,0.027,0.005,0.002,0.043,0.015,0.297,0.034,0.012,0.0,0.203,0.035,0.132,0.344,0.143,0.043,0.096,0.001,0.097,0.02,0.65,0.002,0.006,0.01,0.005,0.01,0.026,0.099,0.0,0.012,0.234,0.004,0.002,0.256,0.111,0.023,0.05,0.005,0.343,0.025,0.001,0.033,0.002,0.05,0.002,0.032
15,0.0,0.002,0.002,0.105,0.0,0.008,0.001,0.0,0.06,0.079,0.019,0.015,0.713,0.0,0.096,1.0,0.4,0.117,0.113,0.042,0.259,0.003,0.009,0.015,0.058,0.004,0.06,0.0,0.611,0.412,0.0,0.148,0.001,0.566,0.097,0.002,0.003,0.025,0.0,0.0,0.012,0.736,0.015,0.034,0.228,0.041,0.122,0.08,0.021,0.0,0.05,0.176,0.0,0.09,0.0,0.035,0.03,0.053,0.001,0.115,0.058,0.245,0.005,0.081,0.117,0.523,0.127,0.0,0.036,0.105,0.0,0.003,0.027,0.333,0.027,0.141,0.298,0.123,0.0,0.0,0.044,0.786,0.12,0.603,0.21,0.031,0.092,0.004,0.025,0.174,0.001,0.063,0.301,0.186,0.182,0.002,0.001,0.592,0.157,0.0,0.087,0.164,0.018,0.008,0.07,0.091,0.015,0.123,0.771,0.013,0.626,0.044,0.218,0.0,0.0,0.718,0.155,0.281,0.241,0.02,0.012,0.053,0.203,0.0,0.112,0.0,0.018,0.0,0.035,0.217,0.052,0.024,0.002,0.037,0.097,0.784,0.002,0.504,0.0,0.097,0.075,0.107,0.072,0.001,0.043,0.028,0.108,0.088,0.007,0.042,0.0,0.035,0.12,0.052,0.174,0.064,0.0,0.009,0.477,0.049,0.058,0.384,0.004,0.0,0.017,0.261,0.028,0.119,0.019,0.311,0.155,0.0,0.315,0.098,0.168,0.0,0.067,0.074,0.0,0.116,0.129,0.009,0.001,0.089,0.066,0.0,0.0,0.028,0.018,0.082,0.008,0.022,0.062,0.058,0.0,0.077,0.001,0.187,0.003,0.078
16,0.002,0.035,0.003,0.185,0.001,0.007,0.004,0.003,0.019,0.127,0.176,0.224,0.436,0.0,0.022,0.4,1.0,0.068,0.566,0.019,0.887,0.003,0.086,0.053,0.422,0.018,0.475,0.0,0.898,0.861,0.0,0.13,0.008,0.91,0.555,0.005,0.012,0.028,0.004,0.008,0.007,0.577,0.004,0.018,0.845,0.03,0.295,0.53,0.025,0.001,0.441,0.82,0.03,0.419,0.0,0.091,0.322,0.397,0.0,0.709,0.338,0.805,0.064,0.063,0.133,0.95,0.651,0.0,0.112,0.652,0.005,0.003,0.013,0.934,0.015,0.726,0.84,0.058,0.0,0.001,0.043,0.638,0.247,0.644,0.503,0.027,0.366,0.059,0.056,0.87,0.044,0.336,0.869,0.822,0.623,0.033,0.003,0.731,0.751,0.0,0.042,0.832,0.173,0.055,0.414,0.492,0.015,0.084,0.696,0.02,0.614,0.064,0.911,0.0,0.0,0.411,0.699,0.844,0.809,0.03,0.124,0.043,0.56,0.0,0.655,0.0,0.058,0.0,0.076,0.893,0.022,0.03,0.013,0.065,0.609,0.631,0.021,0.948,0.0,0.461,0.561,0.732,0.191,0.006,0.046,0.04,0.355,0.074,0.07,0.272,0.003,0.015,0.593,0.386,0.648,0.328,0.0,0.092,0.836,0.309,0.068,0.977,0.004,0.0,0.042,0.84,0.057,0.16,0.013,0.779,0.458,0.0,0.517,0.57,0.122,0.001,0.47,0.425,0.001,0.652,0.704,0.027,0.0,0.599,0.048,0.0,0.0,0.04,0.027,0.588,0.032,0.214,0.076,0.346,0.033,0.464,0.004,0.067,0.046,0.492
17,0.001,0.004,0.004,0.394,0.001,0.146,0.0,0.0,0.019,0.382,0.017,0.012,0.084,0.0,0.686,0.117,0.068,1.0,0.06,0.249,0.068,0.024,0.003,0.044,0.045,0.0,0.07,0.0,0.085,0.046,0.0,0.537,0.001,0.054,0.049,0.002,0.001,0.089,0.0,0.0,0.039,0.071,0.002,0.021,0.051,0.21,0.167,0.039,0.23,0.001,0.021,0.039,0.001,0.026,0.0,0.131,0.012,0.024,0.0,0.024,0.059,0.077,0.001,0.506,0.612,0.063,0.032,0.0,0.119,0.032,0.0,0.001,0.261,0.049,0.005,0.055,0.047,0.266,0.0,0.001,0.394,0.085,0.304,0.086,0.088,0.322,0.11,0.004,0.249,0.073,0.003,0.038,0.036,0.077,0.099,0.0,0.003,0.043,0.076,0.0,0.039,0.048,0.031,0.001,0.014,0.068,0.035,0.139,0.056,0.192,0.118,0.634,0.05,0.0,0.0,0.083,0.064,0.051,0.075,0.083,0.004,0.288,0.071,0.001,0.045,0.0,0.085,0.003,0.099,0.081,0.463,0.145,0.007,0.3,0.035,0.116,0.004,0.061,0.0,0.009,0.018,0.044,0.329,0.004,0.063,0.073,0.13,0.526,0.003,0.027,0.0,0.242,0.079,0.036,0.093,0.04,0.001,0.0,0.055,0.033,0.435,0.052,0.017,0.0,0.279,0.067,0.218,0.409,0.12,0.07,0.145,0.0,0.169,0.03,0.814,0.002,0.017,0.016,0.001,0.034,0.039,0.077,0.0,0.025,0.415,0.0,0.0,0.236,0.18,0.038,0.069,0.019,0.396,0.037,0.004,0.042,0.002,0.043,0.004,0.048
18,0.035,0.296,0.004,0.174,0.003,0.014,0.08,0.026,0.003,0.158,0.581,0.597,0.171,0.002,0.038,0.113,0.566,0.06,1.0,0.027,0.639,0.001,0.379,0.065,0.829,0.127,0.839,0.0,0.438,0.615,0.0,0.102,0.064,0.419,0.827,0.144,0.109,0.025,0.03,0.087,0.003,0.221,0.011,0.005,0.827,0.02,0.275,0.814,0.023,0.006,0.749,0.715,0.203,0.643,0.022,0.083,0.721,0.847,0.007,0.579,0.476,0.84,0.322,0.081,0.152,0.51,0.894,0.001,0.102,0.839,0.024,0.069,0.029,0.752,0.005,0.811,0.807,0.05,0.0,0.009,0.039,0.262,0.238,0.388,0.836,0.037,0.683,0.296,0.047,0.738,0.279,0.455,0.718,0.822,0.828,0.155,0.04,0.387,0.695,0.015,0.014,0.687,0.462,0.287,0.784,0.932,0.024,0.061,0.301,0.044,0.447,0.104,0.594,0.009,0.004,0.188,0.883,0.733,0.871,0.045,0.457,0.05,0.858,0.036,0.887,0.004,0.056,0.003,0.034,0.686,0.046,0.03,0.123,0.052,0.934,0.293,0.089,0.497,0.002,0.591,0.682,0.763,0.179,0.075,0.038,0.036,0.704,0.082,0.317,0.703,0.007,0.012,0.803,0.65,0.857,0.752,0.011,0.366,0.639,0.778,0.077,0.633,0.008,0.011,0.083,0.674,0.046,0.102,0.018,0.851,0.869,0.005,0.71,0.766,0.087,0.016,0.545,0.673,0.012,0.888,0.876,0.032,0.012,0.756,0.055,0.002,0.0,0.042,0.07,0.625,0.046,0.6,0.093,0.453,0.214,0.55,0.049,0.022,0.297,0.825
19,0.003,0.004,0.027,0.17,0.001,0.102,0.005,0.004,0.004,0.516,0.002,0.008,0.044,0.0,0.414,0.042,0.019,0.249,0.027,1.0,0.02,0.002,0.005,0.32,0.027,0.002,0.034,0.0,0.027,0.012,0.0,0.549,0.003,0.013,0.022,0.006,0.003,0.054,0.001,0.003,0.014,0.022,0.02,0.025,0.024,0.186,0.089,0.014,0.109,0.004,0.01,0.018,0.007,0.002,0.006,0.345,0.003,0.005,0.011,0.01,0.009,0.017,0.004,0.678,0.464,0.019,0.006,0.001,0.262,0.01,0.001,0.01,0.679,0.016,0.017,0.011,0.013,0.033,0.005,0.001,0.658,0.031,0.039,0.047,0.06,0.698,0.077,0.001,0.277,0.023,0.01,0.016,0.02,0.017,0.037,0.008,0.017,0.016,0.035,0.004,0.006,0.013,0.01,0.006,0.002,0.041,0.35,0.018,0.026,0.038,0.039,0.363,0.017,0.002,0.008,0.058,0.016,0.02,0.015,0.274,0.002,0.64,0.037,0.009,0.014,0.006,0.109,0.0,0.097,0.023,0.56,0.396,0.021,0.52,0.013,0.019,0.001,0.014,0.001,0.002,0.007,0.012,0.086,0.005,0.252,0.019,0.062,0.532,0.005,0.009,0.011,0.147,0.025,0.016,0.03,0.011,0.033,0.002,0.028,0.01,0.542,0.025,0.039,0.005,0.484,0.022,0.245,0.154,0.1,0.038,0.079,0.003,0.069,0.008,0.389,0.009,0.009,0.004,0.002,0.012,0.007,0.086,0.002,0.015,0.45,0.007,0.0,0.303,0.529,0.02,0.177,0.013,0.562,0.007,0.004,0.01,0.007,0.01,0.005,0.04
20,0.008,0.078,0.001,0.164,0.0,0.008,0.016,0.006,0.01,0.149,0.224,0.293,0.239,0.001,0.019,0.259,0.887,0.068,0.639,0.02,1.0,0.004,0.13,0.04,0.506,0.027,0.674,0.0,0.685,0.803,0.0,0.128,0.019,0.739,0.687,0.022,0.022,0.015,0.005,0.016,0.002,0.379,0.007,0.016,0.857,0.027,0.253,0.717,0.033,0.0,0.555,0.946,0.071,0.55,0.006,0.081,0.39,0.475,0.0,0.752,0.387,0.876,0.132,0.066,0.124,0.837,0.79,0.0,0.073,0.732,0.01,0.007,0.023,0.869,0.005,0.905,0.852,0.034,0.0,0.0,0.041,0.459,0.203,0.556,0.579,0.019,0.565,0.123,0.073,0.871,0.085,0.347,0.919,0.905,0.74,0.052,0.003,0.634,0.9,0.0,0.021,0.977,0.213,0.1,0.518,0.647,0.018,0.049,0.535,0.022,0.47,0.055,0.95,0.0,0.0,0.276,0.853,0.948,0.851,0.024,0.234,0.039,0.728,0.003,0.768,0.001,0.053,0.001,0.055,0.863,0.02,0.021,0.011,0.052,0.655,0.458,0.008,0.758,0.0,0.532,0.721,0.852,0.164,0.015,0.036,0.029,0.558,0.076,0.136,0.491,0.003,0.016,0.787,0.434,0.772,0.513,0.001,0.132,0.745,0.54,0.062,0.888,0.002,0.001,0.041,0.988,0.066,0.119,0.01,0.829,0.558,0.0,0.491,0.71,0.094,0.002,0.552,0.567,0.0,0.775,0.819,0.032,0.002,0.723,0.036,0.0,0.0,0.048,0.028,0.645,0.025,0.383,0.081,0.369,0.048,0.466,0.005,0.042,0.081,0.623
21,0.001,0.003,0.335,0.022,0.0,0.33,0.001,0.003,0.416,0.004,0.001,0.003,0.002,0.0,0.01,0.003,0.003,0.024,0.001,0.002,0.004,1.0,0.001,0.01,0.01,0.003,0.003,0.006,0.005,0.001,0.011,0.01,0.003,0.006,0.008,0.0,0.003,0.353,0.003,0.003,0.648,0.005,0.211,0.321,0.002,0.119,0.016,0.0,0.287,0.0,0.004,0.003,0.001,0.0,0.001,0.03,0.0,0.003,0.001,0.008,0.026,0.002,0.007,0.003,0.003,0.005,0.003,0.0,0.036,0.002,0.001,0.001,0.004,0.003,0.299,0.001,0.003,0.243,0.0,0.0,0.003,0.004,0.065,0.0,0.001,0.006,0.004,0.002,0.017,0.003,0.002,0.017,0.003,0.007,0.003,0.0,0.001,0.001,0.002,0.0,0.336,0.003,0.003,0.001,0.001,0.006,0.016,0.236,0.003,0.428,0.002,0.023,0.004,0.0,0.0,0.0,0.003,0.0,0.004,0.032,0.001,0.012,0.002,0.0,0.004,0.0,0.04,0.001,0.015,0.006,0.002,0.01,0.002,0.005,0.002,0.003,0.001,0.003,0.0,0.001,0.004,0.003,0.03,0.001,0.074,0.18,0.001,0.001,0.003,0.001,0.0,0.102,0.0,0.009,0.003,0.004,0.004,0.004,0.002,0.001,0.005,0.004,0.336,0.001,0.006,0.001,0.015,0.007,0.322,0.0,0.01,0.002,0.005,0.006,0.01,0.001,0.006,0.001,0.001,0.005,0.003,0.024,0.002,0.005,0.004,0.0,0.015,0.037,0.0,0.014,0.024,0.005,0.009,0.019,0.005,0.015,0.0,0.217,0.002,0.002
22,0.19,0.632,0.0,0.046,0.013,0.001,0.399,0.22,0.0,0.034,0.618,0.713,0.032,0.0,0.006,0.009,0.086,0.003,0.379,0.005,0.13,0.001,1.0,0.071,0.397,0.494,0.399,0.0,0.046,0.115,0.001,0.009,0.274,0.077,0.309,0.614,0.526,0.001,0.131,0.463,0.001,0.028,0.0,0.0,0.271,0.001,0.16,0.435,0.001,0.062,0.482,0.159,0.674,0.445,0.181,0.016,0.577,0.525,0.08,0.142,0.162,0.191,0.624,0.01,0.019,0.058,0.335,0.011,0.065,0.392,0.245,0.389,0.002,0.17,0.0,0.245,0.196,0.003,0.001,0.056,0.009,0.04,0.079,0.055,0.329,0.006,0.186,0.649,0.003,0.177,0.677,0.16,0.17,0.188,0.209,0.535,0.297,0.079,0.159,0.072,0.0,0.175,0.629,0.632,0.493,0.367,0.023,0.007,0.035,0.006,0.048,0.018,0.11,0.05,0.048,0.027,0.252,0.145,0.171,0.003,0.611,0.007,0.249,0.297,0.307,0.017,0.026,0.009,0.015,0.127,0.005,0.003,0.385,0.005,0.406,0.019,0.178,0.068,0.019,0.306,0.234,0.232,0.068,0.435,0.005,0.004,0.195,0.01,0.633,0.515,0.077,0.001,0.287,0.355,0.206,0.468,0.03,0.776,0.137,0.445,0.019,0.105,0.003,0.116,0.021,0.154,0.004,0.018,0.001,0.237,0.243,0.028,0.114,0.284,0.012,0.142,0.203,0.438,0.08,0.33,0.335,0.012,0.096,0.341,0.006,0.004,0.0,0.015,0.005,0.242,0.01,0.474,0.03,0.165,0.586,0.198,0.297,0.001,0.873,0.406
23,0.034,0.034,0.01,0.2,0.005,0.006,0.034,0.034,0.0,0.356,0.03,0.055,0.042,0.008,0.063,0.015,0.053,0.044,0.065,0.32,0.04,0.01,0.071,1.0,0.068,0.054,0.085,0.0,0.049,0.024,0.001,0.266,0.043,0.047,0.065,0.039,0.044,0.004,0.014,0.038,0.005,0.038,0.002,0.006,0.069,0.018,0.399,0.077,0.016,0.011,0.062,0.049,0.078,0.032,0.021,0.56,0.027,0.039,0.054,0.041,0.032,0.043,0.033,0.267,0.193,0.041,0.044,0.001,0.785,0.077,0.023,0.047,0.144,0.056,0.005,0.057,0.036,0.007,0.004,0.01,0.314,0.03,0.054,0.046,0.076,0.281,0.061,0.047,0.19,0.065,0.056,0.026,0.054,0.047,0.055,0.059,0.049,0.038,0.066,0.023,0.002,0.046,0.067,0.064,0.023,0.054,0.824,0.009,0.036,0.017,0.012,0.226,0.064,0.016,0.017,0.037,0.067,0.045,0.044,0.149,0.045,0.35,0.046,0.043,0.052,0.011,0.318,0.004,0.294,0.054,0.189,0.275,0.106,0.258,0.045,0.015,0.002,0.037,0.005,0.029,0.04,0.065,0.131,0.04,0.042,0.02,0.052,0.227,0.041,0.056,0.033,0.006,0.066,0.051,0.057,0.038,0.08,0.047,0.052,0.054,0.33,0.049,0.024,0.035,0.413,0.045,0.201,0.139,0.004,0.048,0.063,0.014,0.033,0.044,0.115,0.031,0.042,0.028,0.012,0.049,0.071,0.199,0.014,0.044,0.129,0.01,0.001,0.257,0.368,0.093,0.171,0.061,0.391,0.022,0.036,0.048,0.064,0.003,0.039,0.102
24,0.081,0.469,0.01,0.146,0.008,0.013,0.155,0.09,0.003,0.157,0.64,0.721,0.157,0.002,0.027,0.058,0.422,0.045,0.829,0.027,0.506,0.01,0.397,0.068,1.0,0.21,0.882,0.0,0.315,0.378,0.0,0.102,0.115,0.303,0.936,0.222,0.234,0.018,0.063,0.195,0.003,0.155,0.008,0.003,0.689,0.025,0.254,0.794,0.021,0.016,0.902,0.587,0.289,0.65,0.074,0.058,0.672,0.891,0.025,0.734,0.746,0.589,0.477,0.075,0.102,0.36,0.683,0.007,0.12,0.724,0.091,0.141,0.017,0.531,0.005,0.677,0.568,0.039,0.001,0.019,0.043,0.175,0.218,0.246,0.626,0.044,0.648,0.476,0.062,0.619,0.412,0.755,0.524,0.67,0.652,0.385,0.059,0.237,0.595,0.024,0.006,0.549,0.507,0.481,0.621,0.91,0.034,0.034,0.173,0.06,0.21,0.105,0.503,0.01,0.017,0.127,0.695,0.547,0.584,0.072,0.576,0.034,0.578,0.087,0.803,0.007,0.044,0.003,0.034,0.564,0.032,0.035,0.137,0.037,0.696,0.119,0.181,0.312,0.004,0.71,0.802,0.811,0.192,0.116,0.02,0.082,0.683,0.066,0.504,0.777,0.02,0.008,0.676,0.943,0.656,0.782,0.018,0.481,0.429,0.772,0.063,0.503,0.012,0.027,0.096,0.584,0.06,0.092,0.007,0.603,0.749,0.004,0.418,0.83,0.048,0.028,0.804,0.648,0.036,0.698,0.728,0.018,0.031,0.819,0.038,0.001,0.001,0.04,0.064,0.772,0.063,0.86,0.106,0.769,0.408,0.829,0.078,0.013,0.41,0.903
25,0.648,0.747,0.004,0.004,0.158,0.0,0.73,0.539,0.0,0.02,0.307,0.477,0.007,0.065,0.0,0.004,0.018,0.0,0.127,0.002,0.027,0.003,0.494,0.054,0.21,1.0,0.19,0.002,0.009,0.018,0.014,0.003,0.851,0.007,0.161,0.667,0.907,0.0,0.655,0.868,0.001,0.004,0.001,0.0,0.065,0.001,0.033,0.188,0.0,0.171,0.229,0.043,0.877,0.218,0.493,0.015,0.167,0.232,0.275,0.072,0.133,0.043,0.778,0.004,0.003,0.007,0.123,0.089,0.054,0.098,0.722,0.582,0.001,0.033,0.003,0.062,0.042,0.0,0.017,0.232,0.007,0.007,0.011,0.013,0.099,0.003,0.128,0.857,0.003,0.037,0.829,0.134,0.053,0.05,0.072,0.834,0.374,0.011,0.054,0.171,0.0,0.035,0.252,0.834,0.135,0.186,0.012,0.0,0.01,0.002,0.005,0.007,0.027,0.226,0.133,0.009,0.073,0.046,0.029,0.005,0.55,0.0,0.077,0.592,0.132,0.117,0.016,0.055,0.004,0.02,0.002,0.0,0.367,0.002,0.095,0.002,0.238,0.018,0.148,0.153,0.143,0.076,0.016,0.49,0.003,0.01,0.118,0.005,0.745,0.302,0.207,0.0,0.077,0.241,0.054,0.276,0.15,0.8,0.028,0.295,0.008,0.02,0.004,0.284,0.015,0.037,0.003,0.001,0.0,0.042,0.077,0.148,0.025,0.183,0.002,0.317,0.164,0.191,0.297,0.107,0.09,0.005,0.367,0.165,0.002,0.033,0.011,0.005,0.004,0.113,0.001,0.426,0.023,0.15,0.839,0.165,0.553,0.0,0.68,0.2
26,0.06,0.341,0.005,0.148,0.006,0.011,0.149,0.07,0.001,0.225,0.423,0.644,0.154,0.01,0.034,0.06,0.475,0.07,0.839,0.034,0.674,0.003,0.399,0.085,0.882,0.19,1.0,0.0,0.33,0.431,0.001,0.114,0.122,0.322,0.869,0.208,0.22,0.012,0.063,0.164,0.002,0.162,0.013,0.005,0.737,0.025,0.269,0.908,0.03,0.026,0.859,0.673,0.272,0.642,0.064,0.075,0.555,0.755,0.019,0.639,0.508,0.671,0.419,0.116,0.178,0.447,0.777,0.01,0.119,0.772,0.087,0.148,0.037,0.569,0.012,0.843,0.633,0.038,0.003,0.034,0.062,0.229,0.199,0.338,0.748,0.05,0.819,0.411,0.078,0.657,0.388,0.506,0.652,0.705,0.783,0.3,0.071,0.29,0.741,0.019,0.008,0.702,0.459,0.365,0.625,0.923,0.03,0.023,0.248,0.038,0.277,0.102,0.582,0.023,0.016,0.125,0.822,0.651,0.704,0.06,0.54,0.055,0.787,0.112,0.84,0.016,0.067,0.005,0.034,0.542,0.047,0.047,0.154,0.054,0.708,0.16,0.074,0.354,0.002,0.549,0.79,0.789,0.177,0.108,0.02,0.051,0.821,0.107,0.448,0.892,0.039,0.012,0.892,0.79,0.8,0.908,0.019,0.433,0.497,0.91,0.13,0.549,0.01,0.03,0.113,0.713,0.081,0.101,0.022,0.721,0.749,0.013,0.494,0.846,0.074,0.024,0.684,0.631,0.046,0.773,0.829,0.05,0.035,0.777,0.062,0.01,0.001,0.059,0.075,0.709,0.066,0.816,0.163,0.534,0.321,0.654,0.073,0.012,0.339,0.989
27,0.019,0.0,0.004,0.0,0.09,0.0,0.002,0.006,0.0,0.0,0.0,0.0,0.0,0.218,0.001,0.0,0.0,0.0,0.0,0.0,0.0,0.006,0.0,0.0,0.0,0.002,0.0,1.0,0.0,0.0,0.855,0.0,0.006,0.0,0.0,0.001,0.002,0.0,0.021,0.003,0.01,0.0,0.0,0.01,0.0,0.001,0.0,0.001,0.0,0.065,0.0,0.0,0.001,0.0,0.007,0.0,0.0,0.0,0.034,0.0,0.0,0.0,0.002,0.0,0.0,0.0,0.0,0.139,0.001,0.0,0.006,0.003,0.001,0.0,0.015,0.0,0.0,0.0,0.216,0.059,0.0,0.0,0.001,0.0,0.0,0.0,0.001,0.0,0.0,0.0,0.001,0.0,0.0,0.0,0.0,0.0,0.003,0.0,0.0,0.073,0.0,0.0,0.0,0.0,0.0,0.0,0.0,0.0,0.0,0.0,0.0,0.0,0.0,0.037,0.064,0.0,0.0,0.0,0.0,0.0,0.001,0.0,0.0,0.002,0.0,0.07,0.0,0.157,0.0,0.0,0.0,0.0,0.003,0.001,0.0,0.0,0.001,0.0,0.084,0.0,0.0,0.0,0.0,0.002,0.0,0.001,0.0,0.0,0.002,0.0,0.034,0.0,0.0,0.0,0.0,0.0,0.032,0.001,0.0,0.0,0.0,0.0,0.005,0.014,0.001,0.0,0.0,0.0,0.002,0.001,0.0,0.109,0.0,0.0,0.0,0.007,0.0,0.0,0.03,0.0,0.0,0.0,0.018,0.0,0.001,0.193,0.83,0.0,0.0,0.001,0.0,0.0,0.0,0.001,0.002,0.0,0.003,0.001,0.0,0.0
28,0.004,0.031,0.008,0.187,0.0,0.005,0.002,0.001,0.018,0.155,0.131,0.157,0.678,0.0,0.051,0.611,0.898,0.085,0.438,0.027,0.685,0.005,0.046,0.049,0.315,0.009,0.33,0.0,1.0,0.786,0.0,0.121,0.004,0.944,0.416,0.009,0.013,0.032,0.0,0.01,0.003,0.819,0.009,0.018,0.682,0.029,0.301,0.401,0.025,0.0,0.31,0.66,0.012,0.279,0.001,0.095,0.23,0.272,0.0,0.562,0.276,0.606,0.057,0.079,0.123,0.88,0.432,0.0,0.106,0.531,0.001,0.005,0.038,0.825,0.013,0.554,0.71,0.071,0.0,0.0,0.042,0.825,0.194,0.796,0.464,0.029,0.279,0.035,0.057,0.676,0.017,0.258,0.757,0.651,0.461,0.018,0.008,0.891,0.59,0.0,0.046,0.635,0.109,0.025,0.301,0.377,0.031,0.081,0.819,0.027,0.603,0.06,0.761,0.0,0.0,0.646,0.507,0.71,0.61,0.022,0.094,0.061,0.44,0.002,0.486,0.0,0.036,0.0,0.081,0.706,0.025,0.033,0.011,0.082,0.44,0.607,0.007,0.87,0.0,0.383,0.395,0.572,0.174,0.007,0.059,0.028,0.27,0.071,0.052,0.214,0.002,0.018,0.449,0.271,0.51,0.226,0.002,0.061,0.847,0.234,0.072,0.887,0.006,0.0,0.057,0.687,0.053,0.187,0.013,0.667,0.341,0.0,0.416,0.409,0.141,0.001,0.338,0.318,0.0,0.446,0.549,0.037,0.0,0.425,0.063,0.0,0.0,0.06,0.047,0.507,0.052,0.183,0.077,0.262,0.02,0.358,0.002,0.084,0.039,0.379
29,0.001,0.046,0.003,0.107,0.0,0.002,0.005,0.0,0.015,0.083,0.186,0.246,0.437,0.0,0.02,0.412,0.861,0.046,0.615,0.012,0.803,0.001,0.115,0.024,0.378,0.018,0.431,0.0,0.786,1.0,0.0,0.061,0.006,0.84,0.488,0.009,0.005,0.012,0.003,0.009,0.005,0.575,0.014,0.012,0.726,0.017,0.2,0.5,0.014,0.0,0.393,0.783,0.032,0.499,0.002,0.05,0.366,0.443,0.0,0.536,0.252,0.812,0.081,0.047,0.082,0.83,0.696,0.0,0.052,0.642,0.004,0.008,0.01,0.93,0.018,0.707,0.908,0.047,0.0,0.0,0.027,0.7,0.132,0.646,0.58,0.013,0.381,0.063,0.03,0.69,0.049,0.273,0.912,0.754,0.614,0.02,0.007,0.782,0.688,0.001,0.024,0.758,0.138,0.047,0.565,0.496,0.009,0.035,0.768,0.011,0.657,0.029,0.74,0.0,0.0,0.441,0.727,0.874,0.821,0.005,0.157,0.025,0.64,0.003,0.663,0.0,0.04,0.0,0.031,0.754,0.017,0.023,0.017,0.019,0.675,0.658,0.033,0.804,0.002,0.521,0.521,0.598,0.094,0.008,0.038,0.018,0.388,0.056,0.094,0.333,0.002,0.008,0.588,0.299,0.631,0.358,0.001,0.088,0.902,0.368,0.044,0.866,0.0,0.0,0.037,0.792,0.026,0.074,0.007,0.853,0.428,0.0,0.541,0.527,0.066,0.0,0.395,0.496,0.002,0.73,0.686,0.017,0.002,0.55,0.027,0.0,0.0,0.014,0.025,0.422,0.013,0.21,0.044,0.293,0.025,0.33,0.002,0.032,0.059,0.427
30,0.07,0.003,0.006,0.0,0.114,0.002,0.007,0.008,0.001,0.0,0.0,0.001,0.0,0.338,0.0,0.0,0.0,0.0,0.0,0.0,0.0,0.011,0.001,0.001,0.0,0.014,0.001,0.855,0.0,0.0,1.0,0.0,0.015,0.0,0.0,0.004,0.004,0.0,0.06,0.013,0.013,0.0,0.004,0.01,0.0,0.001,0.002,0.001,0.0,0.099,0.0,0.0,0.007,0.003,0.012,0.0,0.0,0.0,0.066,0.0,0.003,0.0,0.004,0.0,0.0,0.0,0.001,0.197,0.001,0.0,0.018,0.008,0.001,0.001,0.016,0.0,0.001,0.0,0.308,0.111,0.0,0.0,0.001,0.0,0.0,0.001,0.002,0.003,0.0,0.0,0.001,0.001,0.0,0.0,0.0,0.006,0.015,0.002,0.0,0.121,0.004,0.0,0.0,0.006,0.0,0.0,0.0,0.0,0.0,0.0,0.0,0.0,0.0,0.071,0.11,0.0,0.001,0.0,0.0,0.0,0.007,0.001,0.002,0.008,0.0,0.153,0.003,0.251,0.0,0.0,0.001,0.001,0.008,0.0,0.0,0.0,0.004,0.0,0.15,0.0,0.001,0.001,0.001,0.007,0.002,0.001,0.002,0.0,0.007,0.0,0.071,0.005,0.0,0.001,0.0,0.0,0.045,0.004,0.0,0.001,0.002,0.0,0.013,0.04,0.002,0.0,0.001,0.0,0.0,0.0,0.001,0.216,0.0,0.0,0.0,0.037,0.002,0.001,0.068,0.0,0.001,0.002,0.071,0.002,0.0,0.276,0.742,0.001,0.0,0.0,0.0,0.001,0.001,0.001,0.01,0.0,0.011,0.003,0.003,0.0
31,0.009,0.005,0.013,0.5,0.001,0.068,0.009,0.008,0.011,0.769,0.013,0.024,0.128,0.0,0.481,0.148,0.13,0.537,0.102,0.549,0.128,0.01,0.009,0.266,0.102,0.003,0.114,0.0,0.121,0.061,0.0,1.0,0.006,0.115,0.084,0.009,0.011,0.037,0.003,0.008,0.007,0.103,0.013,0.028,0.118,0.133,0.277,0.074,0.102,0.005,0.047,0.096,0.011,0.03,0.002,0.433,0.022,0.038,0.014,0.068,0.047,0.097,0.007,0.847,0.792,0.138,0.047,0.003,0.312,0.073,0.01,0.011,0.349,0.095,0.018,0.088,0.07,0.106,0.0,0.003,0.749,0.121,0.226,0.13,0.153,0.587,0.167,0.013,0.496,0.108,0.01,0.052,0.083,0.108,0.144,0.008,0.02,0.084,0.151,0.009,0.034,0.102,0.055,0.016,0.024,0.117,0.199,0.073,0.108,0.073,0.11,0.749,0.125,0.001,0.004,0.133,0.121,0.105,0.113,0.247,0.012,0.675,0.13,0.01,0.067,0.004,0.201,0.002,0.208,0.104,0.658,0.459,0.044,0.605,0.052,0.104,0.003,0.102,0.001,0.023,0.058,0.121,0.421,0.012,0.159,0.044,0.18,0.771,0.011,0.068,0.012,0.141,0.115,0.054,0.141,0.067,0.011,0.018,0.104,0.065,0.78,0.116,0.014,0.009,0.747,0.099,0.496,0.54,0.062,0.13,0.17,0.004,0.164,0.055,0.781,0.013,0.055,0.022,0.007,0.046,0.08,0.165,0.0,0.057,0.509,0.002,0.0,0.465,0.512,0.119,0.273,0.046,0.768,0.048,0.01,0.063,0.015,0.045,0.004,0.114
32,0.851,0.522,0.009,0.009,0.29,0.0,0.747,0.718,0.001,0.026,0.117,0.234,0.004,0.145,0.0,0.001,0.008,0.001,0.064,0.003,0.019,0.003,0.274,0.043,0.115,0.851,0.122,0.006,0.004,0.006,0.015,0.006,1.0,0.004,0.064,0.564,0.785,0.001,0.888,0.833,0.002,0.0,0.002,0.0,0.021,0.001,0.023,0.097,0.002,0.38,0.121,0.018,0.713,0.109,0.646,0.011,0.071,0.107,0.399,0.044,0.081,0.021,0.52,0.005,0.007,0.007,0.056,0.201,0.024,0.05,0.841,0.698,0.002,0.012,0.001,0.03,0.013,0.001,0.046,0.421,0.007,0.003,0.011,0.01,0.042,0.006,0.095,0.572,0.007,0.005,0.674,0.073,0.018,0.015,0.032,0.59,0.455,0.002,0.024,0.343,0.0,0.02,0.162,0.557,0.067,0.095,0.015,0.0,0.004,0.003,0.001,0.01,0.011,0.402,0.278,0.003,0.038,0.021,0.012,0.002,0.367,0.002,0.029,0.681,0.065,0.22,0.006,0.124,0.002,0.014,0.004,0.001,0.412,0.002,0.052,0.001,0.116,0.003,0.273,0.105,0.096,0.051,0.016,0.517,0.002,0.007,0.082,0.006,0.475,0.19,0.351,0.0,0.057,0.141,0.036,0.179,0.204,0.523,0.008,0.162,0.017,0.012,0.01,0.441,0.021,0.02,0.006,0.001,0.001,0.021,0.046,0.265,0.006,0.123,0.001,0.482,0.118,0.092,0.49,0.042,0.056,0.003,0.632,0.083,0.002,0.071,0.013,0.005,0.015,0.057,0.008,0.27,0.029,0.071,0.668,0.094,0.615,0.0,0.409,0.115
33,0.001,0.03,0.005,0.19,0.0,0.005,0.005,0.0,0.016,0.125,0.144,0.175,0.554,0.0,0.03,0.566,0.91,0.054,0.419,0.013,0.739,0.006,0.077,0.047,0.303,0.007,0.322,0.0,0.944,0.84,0.0,0.115,0.004,1.0,0.394,0.011,0.008,0.021,0.001,0.004,0.002,0.748,0.017,0.02,0.687,0.026,0.291,0.407,0.026,0.0,0.325,0.698,0.018,0.33,0.001,0.074,0.265,0.305,0.0,0.541,0.219,0.589,0.054,0.06,0.092,0.853,0.498,0.0,0.096,0.55,0.004,0.005,0.022,0.856,0.015,0.541,0.716,0.061,0.0,0.0,0.05,0.762,0.179,0.627,0.423,0.017,0.251,0.041,0.068,0.639,0.032,0.218,0.788,0.618,0.413,0.022,0.002,0.796,0.577,0.0,0.033,0.688,0.129,0.037,0.34,0.34,0.016,0.072,0.799,0.014,0.578,0.055,0.741,0.0,0.0,0.569,0.536,0.731,0.614,0.022,0.094,0.057,0.443,0.0,0.481,0.0,0.046,0.0,0.065,0.727,0.022,0.035,0.007,0.069,0.448,0.649,0.018,0.891,0.0,0.451,0.433,0.558,0.153,0.006,0.047,0.022,0.277,0.068,0.061,0.217,0.0,0.012,0.421,0.288,0.446,0.235,0.0,0.058,0.821,0.23,0.053,0.846,0.004,0.0,0.051,0.68,0.055,0.147,0.014,0.673,0.329,0.0,0.395,0.397,0.084,0.002,0.408,0.335,0.0,0.516,0.538,0.029,0.001,0.424,0.039,0.0,0.0,0.044,0.025,0.412,0.033,0.158,0.065,0.238,0.018,0.335,0.001,0.083,0.043,0.363
