,0,1,2,3,4,5,6,7,8,9,10,11,12,13,14,15,16,17,18,19,20,21,22,23,24,25,26,27,28,29,30,31,32,33,34,35,36,37,38,39,40,41,42,43,44,45,46,47,48,49,50,51,52,53,54,55,56,57,58,59,60,61,62,63,64,65,66,67,68,69,70,71,72,73,74,75,76,77,78,79
0,1.0,0.131,0.015,0.175,0.248,0.055,0.125,0.285,0.139,0.323,0.149,0.173,0.171,0.01,0.273,0.011,0.024,0.185,0.166,0.041,0.171,0.054,0.175,0.167,0.103,0.019,0.116,0.025,0.137,0.168,0.007,0.007,0.055,0.046,0.114,0.194,0.008,0.169,0.124,0.128,0.019,0.032,0.029,0.018,0.072,0.104,0.095,0.32,0.026,0.086,0.633,0.025,0.202,0.651,1.0,0.158,0.068,0.226,0.237,0.607,0.014,0.297,0.155,0.28,0.167,0.099,0.255,0.034,0.018,0.366,0.06,0.021,0.058,0.272,0.044,0.1,0.112,0.249,0.025,0.006
1,0.131,1.0,0.013,1.0,0.475,0.136,0.038,0.1,0.05,0.117,0.884,0.869,0.386,0.0,0.037,0.032,0.035,0.068,0.11,0.056,0.401,0.002,0.474,0.418,0.232,0.035,0.721,0.123,0.023,1.0,0.047,0.117,0.035,0.014,0.064,0.06,0.126,0.442,0.053,0.284,0.148,0.025,0.011,0.026,0.01,0.711,0.718,0.678,0.172,0.772,0.26,0.013,0.532,0.255,0.146,0.221,0.045,0.121,0.114,0.176,0.162,0.013,0.375,0.226,0.362,0.719,0.243,0.06,0.037,0.054,0.178,0.024,0.027,0.696,0.027,0.018,0.016,0.261,0.018,0.139
2,0.015,0.013,1.0,0.01,0.001,0.302,0.192,0.021,0.17,0.026,0.001,0.004,0.073,0.745,0.061,0.115,0.11,0.002,0.001,0.239,0.041,0.089,0.076,0.042,0.153,0.116,0.196,0.01,0.021,0.01,0.064,0.096,0.36,0.064,0.097,0.151,0.098,0.099,0.189,0.076,0.155,0.191,0.164,0.212,0.092,0.189,0.218,0.003,0.159,0.014,0.0,0.191,0.017,0.0,0.017,0.092,0.017,0.081,0.076,0.015,0.169,0.101,0.065,0.006,0.051,0.198,0.002,0.224,0.119,0.078,0.077,0.19,0.06,0.003,0.101,0.024,0.024,0.008,0.213,0.107
3,0.175,1.0,0.01,1.0,0.487,0.168,0.042,0.105,0.057,0.101,0.883,0.875,0.382,0.004,0.044,0.037,0.027,0.047,0.106,0.047,0.421,0.007,0.477,0.415,0.22,0.028,0.685,0.12,0.031,0.999,0.058,0.138,0.028,0.016,0.059,0.065,0.115,0.443,0.055,0.286,0.148,0.026,0.019,0.018,0.008,0.68,0.698,0.686,0.171,0.765,0.253,0.013,0.529,0.234,0.158,0.208,0.055,0.123,0.116,0.167,0.141,0.016,0.379,0.216,0.338,0.68,0.215,0.066,0.033,0.035,0.191,0.024,0.031,0.685,0.018,0.013,0.012,0.219,0.014,0.122
4,0.248,0.475,0.001,0.487,1.0,0.159,0.347,0.138,0.337,0.147,0.532,0.564,0.305,0.001,0.01,0.063,0.049,0.029,0.011,0.16,0.644,0.054,0.196,0.638,0.445,0.051,0.28,0.29,0.009,0.451,0.067,0.186,0.007,0.213,0.186,0.305,0.206,0.19,0.349,0.185,0.231,0.066,0.052,0.042,0.056,0.284,0.292,0.209,0.029,0.465,0.243,0.041,0.701,0.25,0.239,0.211,0.031,0.23,0.222,0.285,0.017,0.167,0.312,0.833,0.315,0.275,0.839,0.099,0.062,0.172,0.06,0.049,0.028,0.188,0.109,0.126,0.138,0.85,0.043,0.183
5,0.055,0.136,0.302,0.168,0.159,1.0,0.281,0.164,0.289,0.189,0.106,0.1,0.027,0.277,0.033,0.037,0.002,0.1,0.147,0.784,0.203,0.064,0.073,0.191,0.301,0.002,0.088,0.461,0.008,0.158,0.217,0.65,0.179,0.14,0.011,0.237,0.656,0.07,0.293,0.005,0.003,0.146,0.164,0.169,0.084,0.08,0.092,0.113,0.289,0.089,0.052,0.172,0.138,0.065,0.045,0.02,0.006,0.006,0.006,0.018,0.289,0.197,0.031,0.16,0.028,0.08,0.16,0.796,0.028,0.011,0.249,0.173,0.116,0.13,0.023,0.176,0.195,0.176,0.177,0.643
6,0.125,0.038,0.192,0.042,0.347,0.281,1.0,0.567,1.0,0.559,0.167,0.146,0.134,0.103,0.019,0.023,0.01,0.053,0.28,0.409,0.641,0.025,0.132,0.628,0.717,0.006,0.02,0.204,0.182,0.034,0.147,0.195,0.08,0.053,0.112,0.922,0.189,0.124,1.0,0.08,0.003,0.013,0.006,0.015,0.034,0.012,0.013,0.105,0.11,0.134,0.102,0.007,0.512,0.101,0.122,0.135,0.096,0.115,0.128,0.118,0.099,0.002,0.135,0.306,0.146,0.014,0.3,0.135,0.015,0.078,0.163,0.006,0.077,0.092,0.162,0.098,0.076,0.303,0.01,0.166
7,0.285,0.1,0.021,0.105,0.138,0.164,0.567,1.0,0.576,1.0,0.13,0.099,0.182,0.004,0.011,0.05,0.043,0.014,0.733,0.31,0.321,0.0,0.139,0.302,0.336,0.055,0.152,0.177,0.082,0.113,0.003,0.226,0.0,0.14,0.184,0.742,0.191,0.133,0.578,0.403,0.069,0.045,0.033,0.045,0.001,0.154,0.167,0.403,0.01,0.05,0.502,0.037,0.315,0.499,0.32,0.26,0.119,0.223,0.251,0.103,0.011,0.072,0.197,0.332,0.203,0.146,0.276,0.127,0.044,0.011,0.044,0.05,0.003,0.391,0.095,0.102,0.106,0.269,0.038,0.194
8,0.139,0.05,0.17,0.057,0.337,0.289,1.0,0.576,1.0,0.558,0.173,0.154,0.134,0.084,0.019,0.027,0.003,0.047,0.242,0.412,0.645,0.038,0.142,0.662,0.735,0.005,0.005,0.186,0.216,0.034,0.135,0.175,0.097,0.067,0.117,0.912,0.191,0.137,1.0,0.096,0.003,0.01,0.013,0.013,0.034,0.008,0.017,0.095,0.095,0.158,0.093,0.012,0.539,0.099,0.13,0.117,0.079,0.129,0.15,0.108,0.105,0.003,0.142,0.331,0.117,0.009,0.307,0.116,0.025,0.064,0.153,0.008,0.083,0.086,0.135,0.099,0.099,0.297,0.012,0.157
9,0.323,0.117,0.026,0.101,0.147,0.189,0.559,1.0,0.558,1.0,0.109,0.111,0.197,0.001,0.007,0.048,0.044,0.017,0.729,0.287,0.302,0.003,0.135,0.267,0.328,0.042,0.163,0.173,0.081,0.106,0.005,0.193,0.001,0.122,0.178,0.771,0.218,0.126,0.55,0.416,0.054,0.041,0.041,0.04,0.001,0.157,0.165,0.408,0.008,0.049,0.518,0.032,0.317,0.494,0.305,0.228,0.123,0.221,0.235,0.109,0.017,0.099,0.163,0.299,0.186,0.15,0.258,0.114,0.042,0.011,0.043,0.046,0.001,0.397,0.089,0.079,0.1,0.263,0.044,0.198
10,0.149,0.884,0.001,0.883,0.532,0.106,0.167,0.13,0.173,0.109,1.0,1.0,0.619,0.002,0.013,0.041,0.066,0.02,0.028,0.038,0.592,0.006,0.412,0.592,0.395,0.061,0.389,0.056,0.006,0.853,0.027,0.15,0.021,0.005,0.019,0.21,0.131,0.424,0.153,0.341,0.061,0.034,0.024,0.02,0.016,0.405,0.389,0.446,0.214,0.71,0.191,0.028,0.725,0.203,0.127,0.383,0.015,0.039,0.042,0.172,0.23,0.006,0.605,0.295,0.592,0.402,0.29,0.063,0.038,0.062,0.083,0.024,0.072,0.456,0.013,0.017,0.021,0.287,0.018,0.141
11,0.173,0.869,0.004,0.875,0.564,0.1,0.146,0.099,0.154,0.111,1.0,1.0,0.614,0.0,0.021,0.035,0.09,0.019,0.042,0.038,0.587,0.006,0.426,0.584,0.416,0.074,0.398,0.062,0.011,0.843,0.032,0.138,0.019,0.01,0.016,0.195,0.136,0.46,0.161,0.356,0.076,0.03,0.025,0.018,0.014,0.406,0.407,0.444,0.208,0.699,0.235,0.021,0.731,0.195,0.143,0.375,0.015,0.053,0.049,0.166,0.212,0.008,0.574,0.283,0.605,0.408,0.287,0.065,0.041,0.045,0.102,0.028,0.052,0.455,0.021,0.019,0.014,0.305,0.022,0.124
12,0.171,0.386,0.073,0.382,0.305,0.027,0.134,0.182,0.134,0.197,0.619,0.614,1.0,0.073,0.009,0.106,0.135,0.014,0.043,0.008,0.263,0.021,0.158,0.256,0.155,0.146,0.179,0.008,0.009,0.356,0.069,0.024,0.012,0.023,0.069,0.2,0.022,0.158,0.1,0.632,0.022,0.273,0.242,0.251,0.014,0.185,0.17,0.166,0.136,0.21,0.154,0.222,0.387,0.142,0.154,0.896,0.055,0.118,0.118,0.097,0.157,0.016,1.0,0.312,1.0,0.211,0.311,0.04,0.099,0.226,0.008,0.238,0.066,0.135,0.017,0.032,0.023,0.294,0.233,0.027
13,0.01,0.0,0.745,0.004,0.001,0.277,0.103,0.004,0.084,0.001,0.002,0.0,0.073,1.0,0.025,0.542,0.456,0.13,0.012,0.235,0.023,0.137,0.1,0.015,0.054,0.485,0.036,0.123,0.001,0.003,0.17,0.044,0.613,0.114,0.059,0.031,0.042,0.089,0.095,0.206,0.136,0.207,0.196,0.225,0.133,0.039,0.023,0.052,0.124,0.015,0.044,0.2,0.005,0.036,0.01,0.153,0.029,0.014,0.01,0.025,0.125,0.12,0.065,0.009,0.063,0.035,0.008,0.315,0.574,0.057,0.312,0.211,0.066,0.052,0.043,0.004,0.004,0.006,0.227,0.034
14,0.273,0.037,0.061,0.044,0.01,0.033,0.019,0.011,0.019,0.007,0.013,0.021,0.009,0.025,1.0,0.067,0.039,0.747,0.031,0.057,0.009,0.332,0.02,0.006,0.005,0.031,0.046,0.095,0.088,0.039,0.054,0.004,0.15,0.034,0.002,0.009,0.003,0.019,0.018,0.009,0.134,0.132,0.144,0.126,0.341,0.05,0.057,0.053,0.069,0.054,0.117,0.133,0.004,0.12,0.272,0.005,0.048,0.0,0.0,0.143,0.054,0.0,0.008,0.01,0.014,0.051,0.009,0.018,0.059,0.098,0.313,0.141,0.217,0.055,0.035,0.19,0.186,0.011,0.131,0.004
15,0.011,0.032,0.115,0.037,0.063,0.037,0.023,0.05,0.027,0.048,0.041,0.035,0.106,0.542,0.067,1.0,0.947,0.332,0.007,0.046,0.086,0.107,0.03,0.084,0.066,0.952,0.103,0.273,0.005,0.036,0.147,0.227,0.469,0.259,0.159,0.04,0.232,0.028,0.019,0.215,0.164,0.032,0.026,0.017,0.106,0.108,0.106,0.14,0.002,0.087,0.115,0.023,0.08,0.104,0.013,0.137,0.014,0.15,0.156,0.034,0.001,0.053,0.106,0.012,0.086,0.12,0.011,0.077,1.0,0.016,0.415,0.023,0.075,0.132,0.057,0.06,0.075,0.009,0.025,0.225
16,0.024,0.035,0.11,0.027,0.049,0.002,0.01,0.043,0.003,0.044,0.066,0.09,0.135,0.456,0.039,0.947,1.0,0.231,0.014,0.05,0.078,0.102,0.003,0.069,0.038,1.0,0.073,0.203,0.003,0.025,0.096,0.219,0.307,0.262,0.229,0.03,0.223,0.009,0.004,0.262,0.187,0.009,0.011,0.011,0.072,0.09,0.1,0.074,0.037,0.077,0.116,0.007,0.104,0.116,0.024,0.133,0.01,0.179,0.197,0.031,0.062,0.057,0.125,0.019,0.142,0.099,0.009,0.048,0.935,0.01,0.168,0.009,0.124,0.06,0.111,0.132,0.135,0.015,0.004,0.231
17,0.185,0.068,0.002,0.047,0.029,0.1,0.053,0.014,0.047,0.017,0.02,0.019,0.014,0.13,0.747,0.332,0.231,1.0,0.01,0.098,0.021,0.502,0.095,0.009,0.023,0.225,0.026,0.111,0.048,0.05,0.0,0.057,0.593,0.15,0.023,0.024,0.047,0.118,0.074,0.052,0.265,0.041,0.052,0.078,0.534,0.023,0.027,0.157,0.162,0.014,0.229,0.059,0.006,0.208,0.195,0.009,0.005,0.027,0.028,0.226,0.193,0.005,0.011,0.021,0.015,0.017,0.025,0.032,0.336,0.032,0.692,0.042,0.312,0.156,0.063,0.258,0.264,0.022,0.058,0.061
18,0.166,0.11,0.001,0.106,0.011,0.147,0.28,0.733,0.242,0.729,0.028,0.042,0.043,0.012,0.031,0.007,0.014,0.01,1.0,0.275,0.048,0.031,0.174,0.04,0.059,0.013,0.141,0.212,0.094,0.101,0.004,0.161,0.001,0.141,0.114,0.328,0.173,0.181,0.253,0.235,0.16,0.066,0.07,0.075,0.021,0.143,0.138,0.34,0.002,0.016,0.326,0.083,0.05,0.307,0.167,0.105,0.227,0.199,0.166,0.031,0.003,0.317,0.032,0.062,0.035,0.141,0.027,0.117,0.013,0.061,0.018,0.069,0.006,0.362,0.037,0.054,0.066,0.03,0.078,0.163
19,0.041,0.056,0.239,0.047,0.16,0.784,0.409,0.31,0.412,0.287,0.038,0.038,0.008,0.235,0.057,0.046,0.05,0.098,0.275,1.0,0.153,0.077,0.02,0.142,0.19,0.049,0.059,0.371,0.002,0.055,0.086,0.359,0.154,0.173,0.116,0.365,0.367,0.032,0.413,0.0,0.035,0.006,0.016,0.011,0.075,0.051,0.054,0.054,0.138,0.041,0.058,0.006,0.117,0.058,0.042,0.001,0.002,0.061,0.059,0.003,0.151,0.217,0.006,0.228,0.004,0.062,0.21,0.62,0.045,0.0,0.158,0.009,0.113,0.057,0.05,0.227,0.227,0.213,0.008,0.35
20,0.171,0.401,0.041,0.421,0.644,0.203,0.641,0.321,0.645,0.302,0.592,0.587,0.263,0.023,0.009,0.086,0.078,0.021,0.048,0.153,1.0,0.014,0.253,1.0,0.93,0.081,0.126,0.244,0.034,0.353,0.292,0.301,0.016,0.108,0.002,0.646,0.325,0.235,0.639,0.221,0.069,0.001,0.007,0.007,0.014,0.148,0.12,0.144,0.044,0.64,0.227,0.008,0.969,0.214,0.152,0.225,0.0,0.032,0.019,0.194,0.036,0.011,0.276,0.386,0.258,0.121,0.353,0.056,0.076,0.023,0.089,0.008,0.011,0.167,0.023,0.03,0.03,0.349,0.007,0.345
21,0.054,0.002,0.089,0.007,0.054,0.064,0.025,0.0,0.038,0.003,0.006,0.006,0.021,0.137,0.332,0.107,0.102,0.502,0.031,0.077,0.014,1.0,0.148,0.017,0.031,0.102,0.051,0.043,0.166,0.004,0.153,0.003,0.573,0.274,0.119,0.009,0.009,0.149,0.02,0.007,0.715,0.004,0.003,0.004,1.0,0.055,0.06,0.027,0.553,0.012,0.027,0.004,0.006,0.025,0.083,0.013,0.043,0.099,0.086,0.08,0.574,0.012,0.022,0.005,0.02,0.051,0.01,0.103,0.123,0.009,0.527,0.002,0.905,0.036,0.154,0.389,0.371,0.011,0.005,0.007
22,0.175,0.474,0.076,0.477,0.196,0.073,0.132,0.139,0.142,0.135,0.412,0.426,0.158,0.1,0.02,0.03,0.003,0.095,0.174,0.02,0.253,0.148,1.0,0.247,0.244,0.004,0.117,0.022,0.104,0.463,0.084,0.028,0.207,0.025,0.026,0.176,0.042,1.0,0.132,0.05,0.009,0.014,0.015,0.003,0.145,0.097,0.091,0.616,0.227,0.182,0.229,0.006,0.276,0.257,0.179,0.012,0.054,0.005,0.005,0.162,0.225,0.189,0.156,0.134,0.167,0.098,0.144,0.17,0.024,0.085,0.203,0.011,0.166,0.64,0.058,0.032,0.028,0.154,0.004,0.023
23,0.167,0.418,0.042,0.415,0.638,0.191,0.628,0.302,0.662,0.267,0.592,0.584,0.256,0.015,0.006,0.084,0.069,0.009,0.04,0.142,1.0,0.017,0.247,1.0,0.94,0.089,0.115,0.255,0.035,0.384,0.268,0.318,0.012,0.107,0.003,0.639,0.33,0.254,0.618,0.267,0.089,0.007,0.013,0.006,0.017,0.113,0.11,0.148,0.039,0.67,0.226,0.012,0.973,0.235,0.143,0.227,0.0,0.027,0.021,0.225,0.042,0.009,0.282,0.38,0.282,0.139,0.363,0.065,0.105,0.032,0.096,0.007,0.012,0.156,0.028,0.034,0.04,0.384,0.005,0.334
24,0.103,0.232,0.153,0.22,0.445,0.301,0.717,0.336,0.735,0.328,0.395,0.416,0.155,0.054,0.005,0.066,0.038,0.023,0.059,0.19,0.93,0.031,0.244,0.94,1.0,0.049,0.032,0.275,0.08,0.202,0.38,0.332,0.035,0.099,0.0,0.75,0.347,0.237,0.729,0.125,0.033,0.032,0.03,0.032,0.023,0.033,0.035,0.114,0.062,0.479,0.149,0.035,0.833,0.142,0.107,0.095,0.005,0.002,0.001,0.144,0.061,0.001,0.144,0.27,0.139,0.028,0.234,0.098,0.071,0.016,0.14,0.035,0.036,0.119,0.042,0.049,0.044,0.221,0.029,0.315
25,0.019,0.035,0.116,0.028,0.051,0.002,0.006,0.055,0.005,0.042,0.061,0.074,0.146,0.485,0.031,0.952,1.0,0.225,0.013,0.049,0.081,0.102,0.004,0.089,0.049,1.0,0.106,0.204,0.009,0.023,0.106,0.234,0.328,0.263,0.231,0.019,0.247,0.007,0.005,0.252,0.168,0.008,0.013,0.002,0.083,0.112,0.113,0.079,0.047,0.068,0.097,0.005,0.104,0.112,0.024,0.151,0.01,0.185,0.189,0.04,0.048,0.06,0.139,0.019,0.151,0.117,0.014,0.062,0.94,0.007,0.207,0.008,0.15,0.082,0.08,0.123,0.103,0.02,0.008,0.229
26,0.116,0.721,0.196,0.685,0.28,0.088,0.02,0.152,0.005,0.163,0.389,0.398,0.179,0.036,0.046,0.103,0.073,0.026,0.141,0.059,0.126,0.051,0.117,0.115,0.032,0.106,1.0,0.203,0.125,0.708,0.164,0.107,0.021,0.13,0.206,0.047,0.111,0.093,0.023,0.246,0.464,0.002,0.004,0.002,0.067,1.0,1.0,0.542,0.018,0.598,0.177,0.004,0.18,0.16,0.09,0.16,0.066,0.263,0.25,0.116,0.01,0.002,0.199,0.081,0.195,1.0,0.084,0.002,0.114,0.007,0.06,0.002,0.014,0.535,0.132,0.035,0.037,0.096,0.005,0.093
27,0.025,0.123,0.01,0.12,0.29,0.461,0.204,0.177,0.186,0.173,0.056,0.062,0.008,0.123,0.095,0.273,0.203,0.111,0.212,0.371,0.244,0.043,0.022,0.255,0.275,0.204,0.203,1.0,0.0,0.11,0.465,0.571,0.143,0.715,0.003,0.2,0.59,0.015,0.205,0.056,0.141,0.111,0.112,0.116,0.052,0.191,0.208,0.117,0.044,0.239,0.066,0.119,0.249,0.068,0.039,0.018,0.002,0.013,0.011,0.016,0.047,0.087,0.007,0.208,0.004,0.211,0.176,0.365,0.285,0.0,0.217,0.118,0.033,0.12,0.006,0.33,0.319,0.197,0.101,0.573
28,0.137,0.023,0.021,0.031,0.009,0.008,0.182,0.082,0.216,0.081,0.006,0.011,0.009,0.001,0.088,0.005,0.003,0.048,0.094,0.002,0.034,0.166,0.104,0.035,0.08,0.009,0.125,0.0,1.0,0.031,0.025,0.008,0.027,0.004,0.008,0.161,0.004,0.102,0.195,0.042,0.252,0.026,0.022,0.027,0.18,0.112,0.111,0.027,0.002,0.018,0.057,0.018,0.009,0.074,0.129,0.014,0.687,0.008,0.006,0.432,0.012,0.068,0.01,0.009,0.008,0.128,0.006,0.038,0.004,0.345,0.007,0.02,0.157,0.032,0.056,0.01,0.01,0.007,0.03,0.001
29,0.168,1.0,0.01,0.999,0.451,0.158,0.034,0.113,0.034,0.106,0.853,0.843,0.356,0.003,0.039,0.036,0.025,0.05,0.101,0.055,0.353,0.004,0.463,0.384,0.202,0.023,0.708,0.11,0.031,1.0,0.048,0.121,0.032,0.017,0.062,0.074,0.12,0.446,0.034,0.264,0.151,0.028,0.017,0.02,0.006,0.732,0.719,0.708,0.149,0.764,0.269,0.016,0.472,0.268,0.152,0.219,0.056,0.136,0.117,0.155,0.173,0.02,0.35,0.231,0.36,0.731,0.253,0.071,0.036,0.046,0.203,0.021,0.026,0.694,0.027,0.013,0.024,0.22,0.03,0.117
30,0.007,0.047,0.064,0.058,0.067,0.217,0.147,0.003,0.135,0.005,0.027,0.032,0.069,0.17,0.054,0.147,0.096,0.0,0.004,0.086,0.292,0.153,0.084,0.268,0.38,0.106,0.164,0.465,0.025,0.048,1.0,0.169,0.091,0.314,0.049,0.104,0.181,0.08,0.131,0.07,0.146,0.374,0.381,0.35,0.137,0.151,0.152,0.011,0.242,0.356,0.001,0.355,0.182,0.0,0.011,0.108,0.024,0.056,0.064,0.005,0.228,0.083,0.071,0.004,0.075,0.167,0.0,0.235,0.126,0.073,0.062,0.401,0.186,0.002,0.027,0.109,0.095,0.0,0.355,0.158
31,0.007,0.117,0.096,0.138,0.186,0.65,0.195,0.226,0.175,0.193,0.15,0.138,0.024,0.044,0.004,0.227,0.219,0.057,0.161,0.359,0.301,0.003,0.028,0.318,0.332,0.234,0.107,0.571,0.008,0.121,0.169,1.0,0.034,0.27,0.063,0.296,1.0,0.026,0.184,0.054,0.083,0.196,0.2,0.195,0.006,0.104,0.103,0.094,0.16,0.195,0.071,0.217,0.311,0.078,0.008,0.012,0.014,0.092,0.099,0.01,0.142,0.073,0.029,0.129,0.021,0.104,0.143,0.467,0.201,0.001,0.154,0.2,0.032,0.088,0.04,0.141,0.138,0.133,0.233,1.0
32,0.055,0.035,0.36,0.028,0.007,0.179,0.08,0.0,0.097,0.001,0.021,0.019,0.012,0.613,0.15,0.469,0.307,0.593,0.001,0.154,0.016,0.573,0.207,0.012,0.035,0.328,0.021,0.143,0.027,0.032,0.091,0.034,1.0,0.239,0.083,0.026,0.031,0.195,0.091,0.096,0.394,0.036,0.029,0.024,0.586,0.009,0.013,0.131,0.455,0.012,0.088,0.029,0.005,0.1,0.047,0.026,0.007,0.04,0.055,0.13,0.401,0.048,0.008,0.001,0.008,0.019,0.0,0.166,0.445,0.005,0.731,0.026,0.428,0.125,0.104,0.098,0.129,0.001,0.026,0.036
33,0.046,0.014,0.064,0.016,0.213,0.14,0.053,0.14,0.067,0.122,0.005,0.01,0.023,0.114,0.034,0.259,0.262,0.15,0.141,0.173,0.108,0.274,0.025,0.107,0.099,0.263,0.13,0.715,0.004,0.017,0.314,0.27,0.239,1.0,0.058,0.08,0.272,0.022,0.061,0.073,0.364,0.044,0.029,0.021,0.285,0.145,0.141,0.065,0.2,0.111,0.128,0.032,0.102,0.141,0.053,0.015,0.009,0.033,0.042,0.044,0.213,0.071,0.023,0.144,0.038,0.128,0.186,0.123,0.243,0.014,0.147,0.029,0.276,0.068,0.1,0.644,0.652,0.158,0.028,0.295
34,0.114,0.064,0.097,0.059,0.186,0.011,0.112,0.184,0.117,0.178,0.019,0.016,0.069,0.059,0.002,0.159,0.229,0.023,0.114,0.116,0.002,0.119,0.026,0.003,0.0,0.231,0.206,0.003,0.008,0.062,0.049,0.063,0.083,0.058,1.0,0.092,0.053,0.023,0.13,0.057,0.182,0.251,0.234,0.212,0.122,0.214,0.199,0.046,0.087,0.104,0.07,0.231,0.006,0.068,0.134,0.086,0.004,0.952,0.94,0.017,0.088,0.053,0.066,0.392,0.057,0.224,0.359,0.119,0.161,0.099,0.003,0.205,0.128,0.044,0.769,0.13,0.148,0.342,0.211,0.039
35,0.194,0.06,0.151,0.065,0.305,0.237,0.922,0.742,0.912,0.771,0.21,0.195,0.2,0.031,0.009,0.04,0.03,0.024,0.328,0.365,0.646,0.009,0.176,0.639,0.75,0.019,0.047,0.2,0.161,0.074,0.104,0.296,0.026,0.08,0.092,1.0,0.24,0.189,0.947,0.223,0.014,0.005,0.006,0.006,0.012,0.055,0.052,0.221,0.059,0.123,0.225,0.006,0.557,0.216,0.189,0.244,0.069,0.112,0.108,0.069,0.058,0.006,0.186,0.352,0.221,0.06,0.317,0.105,0.024,0.039,0.094,0.005,0.018,0.253,0.117,0.06,0.054,0.292,0.005,0.279
36,0.008,0.126,0.098,0.115,0.206,0.656,0.189,0.191,0.191,0.218,0.131,0.136,0.022,0.042,0.003,0.232,0.223,0.047,0.173,0.367,0.325,0.009,0.042,0.33,0.347,0.247,0.111,0.59,0.004,0.12,0.181,1.0,0.031,0.272,0.053,0.24,1.0,0.043,0.172,0.037,0.097,0.173,0.186,0.202,0.006,0.107,0.108,0.093,0.137,0.197,0.087,0.211,0.315,0.095,0.008,0.011,0.009,0.094,0.089,0.009,0.135,0.073,0.018,0.127,0.019,0.101,0.151,0.456,0.215,0.002,0.165,0.172,0.023,0.095,0.042,0.122,0.123,0.132,0.206,1.0
37,0.169,0.442,0.099,0.443,0.19,0.07,0.124,0.133,0.137,0.126,0.424,0.46,0.158,0.089,0.019,0.028,0.009,0.118,0.181,0.032,0.235,0.149,1.0,0.254,0.237,0.007,0.093,0.015,0.102,0.446,0.08,0.026,0.195,0.022,0.023,0.189,0.043,1.0,0.129,0.041,0.008,0.016,0.007,0.002,0.151,0.096,0.121,0.616,0.216,0.156,0.229,0.006,0.26,0.234,0.174,0.017,0.04,0.005,0.01,0.155,0.224,0.201,0.161,0.13,0.151,0.106,0.14,0.155,0.039,0.077,0.204,0.012,0.17,0.638,0.046,0.032,0.033,0.142,0.005,0.035
38,0.124,0.053,0.189,0.055,0.349,0.293,1.0,0.578,1.0,0.55,0.153,0.161,0.1,0.095,0.018,0.019,0.004,0.074,0.253,0.413,0.639,0.02,0.132,0.618,0.729,0.005,0.023,0.205,0.195,0.034,0.131,0.184,0.091,0.061,0.13,0.947,0.172,0.129,1.0,0.086,0.001,0.012,0.019,0.006,0.034,0.016,0.008,0.099,0.103,0.136,0.094,0.01,0.524,0.106,0.136,0.141,0.102,0.129,0.136,0.118,0.099,0.0,0.136,0.326,0.123,0.009,0.274,0.138,0.017,0.065,0.139,0.012,0.067,0.102,0.15,0.066,0.076,0.294,0.012,0.184
39,0.128,0.284,0.076,0.286,0.185,0.005,0.08,0.403,0.096,0.416,0.341,0.356,0.632,0.206,0.009,0.215,0.262,0.052,0.235,0.0,0.221,0.007,0.05,0.267,0.125,0.252,0.246,0.056,0.042,0.264,0.07,0.054,0.096,0.073,0.057,0.223,0.037,0.041,0.086,1.0,0.039,0.138,0.141,0.122,0.01,0.251,0.24,0.347,0.007,0.282,0.411,0.131,0.349,0.439,0.159,0.723,0.038,0.118,0.106,0.187,0.012,0.001,0.654,0.234,0.638,0.228,0.195,0.003,0.216,0.032,0.059,0.132,0.023,0.362,0.028,0.019,0.028,0.177,0.127,0.059
40,0.019,0.148,0.155,0.148,0.231,0.003,0.003,0.069,0.003,0.054,0.061,0.076,0.022,0.136,0.134,0.164,0.187,0.265,0.16,0.035,0.069,0.715,0.009,0.089,0.033,0.168,0.464,0.141,0.252,0.151,0.146,0.083,0.394,0.364,0.182,0.014,0.097,0.008,0.001,0.039,1.0,0.001,0.002,0.001,0.711,0.449,0.424,0.059,0.178,0.22,0.036,0.003,0.068,0.032,0.017,0.021,0.126,0.167,0.174,0.166,0.204,0.0,0.024,0.076,0.036,0.406,0.082,0.01,0.168,0.089,0.171,0.001,0.492,0.071,0.151,0.264,0.249,0.081,0.0,0.1
41,0.032,0.025,0.191,0.026,0.066,0.146,0.013,0.045,0.01,0.041,0.034,0.03,0.273,0.207,0.132,0.032,0.009,0.041,0.066,0.006,0.001,0.004,0.014,0.007,0.032,0.008,0.002,0.111,0.026,0.028,0.374,0.196,0.036,0.044,0.251,0.005,0.173,0.016,0.012,0.138,0.001,1.0,1.0,0.993,0.002,0.006,0.009,0.016,0.092,0.028,0.007,0.989,0.0,0.006,0.031,0.308,0.158,0.365,0.334,0.024,0.093,0.02,0.262,0.154,0.262,0.004,0.167,0.168,0.024,0.2,0.02,1.0,0.003,0.014,0.152,0.043,0.05,0.145,0.997,0.195
42,0.029,0.011,0.164,0.019,0.052,0.164,0.006,0.033,0.013,0.041,0.024,0.025,0.242,0.196,0.144,0.026,0.011,0.052,0.07,0.016,0.007,0.003,0.015,0.013,0.03,0.013,0.004,0.112,0.022,0.017,0.381,0.2,0.029,0.029,0.234,0.006,0.186,0.007,0.019,0.141,0.002,1.0,1.0,0.99,0.004,0.002,0.005,0.016,0.08,0.029,0.007,0.992,0.0,0.004,0.026,0.293,0.173,0.39,0.349,0.027,0.09,0.028,0.26,0.161,0.244,0.006,0.162,0.177,0.02,0.195,0.016,1.0,0.001,0.012,0.155,0.042,0.046,0.172,0.992,0.196
43,0.018,0.026,0.212,0.018,0.042,0.169,0.015,0.045,0.013,0.04,0.02,0.018,0.251,0.225,0.126,0.017,0.011,0.078,0.075,0.011,0.007,0.004,0.003,0.006,0.032,0.002,0.002,0.116,0.027,0.02,0.35,0.195,0.024,0.021,0.212,0.006,0.202,0.002,0.006,0.122,0.001,0.993,0.99,1.0,0.004,0.002,0.004,0.011,0.087,0.022,0.009,1.0,0.001,0.008,0.019,0.325,0.152,0.351,0.329,0.028,0.079,0.007,0.23,0.113,0.248,0.006,0.111,0.182,0.028,0.24,0.011,0.995,0.005,0.013,0.126,0.048,0.05,0.121,1.0,0.258
44,0.072,0.01,0.092,0.008,0.056,0.084,0.034,0.001,0.034,0.001,0.016,0.014,0.014,0.133,0.341,0.106,0.072,0.534,0.021,0.075,0.014,1.0,0.145,0.017,0.023,0.083,0.067,0.052,0.18,0.006,0.137,0.006,0.586,0.285,0.122,0.012,0.006,0.151,0.034,0.01,0.711,0.002,0.004,0.004,1.0,0.043,0.061,0.034,0.568,0.012,0.029,0.003,0.005,0.017,0.083,0.02,0.054,0.069,0.086,0.087,0.549,0.019,0.015,0.009,0.022,0.064,0.003,0.069,0.118,0.01,0.539,0.001,0.906,0.027,0.156,0.404,0.373,0.006,0.005,0.008
45,0.104,0.711,0.189,0.68,0.284,0.08,0.012,0.154,0.008,0.157,0.405,0.406,0.185,0.039,0.05,0.108,0.09,0.023,0.143,0.051,0.148,0.055,0.097,0.113,0.033,0.112,1.0,0.191,0.112,0.732,0.151,0.104,0.009,0.145,0.214,0.055,0.107,0.096,0.016,0.251,0.449,0.006,0.002,0.002,0.043,1.0,1.0,0.545,0.018,0.627,0.17,0.004,0.191,0.186,0.11,0.175,0.062,0.242,0.242,0.106,0.022,0.005,0.224,0.08,0.215,1.0,0.076,0.002,0.102,0.013,0.07,0.004,0.019,0.563,0.101,0.034,0.038,0.082,0.003,0.094
46,0.095,0.718,0.218,0.698,0.292,0.092,0.013,0.167,0.017,0.165,0.389,0.407,0.17,0.023,0.057,0.106,0.1,0.027,0.138,0.054,0.12,0.06,0.091,0.11,0.035,0.113,1.0,0.208,0.111,0.719,0.152,0.103,0.013,0.141,0.199,0.052,0.108,0.121,0.008,0.24,0.424,0.009,0.005,0.004,0.061,1.0,1.0,0.537,0.02,0.6,0.197,0.004,0.17,0.182,0.092,0.163,0.069,0.234,0.239,0.115,0.027,0.003,0.188,0.086,0.199,1.0,0.089,0.001,0.117,0.015,0.079,0.004,0.021,0.559,0.108,0.041,0.027,0.102,0.005,0.107
47,0.32,0.678,0.003,0.686,0.209,0.113,0.105,0.403,0.095,0.408,0.446,0.444,0.166,0.052,0.053,0.14,0.074,0.157,0.34,0.054,0.144,0.027,0.616,0.148,0.114,0.079,0.542,0.117,0.027,0.708,0.011,0.094,0.131,0.065,0.046,0.221,0.093,0.616,0.099,0.347,0.059,0.016,0.016,0.011,0.034,0.545,0.537,1.0,0.101,0.324,0.477,0.01,0.216,0.495,0.307,0.148,0.086,0.093,0.099,0.201,0.103,0.085,0.185,0.111,0.172,0.528,0.108,0.087,0.142,0.028,0.305,0.015,0.04,1.0,0.013,0.058,0.055,0.113,0.01,0.089
48,0.026,0.172,0.159,0.171,0.029,0.289,0.11,0.01,0.095,0.008,0.214,0.208,0.136,0.124,0.069,0.002,0.037,0.162,0.002,0.138,0.044,0.553,0.227,0.039,0.062,0.047,0.018,0.044,0.002,0.149,0.242,0.16,0.455,0.2,0.087,0.059,0.137,0.216,0.103,0.007,0.178,0.092,0.08,0.087,0.568,0.018,0.02,0.101,1.0,0.043,0.017,0.092,0.061,0.022,0.017,0.05,0.015,0.044,0.048,0.024,1.0,0.025,0.14,0.008,0.137,0.023,0.021,0.231,0.002,0.033,0.496,0.096,0.702,0.113,0.212,0.266,0.255,0.008,0.08,0.132
49,0.086,0.772,0.014,0.765,0.465,0.089,0.134,0.05,0.158,0.049,0.71,0.699,0.21,0.015,0.054,0.087,0.077,0.014,0.016,0.041,0.64,0.012,0.182,0.67,0.479,0.068,0.598,0.239,0.018,0.764,0.356,0.195,0.012,0.111,0.104,0.123,0.197,0.156,0.136,0.282,0.22,0.028,0.029,0.022,0.012,0.627,0.6,0.324,0.043,1.0,0.148,0.041,0.694,0.158,0.084,0.198,0.013,0.137,0.14,0.165,0.052,0.018,0.23,0.176,0.223,0.605,0.159,0.012,0.086,0.0,0.1,0.03,0.004,0.309,0.09,0.002,0.001,0.187,0.032,0.2
50,0.633,0.26,0.0,0.253,0.243,0.052,0.102,0.502,0.093,0.518,0.191,0.235,0.154,0.044,0.117,0.115,0.116,0.229,0.326,0.058,0.227,0.027,0.229,0.226,0.149,0.097,0.177,0.066,0.057,0.269,0.001,0.071,0.088,0.128,0.07,0.225,0.087,0.229,0.094,0.411,0.036,0.007,0.007,0.009,0.029,0.17,0.197,0.477,0.017,0.148,1.0,0.009,0.257,1.0,0.646,0.125,0.076,0.101,0.112,0.722,0.018,0.142,0.14,0.233,0.146,0.162,0.229,0.079,0.09,0.188,0.102,0.011,0.002,0.515,0.012,0.137,0.125,0.24,0.008,0.094
51,0.025,0.013,0.191,0.013,0.041,0.172,0.007,0.037,0.012,0.032,0.028,0.021,0.222,0.2,0.133,0.023,0.007,0.059,0.083,0.006,0.008,0.004,0.006,0.012,0.035,0.005,0.004,0.119,0.018,0.016,0.355,0.217,0.029,0.032,0.231,0.006,0.211,0.006,0.01,0.131,0.003,0.989,0.992,1.0,0.003,0.004,0.004,0.01,0.092,0.041,0.009,1.0,0.0,0.007,0.038,0.294,0.161,0.347,0.325,0.026,0.103,0.01,0.24,0.107,0.222,0.007,0.123,0.177,0.024,0.205,0.011,0.99,0.002,0.016,0.139,0.044,0.04,0.118,1.0,0.21
52,0.202,0.532,0.017,0.529,0.701,0.138,0.512,0.315,0.539,0.317,0.725,0.731,0.387,0.005,0.004,0.08,0.104,0.006,0.05,0.117,0.969,0.006,0.276,0.973,0.833,0.104,0.18,0.249,0.009,0.472,0.182,0.311,0.005,0.102,0.006,0.557,0.315,0.26,0.524,0.349,0.068,0.0,0.0,0.001,0.005,0.191,0.17,0.216,0.061,0.694,0.257,0.0,1.0,0.283,0.21,0.277,0.001,0.045,0.034,0.238,0.062,0.013,0.371,0.449,0.391,0.201,0.449,0.038,0.078,0.053,0.071,0.003,0.0,0.211,0.007,0.015,0.022,0.446,0.001,0.343
53,0.651,0.255,0.0,0.234,0.25,0.065,0.101,0.499,0.099,0.494,0.203,0.195,0.142,0.036,0.12,0.104,0.116,0.208,0.307,0.058,0.214,0.025,0.257,0.235,0.142,0.112,0.16,0.068,0.074,0.268,0.0,0.078,0.1,0.141,0.068,0.216,0.095,0.234,0.106,0.439,0.032,0.006,0.004,0.008,0.017,0.186,0.182,0.495,0.022,0.158,1.0,0.007,0.283,1.0,0.654,0.131,0.073,0.123,0.108,0.757,0.014,0.15,0.149,0.251,0.16,0.166,0.222,0.075,0.123,0.195,0.099,0.004,0.004,0.518,0.012,0.144,0.14,0.227,0.005,0.104
54,1.0,0.146,0.017,0.158,0.239,0.045,0.122,0.32,0.13,0.305,0.127,0.143,0.154,0.01,0.272,0.013,0.024,0.195,0.167,0.042,0.152,0.083,0.179,0.143,0.107,0.024,0.09,0.039,0.129,0.152,0.011,0.008,0.047,0.053,0.134,0.189,0.008,0.174,0.136,0.159,0.017,0.031,0.026,0.019,0.083,0.11,0.092,0.307,0.017,0.084,0.646,0.038,0.21,0.654,1.0,0.149,0.064,0.211,0.229,0.604,0.025,0.308,0.167,0.253,0.17,0.099,0.311,0.03,0.02,0.364,0.06,0.036,0.044,0.284,0.046,0.115,0.099,0.303,0.025,0.006
55,0.158,0.221,0.092,0.208,0.211,0.02,0.135,0.26,0.117,0.228,0.383,0.375,0.896,0.153,0.005,0.137,0.133,0.009,0.105,0.001,0.225,0.013,0.012,0.227,0.095,0.151,0.16,0.018,0.014,0.219,0.108,0.012,0.026,0.015,0.086,0.244,0.011,0.017,0.141,0.723,0.021,0.308,0.293,0.325,0.02,0.175,0.163,0.148,0.05,0.198,0.125,0.294,0.277,0.131,0.149,1.0,0.162,0.176,0.187,0.061,0.057,0.003,0.917,0.215,0.865,0.187,0.235,0.013,0.136,0.317,0.012,0.338,0.021,0.143,0.025,0.02,0.009,0.186,0.294,0.012
56,0.068,0.045,0.017,0.055,0.031,0.006,0.096,0.119,0.079,0.123,0.015,0.015,0.055,0.029,0.048,0.014,0.01,0.005,0.227,0.002,0.0,0.043,0.054,0.0,0.005,0.01,0.066,0.002,0.687,0.056,0.024,0.014,0.007,0.009,0.004,0.069,0.009,0.04,0.102,0.038,0.126,0.158,0.173,0.152,0.054,0.062,0.069,0.086,0.015,0.013,0.076,0.161,0.001,0.073,0.064,0.162,1.0,0.049,0.045,0.292,0.011,0.038,0.056,0.002,0.055,0.066,0.004,0.019,0.015,0.732,0.019,0.156,0.044,0.082,0.006,0.007,0.001,0.005,0.181,0.007
57,0.226,0.121,0.081,0.123,0.23,0.006,0.115,0.223,0.129,0.221,0.039,0.053,0.118,0.014,0.0,0.15,0.179,0.027,0.199,0.061,0.032,0.099,0.005,0.027,0.002,0.185,0.263,0.013,0.008,0.136,0.056,0.092,0.04,0.033,0.952,0.112,0.094,0.005,0.129,0.118,0.167,0.365,0.39,0.351,0.069,0.242,0.234,0.093,0.044,0.137,0.101,0.347,0.045,0.123,0.211,0.176,0.049,1.0,1.0,0.046,0.037,0.023,0.127,0.377,0.14,0.26,0.352,0.035,0.135,0.162,0.002,0.324,0.076,0.112,0.596,0.067,0.098,0.393,0.347,0.093
58,0.237,0.114,0.076,0.116,0.222,0.006,0.128,0.251,0.15,0.235,0.042,0.049,0.118,0.01,0.0,0.156,0.197,0.028,0.166,0.059,0.019,0.086,0.005,0.021,0.001,0.189,0.25,0.011,0.006,0.117,0.064,0.099,0.055,0.042,0.94,0.108,0.089,0.01,0.136,0.106,0.174,0.334,0.349,0.329,0.086,0.242,0.239,0.099,0.048,0.14,0.112,0.325,0.034,0.108,0.229,0.187,0.045,1.0,1.0,0.057,0.043,0.022,0.122,0.358,0.141,0.258,0.375,0.038,0.158,0.161,0.001,0.338,0.089,0.087,0.607,0.086,0.079,0.358,0.321,0.095
59,0.607,0.176,0.015,0.167,0.285,0.018,0.118,0.103,0.108,0.109,0.172,0.166,0.097,0.025,0.143,0.034,0.031,0.226,0.031,0.003,0.194,0.08,0.162,0.225,0.144,0.04,0.116,0.016,0.432,0.155,0.005,0.01,0.13,0.044,0.017,0.069,0.009,0.155,0.118,0.187,0.166,0.024,0.027,0.028,0.087,0.106,0.115,0.201,0.024,0.165,0.722,0.026,0.238,0.757,0.604,0.061,0.292,0.046,0.057,1.0,0.022,0.084,0.089,0.172,0.08,0.102,0.151,0.06,0.039,0.454,0.049,0.024,0.018,0.219,0.003,0.058,0.074,0.126,0.036,0.02
60,0.014,0.162,0.169,0.141,0.017,0.289,0.099,0.011,0.105,0.017,0.23,0.212,0.157,0.125,0.054,0.001,0.062,0.193,0.003,0.151,0.036,0.574,0.225,0.042,0.061,0.048,0.01,0.047,0.012,0.173,0.228,0.142,0.401,0.213,0.088,0.058,0.135,0.224,0.099,0.012,0.204,0.093,0.09,0.079,0.549,0.022,0.027,0.103,1.0,0.052,0.018,0.103,0.062,0.014,0.025,0.057,0.011,0.037,0.043,0.022,1.0,0.026,0.135,0.009,0.149,0.015,0.01,0.25,0.001,0.033,0.515,0.085,0.713,0.088,0.243,0.279,0.273,0.011,0.09,0.148
61,0.297,0.013,0.101,0.016,0.167,0.197,0.002,0.072,0.003,0.099,0.006,0.008,0.016,0.12,0.0,0.053,0.057,0.005,0.317,0.217,0.011,0.012,0.189,0.009,0.001,0.06,0.002,0.087,0.068,0.02,0.083,0.073,0.048,0.071,0.053,0.006,0.073,0.201,0.0,0.001,0.0,0.02,0.028,0.007,0.019,0.005,0.003,0.085,0.025,0.018,0.142,0.01,0.013,0.15,0.308,0.003,0.038,0.023,0.022,0.084,0.026,1.0,0.005,0.222,0.009,0.002,0.269,0.224,0.06,0.031,0.007,0.025,0.026,0.088,0.27,0.133,0.162,0.262,0.017,0.075
62,0.155,0.375,0.065,0.379,0.312,0.031,0.135,0.197,0.142,0.163,0.605,0.574,1.0,0.065,0.008,0.106,0.125,0.011,0.032,0.006,0.276,0.022,0.156,0.282,0.144,0.139,0.199,0.007,0.01,0.35,0.071,0.029,0.008,0.023,0.066,0.186,0.018,0.161,0.136,0.654,0.024,0.262,0.26,0.23,0.015,0.224,0.188,0.185,0.14,0.23,0.14,0.24,0.371,0.149,0.167,0.917,0.056,0.127,0.122,0.089,0.135,0.005,1.0,0.281,1.0,0.187,0.243,0.046,0.104,0.237,0.009,0.255,0.053,0.159,0.01,0.025,0.03,0.299,0.235,0.019
63,0.28,0.226,0.006,0.216,0.833,0.16,0.306,0.332,0.331,0.299,0.295,0.283,0.312,0.009,0.01,0.012,0.019,0.021,0.062,0.228,0.386,0.005,0.134,0.38,0.27,0.019,0.081,0.208,0.009,0.231,0.004,0.129,0.001,0.144,0.392,0.352,0.127,0.13,0.326,0.234,0.076,0.154,0.161,0.113,0.009,0.08,0.086,0.111,0.008,0.176,0.233,0.107,0.449,0.251,0.253,0.215,0.002,0.377,0.358,0.172,0.009,0.222,0.281,1.0,0.3,0.081,0.995,0.15,0.014,0.137,0.022,0.13,0.004,0.099,0.303,0.136,0.127,0.992,0.122,0.129
64,0.167,0.362,0.051,0.338,0.315,0.028,0.146,0.203,0.117,0.186,0.592,0.605,1.0,0.063,0.014,0.086,0.142,0.015,0.035,0.004,0.258,0.02,0.167,0.282,0.139,0.151,0.195,0.004,0.008,0.36,0.075,0.021,0.008,0.038,0.057,0.221,0.019,0.151,0.123,0.638,0.036,0.262,0.244,0.248,0.022,0.215,0.199,0.172,0.137,0.223,0.146,0.222,0.391,0.16,0.17,0.865,0.055,0.14,0.141,0.08,0.149,0.009,1.0,0.3,1.0,0.201,0.281,0.039,0.095,0.259,0.013,0.259,0.047,0.164,0.019,0.034,0.023,0.298,0.234,0.023
65,0.099,0.719,0.198,0.68,0.275,0.08,0.014,0.146,0.009,0.15,0.402,0.408,0.211,0.035,0.051,0.12,0.099,0.017,0.141,0.062,0.121,0.051,0.098,0.139,0.028,0.117,1.0,0.211,0.128,0.731,0.167,0.104,0.019,0.128,0.224,0.06,0.101,0.106,0.009,0.228,0.406,0.004,0.006,0.006,0.064,1.0,1.0,0.528,0.023,0.605,0.162,0.007,0.201,0.166,0.099,0.187,0.066,0.26,0.258,0.102,0.015,0.002,0.187,0.081,0.201,1.0,0.087,0.003,0.112,0.011,0.076,0.003,0.021,0.539,0.124,0.032,0.039,0.106,0.007,0.11
66,0.255,0.243,0.002,0.215,0.839,0.16,0.3,0.276,0.307,0.258,0.29,0.287,0.311,0.008,0.009,0.011,0.009,0.025,0.027,0.21,0.353,0.01,0.144,0.363,0.234,0.014,0.084,0.176,0.006,0.253,0.0,0.143,0.0,0.186,0.359,0.317,0.151,0.14,0.274,0.195,0.082,0.167,0.162,0.111,0.003,0.076,0.089,0.108,0.021,0.159,0.229,0.123,0.449,0.222,0.311,0.235,0.004,0.352,0.375,0.151,0.01,0.269,0.243,0.995,0.281,0.087,1.0,0.124,0.015,0.133,0.038,0.16,0.0,0.118,0.351,0.152,0.144,1.0,0.11,0.12
67,0.034,0.06,0.224,0.066,0.099,0.796,0.135,0.127,0.116,0.114,0.063,0.065,0.04,0.315,0.018,0.077,0.048,0.032,0.117,0.62,0.056,0.103,0.17,0.065,0.098,0.062,0.002,0.365,0.038,0.071,0.235,0.467,0.166,0.123,0.119,0.105,0.456,0.155,0.138,0.003,0.01,0.168,0.177,0.182,0.069,0.002,0.001,0.087,0.231,0.012,0.079,0.177,0.038,0.075,0.03,0.013,0.019,0.035,0.038,0.06,0.25,0.224,0.046,0.15,0.039,0.003,0.124,1.0,0.101,0.008,0.142,0.172,0.13,0.1,0.079,0.15,0.164,0.131,0.19,0.441
68,0.018,0.037,0.119,0.033,0.062,0.028,0.015,0.044,0.025,0.042,0.038,0.041,0.099,0.574,0.059,1.0,0.935,0.336,0.013,0.045,0.076,0.123,0.024,0.105,0.071,0.94,0.114,0.285,0.004,0.036,0.126,0.201,0.445,0.243,0.161,0.024,0.215,0.039,0.017,0.216,0.168,0.024,0.02,0.028,0.118,0.102,0.117,0.142,0.002,0.086,0.09,0.024,0.078,0.123,0.02,0.136,0.015,0.135,0.158,0.039,0.001,0.06,0.104,0.014,0.095,0.112,0.015,0.101,1.0,0.008,0.41,0.025,0.078,0.138,0.051,0.072,0.069,0.014,0.024,0.223
69,0.366,0.054,0.078,0.035,0.172,0.011,0.078,0.011,0.064,0.011,0.062,0.045,0.226,0.057,0.098,0.016,0.01,0.032,0.061,0.0,0.023,0.009,0.085,0.032,0.016,0.007,0.007,0.0,0.345,0.046,0.073,0.001,0.005,0.014,0.099,0.039,0.002,0.077,0.065,0.032,0.089,0.2,0.195,0.24,0.01,0.013,0.015,0.028,0.033,0.0,0.188,0.205,0.053,0.195,0.364,0.317,0.732,0.162,0.161,0.454,0.033,0.031,0.237,0.137,0.259,0.011,0.133,0.008,0.008,1.0,0.011,0.198,0.001,0.021,0.04,0.024,0.02,0.152,0.223,0.002
70,0.06,0.178,0.077,0.191,0.06,0.249,0.163,0.044,0.153,0.043,0.083,0.102,0.008,0.312,0.313,0.415,0.168,0.692,0.018,0.158,0.089,0.527,0.203,0.096,0.14,0.207,0.06,0.217,0.007,0.203,0.062,0.154,0.731,0.147,0.003,0.094,0.165,0.204,0.139,0.059,0.171,0.02,0.016,0.011,0.539,0.07,0.079,0.305,0.496,0.1,0.102,0.011,0.071,0.099,0.06,0.012,0.019,0.002,0.001,0.049,0.515,0.007,0.009,0.022,0.013,0.076,0.038,0.142,0.41,0.011,1.0,0.013,0.419,0.292,0.075,0.163,0.141,0.022,0.011,0.165
71,0.021,0.024,0.19,0.024,0.049,0.173,0.006,0.05,0.008,0.046,0.024,0.028,0.238,0.211,0.141,0.023,0.009,0.042,0.069,0.009,0.008,0.002,0.011,0.007,0.035,0.008,0.002,0.118,0.02,0.021,0.401,0.2,0.026,0.029,0.205,0.005,0.172,0.012,0.012,0.132,0.001,1.0,1.0,0.995,0.001,0.004,0.004,0.015,0.096,0.03,0.011,0.99,0.003,0.004,0.036,0.338,0.156,0.324,0.338,0.024,0.085,0.025,0.255,0.13,0.259,0.003,0.16,0.172,0.025,0.198,0.013,1.0,0.001,0.021,0.15,0.054,0.048,0.157,0.989,0.198
72,0.058,0.027,0.06,0.031,0.028,0.116,0.077,0.003,0.083,0.001,0.072,0.052,0.066,0.066,0.217,0.075,0.124,0.312,0.006,0.113,0.011,0.905,0.166,0.012,0.036,0.15,0.014,0.033,0.157,0.026,0.186,0.032,0.428,0.276,0.128,0.018,0.023,0.17,0.067,0.023,0.492,0.003,0.001,0.005,0.906,0.019,0.021,0.04,0.702,0.004,0.002,0.002,0.0,0.004,0.044,0.021,0.044,0.076,0.089,0.018,0.713,0.026,0.053,0.004,0.047,0.021,0.0,0.13,0.078,0.001,0.419,0.001,1.0,0.059,0.181,0.406,0.423,0.003,0.005,0.028
73,0.272,0.696,0.003,0.685,0.188,0.13,0.092,0.391,0.086,0.397,0.456,0.455,0.135,0.052,0.055,0.132,0.06,0.156,0.362,0.057,0.167,0.036,0.64,0.156,0.119,0.082,0.535,0.12,0.032,0.694,0.002,0.088,0.125,0.068,0.044,0.253,0.095,0.638,0.102,0.362,0.071,0.014,0.012,0.013,0.027,0.563,0.559,1.0,0.113,0.309,0.515,0.016,0.211,0.518,0.284,0.143,0.082,0.112,0.087,0.219,0.088,0.088,0.159,0.099,0.164,0.539,0.118,0.1,0.138,0.021,0.292,0.021,0.059,1.0,0.016,0.058,0.055,0.099,0.013,0.09
74,0.044,0.027,0.101,0.018,0.109,0.023,0.162,0.095,0.135,0.089,0.013,0.021,0.017,0.043,0.035,0.057,0.111,0.063,0.037,0.05,0.023,0.154,0.058,0.028,0.042,0.08,0.132,0.006,0.056,0.027,0.027,0.04,0.104,0.1,0.769,0.117,0.042,0.046,0.15,0.028,0.151,0.152,0.155,0.126,0.156,0.101,0.108,0.013,0.212,0.09,0.012,0.139,0.007,0.012,0.046,0.025,0.006,0.596,0.607,0.003,0.243,0.27,0.01,0.303,0.019,0.124,0.351,0.079,0.051,0.04,0.075,0.15,0.181,0.016,1.0,0.248,0.263,0.307,0.128,0.03
75,0.1,0.018,0.024,0.013,0.126,0.176,0.098,0.102,0.099,0.079,0.017,0.019,0.032,0.004,0.19,0.06,0.132,0.258,0.054,0.227,0.03,0.389,0.032,0.034,0.049,0.123,0.035,0.33,0.01,0.013,0.109,0.141,0.098,0.644,0.13,0.06,0.122,0.032,0.066,0.019,0.264,0.043,0.042,0.048,0.404,0.034,0.041,0.058,0.266,0.002,0.137,0.044,0.015,0.144,0.115,0.02,0.007,0.067,0.086,0.058,0.279,0.133,0.025,0.136,0.034,0.032,0.152,0.15,0.072,0.024,0.163,0.054,0.406,0.058,0.248,1.0,1.0,0.138,0.054,0.121
76,0.112,0.016,0.024,0.012,0.138,0.195,0.076,0.106,0.099,0.1,0.021,0.014,0.023,0.004,0.186,0.075,0.135,0.264,0.066,0.227,0.03,0.371,0.028,0.04,0.044,0.103,0.037,0.319,0.01,0.024,0.095,0.138,0.129,0.652,0.148,0.054,0.123,0.033,0.076,0.028,0.249,0.05,0.046,0.05,0.373,0.038,0.027,0.055,0.255,0.001,0.125,0.04,0.022,0.14,0.099,0.009,0.001,0.098,0.079,0.074,0.273,0.162,0.03,0.127,0.023,0.039,0.144,0.164,0.069,0.02,0.141,0.048,0.423,0.055,0.263,1.0,1.0,0.146,0.044,0.151
77,0.249,0.261,0.008,0.219,0.85,0.176,0.303,0.269,0.297,0.263,0.287,0.305,0.294,0.006,0.011,0.009,0.015,0.022,0.03,0.213,0.349,0.011,0.154,0.384,0.221,0.02,0.096,0.197,0.007,0.22,0.0,0.133,0.001,0.158,0.342,0.292,0.132,0.142,0.294,0.177,0.081,0.145,0.172,0.121,0.006,0.082,0.102,0.113,0.008,0.187,0.24,0.118,0.446,0.227,0.303,0.186,0.005,0.393,0.358,0.126,0.011,0.262,0.299,0.992,0.298,0.106,1.0,0.131,0.014,0.152,0.022,0.157,0.003,0.099,0.307,0.138,0.146,1.0,0.125,0.137
78,0.025,0.018,0.213,0.014,0.043,0.177,0.01,0.038,0.012,0.044,0.018,0.022,0.233,0.227,0.131,0.025,0.004,0.058,0.078,0.008,0.007,0.005,0.004,0.005,0.029,0.008,0.005,0.101,0.03,0.03,0.355,0.233,0.026,0.028,0.211,0.005,0.206,0.005,0.012,0.127,0.0,0.997,0.992,1.0,0.005,0.003,0.005,0.01,0.08,0.032,0.008,1.0,0.001,0.005,0.025,0.294,0.181,0.347,0.321,0.036,0.09,0.017,0.235,0.122,0.234,0.007,0.11,0.19,0.024,0.223,0.011,0.989,0.005,0.013,0.128,0.054,0.044,0.125,1.0,0.228
79,0.006,0.139,0.107,0.122,0.183,0.643,0.166,0.194,0.157,0.198,0.141,0.124,0.027,0.034,0.004,0.225,0.231,0.061,0.163,0.35,0.345,0.007,0.023,0.334,0.315,0.229,0.093,0.573,0.001,0.117,0.158,1.0,0.036,0.295,0.039,0.279,1.0,0.035,0.184,0.059,0.1,0.195,0.196,0.258,0.008,0.094,0.107,0.089,0.132,0.2,0.094,0.21,0.343,0.104,0.006,0.012,0.007,0.093,0.095,0.02,0.148,0.075,0.019,0.129,0.023,0.11,0.12,0.441,0.223,0.002,0.165,0.198,0.028,0.09,0.03,0.121,0.151,0.137,0.228,1.0
